0 0.169922 0.279861 0.063281 0.106944
0 0.523828 0.229167 0.049219 0.161111
0 0.115625 0.625694 0.035937 0.115278
0 0.137891 0.188194 0.030469 0.093056
0 0.126172 0.815972 0.028906 0.126389
0 0.156250 0.836806 0.031250 0.095833
0 0.751563 0.252778 0.040625 0.116667
0 0.108984 0.297917 0.052344 0.095833
0 0.566016 0.582639 0.050781 0.145833
0 0.167578 0.120139 0.064844 0.079167
0 0.396484 0.377083 0.047656 0.123611
0 0.695703 0.314583 0.069531 0.079167
0 0.341406 0.627083 0.046875 0.140278
0 0.584375 0.301389 0.087500 0.094444
0 0.866406 0.553472 0.029687 0.090278
0 0.861328 0.585417 0.053906 0.073611
0 0.705078 0.659722 0.074219 0.072222
0 0.652344 0.846528 0.053125 0.073611
0 0.470313 0.744444 0.059375 0.091667
0 0.875391 0.618750 0.046094 0.070833
0 0.574219 0.061806 0.062500 0.076389
0 0.459375 0.309722 0.079687 0.094444
0 0.400391 0.758333 0.055469 0.130556
0 0.118359 0.530556 0.053906 0.086111
0 0.692578 0.161806 0.060156 0.109722
0 0.483984 0.245139 0.046094 0.101389
0 0.107813 0.204167 0.032813 0.072222
