0 0.240285 0.128765 0.0528052 0.138368
0 0.565374 0.347101 0.0918043 0.100159
0 0.136438 0.260124 0.0471458 0.114887
0 0.483954 0.185882 0.0805627 0.0972536
0 0.359839 0.286922 0.0617898 0.135472
0 0.857882 0.774731 0.0541758 0.0923937
0 0.299389 0.423075 0.0730439 0.090381
0 0.599775 0.717758 0.0539449 0.118776
0 0.415471 0.570554 0.0699364 0.0837472
0 0.551926 0.734718 0.0540339 0.107251
0 0.418867 0.727993 0.0802887 0.0777103
0 0.206237 0.539288 0.0540267 0.12695
0 0.523014 0.548938 0.0622772 0.117454
0 0.507481 0.762514 0.0431921 0.11805
0 0.471197 0.553653 0.0590159 0.147885
0 0.278228 0.219977 0.0473155 0.142927
0 0.349767 0.620307 0.0549425 0.151607
0 0.222256 0.247758 0.072417 0.111651
0 0.362015 0.398078 0.0619853 0.120284
0 0.17618 0.638644 0.059148 0.119209
0 0.681121 0.737877 0.0528279 0.132335
0 0.525281 0.272786 0.0423498 0.138945
0 0.194676 0.138592 0.0606798 0.101453
0 0.817399 0.431571 0.0649315 0.0722592
0 0.158038 0.702846 0.0638808 0.0912304
0 0.132487 0.185203 0.0503783 0.0590319
