0 0.123047 0.693056 0.044531 0.058333
0 0.483594 0.596528 0.045312 0.109722
0 0.269141 0.481944 0.053906 0.086111
0 0.236328 0.520833 0.047656 0.072222
0 0.131250 0.565972 0.051562 0.087500
0 0.133984 0.745833 0.057031 0.080556
0 0.619922 0.706250 0.044531 0.134722
0 0.405078 0.620139 0.041406 0.123611
0 0.887891 0.683333 0.050781 0.066667
0 0.896875 0.113194 0.026562 0.040278
0 0.507422 0.650000 0.074219 0.083333
0 0.842969 0.066667 0.042188 0.052778
0 0.353906 0.663889 0.062500 0.091667
0 0.887500 0.729167 0.040625 0.083333
0 0.875000 0.307639 0.035937 0.087500
0 0.882031 0.385417 0.039062 0.095833
0 0.862891 0.252778 0.041406 0.102778
0 0.922266 0.767361 0.047656 0.059722
0 0.892578 0.258333 0.038281 0.080556
0 0.820312 0.150000 0.043750 0.083333
0 0.810937 0.083333 0.060937 0.075000
0 0.748828 0.636806 0.055469 0.059722
0 0.874609 0.072222 0.033594 0.058333
0 0.746484 0.121528 0.063281 0.076389
0 0.119922 0.646528 0.046094 0.056944
0 0.513672 0.315972 0.063281 0.079167
0 0.855469 0.100000 0.045312 0.094444
0 0.882422 0.132639 0.057031 0.070833
