0 0.164844 0.304167 0.039062 0.177778
0 0.341016 0.093750 0.052344 0.098611
0 0.116797 0.607639 0.036719 0.131944
0 0.128906 0.915278 0.054688 0.072222
0 0.153516 0.831250 0.033594 0.084722
0 0.496875 0.729167 0.048438 0.113889
0 0.108984 0.426389 0.039844 0.127778
0 0.412109 0.554861 0.066406 0.101389
0 0.173437 0.114583 0.057813 0.090278
0 0.368359 0.288889 0.074219 0.111111
0 0.678906 0.851389 0.043750 0.105556
0 0.341797 0.681944 0.042969 0.130556
0 0.567187 0.308333 0.084375 0.094444
0 0.871094 0.547222 0.042188 0.077778
0 0.854297 0.597222 0.046094 0.100000
0 0.700000 0.654861 0.057813 0.087500
0 0.375781 0.804167 0.054688 0.088889
0 0.571094 0.718056 0.046875 0.113889
0 0.653125 0.111806 0.064062 0.059722
0 0.539844 0.101389 0.050000 0.136111
0 0.401953 0.746528 0.058594 0.118056
0 0.144531 0.420139 0.043750 0.115278
0 0.687891 0.161111 0.067969 0.097222
0 0.385547 0.081944 0.039844 0.119444
0 0.104297 0.197222 0.041406 0.069444
0 0.875000 0.621528 0.045312 0.084722
0 0.142969 0.184028 0.034375 0.109722
