0 0.147656 0.581944 0.071875 0.091667
0 0.224609 0.272222 0.080469 0.100000
0 0.697656 0.190278 0.065625 0.150000
0 0.612109 0.627778 0.066406 0.130556
0 0.456250 0.361111 0.065625 0.141667
0 0.688672 0.105556 0.066406 0.150000
0 0.809766 0.679861 0.075781 0.123611
0 0.853125 0.354861 0.056250 0.184722
0 0.763281 0.443056 0.064062 0.163889
0 0.158203 0.227778 0.055469 0.161111
0 0.152734 0.106944 0.085156 0.100000
0 0.293750 0.547222 0.068750 0.163889
0 0.341016 0.604861 0.047656 0.131944
0 0.885547 0.179861 0.060156 0.151389
0 0.315234 0.043750 0.072656 0.084722
0 0.731250 0.718056 0.071875 0.113889
0 0.443750 0.240278 0.065625 0.102778
