0 0.198437 0.462500 0.073438 0.108333
0 0.217969 0.247917 0.039062 0.112500
0 0.372656 0.586111 0.082812 0.141667
0 0.297656 0.404167 0.065625 0.163889
0 0.142969 0.421528 0.046875 0.098611
0 0.129688 0.501389 0.062500 0.125000
0 0.177344 0.357639 0.060937 0.154167
0 0.278125 0.277083 0.071875 0.112500
0 0.431250 0.293750 0.093750 0.106944
0 0.215234 0.127083 0.088281 0.106944
0 0.146484 0.215972 0.057031 0.129167
0 0.305859 0.050000 0.100781 0.097222
0 0.909766 0.274306 0.061719 0.120833
0 0.780469 0.372917 0.082812 0.115278
0 0.803125 0.758333 0.065625 0.127778
0 0.860547 0.747222 0.058594 0.113889
0 0.869922 0.375694 0.057031 0.129167
0 0.681641 0.104861 0.057031 0.148611
0 0.605469 0.746528 0.079687 0.095833
