0 0.702734 0.093750 0.039844 0.101389
0 0.737109 0.077778 0.033594 0.108333
0 0.805469 0.136111 0.032813 0.094444
0 0.773047 0.196528 0.042969 0.095833
0 0.878125 0.274306 0.060937 0.076389
0 0.875391 0.490972 0.036719 0.093056
0 0.871875 0.608333 0.042188 0.086111
0 0.894141 0.656944 0.039844 0.075000
0 0.897656 0.709722 0.037500 0.055556
0 0.895703 0.843056 0.028906 0.086111
0 0.864062 0.847222 0.031250 0.066667
0 0.860156 0.900694 0.048438 0.056944
0 0.808984 0.898611 0.044531 0.086111
0 0.772656 0.928472 0.037500 0.076389
0 0.735156 0.934028 0.040625 0.068056
0 0.552344 0.636806 0.060937 0.079167
0 0.497656 0.572917 0.062500 0.076389
0 0.425781 0.716667 0.060937 0.094444
0 0.322266 0.335417 0.032031 0.120833
0 0.239844 0.502083 0.046875 0.079167
0 0.111719 0.443056 0.029687 0.075000
0 0.131641 0.716667 0.038281 0.075000
0 0.134375 0.784028 0.032813 0.051389
0 0.133594 0.833333 0.032813 0.050000
0 0.164453 0.820139 0.030469 0.087500
0 0.181250 0.887500 0.035937 0.094444
