0 0.310156 0.197222 0.053125 0.127778
0 0.450781 0.381250 0.043750 0.148611
0 0.446875 0.247917 0.054688 0.137500
0 0.396094 0.730556 0.046875 0.125000
0 0.142578 0.206944 0.046094 0.138889
0 0.158594 0.585417 0.062500 0.081944
0 0.113281 0.588194 0.034375 0.079167
0 0.360156 0.393750 0.071875 0.087500
0 0.103125 0.202778 0.042188 0.058333
0 0.121875 0.646528 0.051562 0.079167
0 0.151172 0.698611 0.038281 0.072222
0 0.162109 0.765278 0.072656 0.066667
0 0.463281 0.731250 0.045312 0.140278
0 0.433203 0.786806 0.050781 0.109722
0 0.495703 0.863889 0.053906 0.094444
0 0.551172 0.661111 0.064844 0.072222
0 0.710547 0.379167 0.066406 0.111111
0 0.499219 0.593056 0.054688 0.108333
0 0.463672 0.927083 0.049219 0.101389
0 0.859375 0.696528 0.045312 0.101389
0 0.883203 0.735417 0.033594 0.073611
0 0.706641 0.315278 0.067969 0.083333
0 0.621875 0.648611 0.040625 0.116667
0 0.639453 0.136806 0.067969 0.084722
0 0.707031 0.606944 0.057813 0.105556
0 0.583984 0.129861 0.049219 0.104167
0 0.111719 0.312500 0.040625 0.122222
