0 0.443359 0.663194 0.094531 0.084722
0 0.176563 0.231250 0.050000 0.115278
0 0.150391 0.570833 0.049219 0.063889
0 0.145703 0.909722 0.041406 0.069444
0 0.542578 0.465972 0.050781 0.101389
0 0.281641 0.926389 0.039844 0.088889
0 0.544141 0.729167 0.060156 0.075000
0 0.526172 0.104167 0.066406 0.119444
0 0.281250 0.313889 0.062500 0.105556
0 0.158594 0.825694 0.043750 0.084722
0 0.623437 0.756944 0.050000 0.105556
0 0.533984 0.663889 0.078906 0.094444
0 0.609375 0.105556 0.057813 0.141667
0 0.813281 0.345139 0.065625 0.084722
0 0.153906 0.138889 0.039062 0.116667
0 0.404297 0.736806 0.055469 0.134722
0 0.591406 0.423611 0.048438 0.097222
0 0.178906 0.347917 0.051562 0.129167
0 0.397656 0.606250 0.046875 0.126389
0 0.358984 0.620139 0.053906 0.104167
0 0.701562 0.747917 0.053125 0.076389
0 0.865234 0.510417 0.033594 0.070833
0 0.723047 0.488889 0.053906 0.072222
0 0.693750 0.824306 0.046875 0.076389
0 0.844922 0.579167 0.050781 0.077778
0 0.858594 0.549306 0.043750 0.098611
0 0.394531 0.959028 0.056250 0.059722
