0 0.332209 0.278747 0.0738098 0.135839
0 0.571258 0.48778 0.0750287 0.134419
0 0.130229 0.189715 0.0459491 0.143159
0 0.349987 0.147111 0.0668293 0.114457
0 0.475308 0.452413 0.0878448 0.0996263
0 0.717344 0.468709 0.0629597 0.149202
0 0.181609 0.347322 0.0765161 0.0988501
0 0.297066 0.598096 0.0472009 0.127134
0 0.708317 0.327378 0.0520367 0.117958
0 0.61079 0.705574 0.086759 0.0967126
0 0.262532 0.276808 0.0702177 0.0809783
0 0.645944 0.224198 0.0591414 0.141432
0 0.295571 0.432485 0.0998899 0.112876
0 0.409461 0.593666 0.0514332 0.145468
0 0.21082 0.0725895 0.0537231 0.145179
0 0.406141 0.72142 0.0686115 0.106648
0 0.573526 0.332084 0.0811914 0.111719
0 0.172227 0.70399 0.0719858 0.0876747
0 0.283371 0.0706967 0.0518944 0.137693
0 0.144095 0.374159 0.046561 0.11742
0 0.135553 0.674284 0.0435996 0.109198
0 0.169232 0.60504 0.0509467 0.105562
