0 0.222897 0.263278 0.078595 0.0976766
0 0.179393 0.555194 0.0615148 0.111622
0 0.745559 0.524716 0.0662372 0.108844
0 0.240437 0.72552 0.0651496 0.0839403
0 0.380525 0.0671566 0.0619376 0.134313
0 0.143694 0.643453 0.0581133 0.126789
0 0.662988 0.525641 0.0712345 0.140178
0 0.277727 0.677051 0.0559504 0.103622
0 0.460796 0.442532 0.0704057 0.101056
0 0.356495 0.514062 0.0673111 0.118283
0 0.563211 0.522753 0.0610899 0.148728
0 0.874998 0.234102 0.0407412 0.119641
0 0.175663 0.349893 0.0458435 0.122617
0 0.252423 0.0311575 0.0704386 0.062315
0 0.16313 0.14759 0.0728948 0.098089
0 0.675593 0.35698 0.0903944 0.108395
0 0.620921 0.207969 0.0540031 0.156261
0 0.125201 0.194926 0.0418592 0.135348
0 0.284219 0.467881 0.0614489 0.125703
0 0.295362 0.0896453 0.0838004 0.111865
0 0.32686 0.579519 0.0542447 0.158316
0 0.45025 0.316437 0.0549486 0.100155
0 0.314978 0.0295449 0.0601456 0.0590898
