0 0.253906 0.463889 0.051562 0.094444
0 0.186328 0.247917 0.075781 0.104167
0 0.233203 0.297222 0.053906 0.094444
0 0.130469 0.398611 0.060937 0.127778
0 0.266016 0.218750 0.052344 0.151389
0 0.335547 0.219444 0.060156 0.158333
0 0.397266 0.265278 0.050781 0.175000
0 0.804688 0.593750 0.042188 0.118056
0 0.553125 0.295833 0.101562 0.125000
0 0.374609 0.724306 0.055469 0.165278
0 0.361328 0.526389 0.066406 0.088889
0 0.553125 0.696528 0.054688 0.151389
0 0.510156 0.611806 0.048438 0.101389
0 0.830469 0.662500 0.062500 0.105556
0 0.345703 0.448611 0.085156 0.094444
0 0.613281 0.122222 0.079687 0.133333
0 0.813672 0.216667 0.077344 0.102778
0 0.396875 0.388194 0.054688 0.173611
0 0.547656 0.075000 0.068750 0.127778
0 0.882031 0.210417 0.053125 0.154167
0 0.595703 0.421528 0.085156 0.098611
0 0.666016 0.432639 0.055469 0.173611
