0 0.316016 0.780556 0.044531 0.133333
0 0.394922 0.777083 0.057031 0.106944
0 0.207031 0.615278 0.060937 0.094444
0 0.257422 0.739583 0.047656 0.079167
0 0.291016 0.634028 0.078906 0.090278
0 0.249609 0.475694 0.053906 0.131944
0 0.300781 0.246528 0.062500 0.126389
0 0.449219 0.553472 0.068750 0.109722
0 0.173828 0.319444 0.052344 0.122222
0 0.246094 0.207639 0.042188 0.140278
0 0.210547 0.186806 0.041406 0.084722
0 0.153516 0.048611 0.044531 0.069444
0 0.167969 0.085417 0.045312 0.129167
0 0.217578 0.066667 0.057031 0.105556
0 0.266797 0.104861 0.086719 0.095833
0 0.314453 0.063194 0.053906 0.123611
0 0.398047 0.229167 0.075781 0.144444
0 0.508594 0.223611 0.067187 0.163889
0 0.576172 0.237500 0.057031 0.158333
0 0.676172 0.061111 0.049219 0.094444
0 0.650391 0.472222 0.058594 0.119444
0 0.779687 0.426389 0.070312 0.086111
0 0.693359 0.575694 0.060156 0.112500
0 0.617188 0.693750 0.062500 0.065278
0 0.802734 0.813889 0.044531 0.069444
0 0.849219 0.794444 0.051562 0.072222
