0 0.176563 0.276389 0.050000 0.141667
0 0.529687 0.250694 0.057813 0.131944
0 0.120313 0.624306 0.037500 0.101389
0 0.139063 0.218750 0.026562 0.106944
0 0.117578 0.693750 0.038281 0.093056
0 0.157812 0.825694 0.040625 0.087500
0 0.690234 0.757639 0.067969 0.090278
0 0.113672 0.306944 0.049219 0.080556
0 0.557813 0.586111 0.053125 0.141667
0 0.169531 0.114583 0.068750 0.084722
0 0.505078 0.392361 0.074219 0.095833
0 0.686719 0.310417 0.073438 0.084722
0 0.341016 0.637500 0.049219 0.119444
0 0.582812 0.307639 0.087500 0.084722
0 0.842578 0.547222 0.049219 0.052778
0 0.859375 0.589583 0.050000 0.073611
0 0.831641 0.828472 0.032031 0.101389
0 0.653125 0.848611 0.053125 0.077778
0 0.567187 0.456944 0.070312 0.080556
0 0.877734 0.618056 0.041406 0.091667
0 0.419922 0.058333 0.058594 0.077778
0 0.453906 0.313889 0.082812 0.088889
0 0.399219 0.749306 0.056250 0.115278
0 0.121484 0.531944 0.039844 0.088889
0 0.703906 0.162500 0.065625 0.097222
0 0.349609 0.104861 0.064844 0.070833
0 0.110156 0.199306 0.039062 0.054167
