0 0.180469 0.676389 0.048438 0.130556
0 0.233594 0.744444 0.043750 0.102778
0 0.351172 0.722222 0.082031 0.111111
0 0.312891 0.837500 0.057031 0.108333
0 0.294141 0.600694 0.057031 0.145833
0 0.165625 0.264583 0.076563 0.090278
0 0.146484 0.209028 0.050781 0.098611
0 0.119531 0.456250 0.050000 0.095833
0 0.194922 0.314583 0.064844 0.104167
0 0.167187 0.448611 0.051562 0.083333
0 0.225391 0.648611 0.041406 0.097222
0 0.471484 0.095139 0.053906 0.129167
0 0.547656 0.727778 0.082812 0.088889
0 0.401953 0.802778 0.069531 0.108333
0 0.680859 0.742361 0.060156 0.073611
0 0.609375 0.370139 0.079687 0.093056
0 0.496875 0.375694 0.098437 0.076389
0 0.635547 0.092361 0.047656 0.123611
0 0.592578 0.134722 0.049219 0.088889
0 0.878906 0.325000 0.051562 0.086111
0 0.546484 0.084028 0.085156 0.095833
0 0.599609 0.800000 0.044531 0.116667
0 0.732031 0.518750 0.065625 0.093056
0 0.137891 0.632639 0.041406 0.104167
0 0.162891 0.142361 0.047656 0.070833
0 0.131250 0.387500 0.057813 0.077778
