0 0.675653 0.527092 0.0763918 0.145617
0 0.527427 0.390681 0.0960206 0.117723
0 0.454788 0.0541118 0.0748348 0.108224
0 0.231584 0.0532866 0.0476367 0.106573
0 0.738286 0.241506 0.0686464 0.119582
0 0.585783 0.329684 0.0667931 0.0963672
0 0.164502 0.466102 0.0431222 0.127313
0 0.200189 0.70255 0.0609135 0.0935677
0 0.366353 0.57263 0.0616323 0.114385
0 0.743085 0.535809 0.0595453 0.123668
0 0.136716 0.630148 0.0588112 0.142016
0 0.330955 0.516311 0.0560265 0.146909
0 0.446199 0.490002 0.063135 0.133539
0 0.36049 0.137172 0.0525075 0.161802
0 0.156169 0.231203 0.0501975 0.147446
0 0.297427 0.145369 0.082318 0.107286
0 0.235373 0.635125 0.0609349 0.120567
0 0.650208 0.351887 0.0883661 0.113053
0 0.128709 0.494347 0.0449989 0.107969
0 0.283052 0.467242 0.0597649 0.134789
0 0.12939 0.176963 0.0479422 0.129141
0 0.313522 0.0486673 0.0588377 0.0973346
