0 0.332834 0.277345 0.0707535 0.142132
0 0.47838 0.455491 0.081918 0.100613
0 0.248182 0.276531 0.0765866 0.0866116
0 0.346703 0.156167 0.0751764 0.0972467
0 0.130363 0.193431 0.0454021 0.131701
0 0.610527 0.707367 0.0876772 0.0988315
0 0.57144 0.487502 0.0746992 0.132994
0 0.297597 0.597105 0.0478978 0.125874
0 0.709188 0.326706 0.0526924 0.121512
0 0.71763 0.469663 0.0638786 0.145189
0 0.409562 0.593924 0.0503363 0.141087
0 0.294453 0.431258 0.0988917 0.112992
0 0.407322 0.721537 0.0709105 0.10703
0 0.210492 0.0730844 0.0522615 0.146169
0 0.181724 0.346757 0.0742108 0.0995234
0 0.573498 0.336845 0.0801245 0.104968
0 0.61765 0.197699 0.0707012 0.165093
0 0.146407 0.371256 0.0445712 0.125295
0 0.171047 0.703583 0.0773678 0.0893997
0 0.284007 0.0703335 0.051203 0.138062
0 0.137247 0.680104 0.0482418 0.117648
0 0.171949 0.604468 0.0461216 0.101027
