0 0.275781 0.097222 0.057813 0.083333
0 0.174609 0.395833 0.055469 0.100000
0 0.164062 0.293056 0.051562 0.097222
0 0.108984 0.418056 0.042969 0.100000
0 0.142969 0.541667 0.040625 0.063889
0 0.110937 0.537500 0.032813 0.141667
0 0.133203 0.897917 0.046094 0.070833
0 0.480859 0.661806 0.053906 0.079167
0 0.427344 0.902083 0.060937 0.098611
0 0.520312 0.738889 0.060937 0.108333
0 0.469531 0.102778 0.057813 0.116667
0 0.314063 0.491667 0.064062 0.086111
0 0.158594 0.825694 0.043750 0.084722
0 0.872266 0.565278 0.055469 0.077778
0 0.862500 0.625000 0.037500 0.091667
0 0.452344 0.245833 0.075000 0.080556
0 0.823438 0.438194 0.046875 0.118056
0 0.596875 0.449306 0.067187 0.087500
0 0.670312 0.397917 0.060937 0.087500
0 0.772656 0.117361 0.046875 0.120833
0 0.609375 0.096528 0.053125 0.123611
0 0.838281 0.355556 0.054688 0.080556
0 0.165625 0.484722 0.048438 0.097222
0 0.340625 0.570833 0.076563 0.094444
0 0.803516 0.088889 0.053906 0.066667
0 0.113672 0.239583 0.041406 0.081944
0 0.200391 0.294444 0.041406 0.116667
