0 0.270313 0.685417 0.084375 0.084722
0 0.607031 0.094444 0.076563 0.105556
0 0.126953 0.700694 0.049219 0.076389
0 0.242969 0.444444 0.082812 0.097222
0 0.664062 0.158333 0.039062 0.100000
0 0.132812 0.313194 0.067187 0.079167
0 0.139844 0.812500 0.043750 0.116667
0 0.406641 0.290972 0.074219 0.079167
0 0.250781 0.363889 0.060937 0.102778
0 0.527344 0.444444 0.043750 0.150000
0 0.550000 0.727083 0.056250 0.081944
0 0.129297 0.602778 0.036719 0.138889
0 0.189062 0.931944 0.059375 0.086111
0 0.141797 0.472222 0.047656 0.125000
0 0.662500 0.375000 0.060937 0.080556
0 0.815234 0.127778 0.041406 0.100000
0 0.762109 0.500694 0.042969 0.098611
0 0.680469 0.275694 0.078125 0.101389
0 0.178906 0.614583 0.053125 0.126389
0 0.299219 0.622917 0.062500 0.098611
0 0.388672 0.862500 0.072656 0.102778
0 0.873828 0.368056 0.042969 0.116667
0 0.376172 0.648611 0.082031 0.086111
0 0.253906 0.553472 0.062500 0.068056
0 0.130078 0.257639 0.039844 0.079167
0 0.339453 0.451389 0.067969 0.086111
