0 0.823047 0.154167 0.074219 0.113889
0 0.214844 0.280556 0.067187 0.111111
0 0.157812 0.242361 0.056250 0.131944
0 0.183984 0.603472 0.042969 0.134722
0 0.613281 0.490278 0.048438 0.169444
0 0.623828 0.787500 0.058594 0.138889
0 0.825391 0.781250 0.042969 0.090278
0 0.487891 0.249306 0.099219 0.104167
0 0.744922 0.800000 0.050781 0.088889
0 0.791016 0.790972 0.041406 0.131944
0 0.882422 0.277778 0.050781 0.133333
0 0.684766 0.293056 0.092969 0.094444
0 0.233984 0.596528 0.088281 0.098611
0 0.632422 0.668056 0.078906 0.105556
0 0.849609 0.740278 0.057031 0.119444
0 0.133984 0.564583 0.036719 0.098611
0 0.396875 0.074306 0.076563 0.123611
0 0.853906 0.215972 0.065625 0.098611
0 0.883594 0.575694 0.056250 0.104167
