0 0.243645 0.614015 0.0728302 0.0958367
0 0.138042 0.169303 0.044826 0.149326
0 0.568662 0.653871 0.0969522 0.0993803
0 0.341508 0.113489 0.097069 0.106271
0 0.185314 0.159456 0.0642128 0.118857
0 0.263517 0.314628 0.0481508 0.157464
0 0.446178 0.49443 0.0651865 0.125634
0 0.179656 0.335301 0.0483804 0.123143
0 0.358347 0.504179 0.062096 0.154015
0 0.688566 0.519979 0.0608231 0.156473
0 0.23602 0.528267 0.080258 0.0938203
0 0.688122 0.223373 0.052885 0.149045
0 0.899516 0.691146 0.047274 0.116574
0 0.141415 0.712494 0.0501055 0.0785945
0 0.55479 0.387533 0.0573719 0.103395
0 0.330331 0.266129 0.0548819 0.159734
0 0.736859 0.472988 0.0747643 0.094319
0 0.170534 0.61745 0.0486029 0.143049
0 0.208971 0.261804 0.0600383 0.138149
0 0.153804 0.619507 0.0788962 0.147438
0 0.228268 0.0846151 0.0815903 0.0961699
0 0.220669 0.0299718 0.0756209 0.0599437
0 0.146271 0.644178 0.0651214 0.102558
0 0.318182 0.0366805 0.0571319 0.0733611
0 0.818553 0.329309 0.0487384 0.0970838
0 0.14853 0.673363 0.061284 0.0794312
