0 0.475733 0.453539 0.0872262 0.101218
0 0.130779 0.190804 0.0456826 0.134295
0 0.716631 0.47078 0.0633076 0.152181
0 0.572037 0.486317 0.0779993 0.131366
0 0.210287 0.0731631 0.0528222 0.146326
0 0.292941 0.431209 0.100358 0.116503
0 0.599506 0.690905 0.0814836 0.111855
0 0.706559 0.327601 0.0525372 0.117685
0 0.63988 0.222323 0.0596084 0.133697
0 0.406536 0.720674 0.0725031 0.100422
0 0.296497 0.597179 0.047821 0.126472
0 0.57174 0.328221 0.0754158 0.119645
0 0.258777 0.275653 0.071491 0.0871165
0 0.301621 0.204491 0.0828576 0.10764
0 0.184388 0.294448 0.053122 0.149547
0 0.33952 0.128673 0.0506984 0.142396
0 0.409579 0.592964 0.0511846 0.144148
0 0.171239 0.70349 0.0734364 0.0863912
0 0.283323 0.0696777 0.0520365 0.138523
0 0.144976 0.377102 0.0515204 0.112539
0 0.172162 0.60167 0.0462121 0.121421
0 0.133802 0.675489 0.0397988 0.111804
