0 0.577344 0.732639 0.076563 0.081944
0 0.463672 0.481250 0.074219 0.084722
0 0.502344 0.084028 0.081250 0.104167
0 0.495703 0.726389 0.058594 0.072222
0 0.259375 0.779861 0.067187 0.093056
0 0.473438 0.621528 0.056250 0.073611
0 0.288672 0.571528 0.082031 0.104167
0 0.309766 0.175000 0.060156 0.130556
0 0.132422 0.600000 0.047656 0.063889
0 0.342969 0.752778 0.075000 0.077778
0 0.135156 0.806944 0.043750 0.108333
0 0.272656 0.948611 0.057813 0.102778
0 0.170703 0.436111 0.055469 0.097222
0 0.125391 0.446528 0.033594 0.120833
0 0.116406 0.358333 0.048438 0.086111
0 0.170703 0.265972 0.039844 0.106944
0 0.211328 0.291667 0.042969 0.144444
0 0.240625 0.186806 0.050000 0.134722
0 0.665625 0.090278 0.046875 0.105556
0 0.634766 0.121528 0.047656 0.109722
0 0.123438 0.236111 0.040625 0.075000
0 0.182812 0.192361 0.076563 0.087500
0 0.254297 0.523611 0.058594 0.086111
0 0.869141 0.402083 0.042969 0.104167
0 0.126172 0.534722 0.060156 0.075000
