0 0.158203 0.428472 0.066406 0.112500
0 0.703125 0.132639 0.051562 0.165278
0 0.304688 0.414583 0.067187 0.204167
0 0.155469 0.211806 0.090625 0.098611
0 0.130859 0.358333 0.038281 0.116667
0 0.195703 0.304861 0.061719 0.184722
0 0.254688 0.408333 0.053125 0.169444
0 0.505859 0.086111 0.099219 0.150000
0 0.866797 0.397917 0.049219 0.140278
0 0.818359 0.204861 0.080469 0.098611
0 0.855469 0.604861 0.059375 0.095833
0 0.660547 0.106250 0.052344 0.176389
0 0.608984 0.760417 0.064844 0.123611
0 0.850000 0.667361 0.082812 0.084722
0 0.613672 0.112500 0.086719 0.100000
0 0.357031 0.196528 0.104688 0.118056
0 0.267188 0.138194 0.075000 0.126389
0 0.153516 0.306944 0.042969 0.088889
0 0.842187 0.494444 0.073438 0.111111
