0 0.463672 0.278472 0.096094 0.084722
0 0.374219 0.650694 0.064062 0.109722
0 0.175000 0.102083 0.070312 0.104167
0 0.497266 0.588889 0.080469 0.083333
0 0.868750 0.662500 0.043750 0.119444
0 0.831250 0.625694 0.064062 0.120833
0 0.641797 0.143750 0.055469 0.143056
0 0.225781 0.265278 0.073438 0.077778
0 0.873047 0.558333 0.053906 0.077778
0 0.334375 0.623611 0.045312 0.122222
0 0.751172 0.801389 0.067969 0.152778
0 0.812500 0.485417 0.070312 0.120833
0 0.245703 0.199306 0.078906 0.087500
0 0.894531 0.154167 0.054688 0.100000
0 0.861719 0.440972 0.057813 0.126389
0 0.566797 0.298611 0.075781 0.166667
0 0.378125 0.061806 0.076563 0.101389
0 0.605859 0.620833 0.052344 0.147222
