0 0.719922 0.850694 0.061719 0.070833
0 0.142578 0.812500 0.035156 0.105556
0 0.374609 0.922222 0.050781 0.091667
0 0.640234 0.577083 0.041406 0.140278
0 0.730078 0.697222 0.046094 0.136111
0 0.733594 0.931250 0.054688 0.087500
0 0.597266 0.595139 0.047656 0.123611
0 0.845313 0.388889 0.040625 0.075000
0 0.841797 0.311806 0.035156 0.115278
0 0.119531 0.594444 0.040625 0.058333
0 0.113672 0.856944 0.030469 0.091667
0 0.879297 0.348611 0.044531 0.072222
0 0.768359 0.527778 0.061719 0.111111
0 0.123047 0.655556 0.046094 0.075000
0 0.335156 0.917361 0.048438 0.081944
0 0.722656 0.598611 0.034375 0.119444
0 0.574219 0.319444 0.050000 0.122222
0 0.520312 0.640278 0.064062 0.072222
0 0.813672 0.342361 0.049219 0.087500
0 0.549609 0.715972 0.047656 0.101389
0 0.115625 0.555556 0.034375 0.072222
0 0.803516 0.466667 0.038281 0.144444
0 0.662500 0.707639 0.057813 0.090278
0 0.466406 0.610417 0.046875 0.095833
