0 0.173828 0.154861 0.050781 0.131944
0 0.125781 0.227778 0.057813 0.077778
0 0.131250 0.294444 0.057813 0.086111
0 0.295312 0.178472 0.046875 0.106944
0 0.348438 0.180556 0.060937 0.105556
0 0.422656 0.069444 0.059375 0.072222
0 0.140625 0.500694 0.042188 0.109722
0 0.110937 0.465972 0.026562 0.084722
0 0.118750 0.563889 0.039062 0.133333
0 0.196484 0.442361 0.057031 0.134722
0 0.224219 0.606944 0.067187 0.091667
0 0.153516 0.718056 0.039844 0.119444
0 0.262109 0.693750 0.088281 0.087500
0 0.164453 0.563889 0.050781 0.086111
0 0.143750 0.913194 0.048438 0.065278
0 0.137500 0.830556 0.059375 0.072222
0 0.351953 0.467361 0.060156 0.112500
0 0.422656 0.633333 0.073438 0.100000
0 0.805469 0.859028 0.062500 0.112500
0 0.806641 0.561806 0.041406 0.090278
0 0.770703 0.489583 0.058594 0.079167
0 0.541016 0.314583 0.047656 0.129167
0 0.762500 0.254861 0.042188 0.081944
0 0.591406 0.490278 0.060937 0.127778
0 0.583984 0.108333 0.057031 0.088889
0 0.790234 0.148611 0.067969 0.075000
