0 0.263975 0.637383 0.0793334 0.0991541
0 0.138717 0.175565 0.0438829 0.136404
0 0.186661 0.353172 0.0463151 0.13891
0 0.44545 0.49435 0.063521 0.126206
0 0.146195 0.645684 0.0659419 0.115275
0 0.341172 0.113799 0.0942797 0.106011
0 0.187058 0.164176 0.0680884 0.116055
0 0.689211 0.221661 0.0544947 0.152481
0 0.235134 0.532227 0.0830964 0.103935
0 0.360163 0.506084 0.0592245 0.153827
0 0.263114 0.321546 0.0474218 0.154525
0 0.652144 0.506363 0.0612727 0.182512
0 0.735991 0.472842 0.0812625 0.0857146
0 0.900099 0.500841 0.0396542 0.135781
0 0.180113 0.598546 0.0490724 0.14313
0 0.220241 0.288428 0.0538615 0.144497
0 0.330418 0.265584 0.0555129 0.160771
0 0.137805 0.72475 0.0441371 0.099639
0 0.694905 0.511924 0.0505667 0.147978
0 0.551364 0.38567 0.0521591 0.109597
0 0.818137 0.339684 0.0468063 0.0790816
0 0.208822 0.0490291 0.0849731 0.0980583
0 0.317675 0.0368873 0.0568044 0.0737746
0 0.206729 0.0375063 0.0963994 0.0750127
