0 0.5026 0.403013 0.0723728 0.142432
0 0.427339 0.718597 0.0749945 0.0904349
0 0.295202 0.469711 0.0810307 0.0954549
0 0.603663 0.721925 0.0497772 0.135922
0 0.361967 0.403371 0.0698068 0.115313
0 0.238062 0.250352 0.0806229 0.116226
0 0.13534 0.257258 0.0465736 0.117017
0 0.521912 0.182716 0.0855276 0.0929645
0 0.549433 0.737947 0.0525663 0.123871
0 0.856495 0.778033 0.0523262 0.096226
0 0.238822 0.137048 0.0608866 0.123137
0 0.362911 0.290091 0.0688107 0.124481
0 0.889103 0.23877 0.0605881 0.0800902
0 0.650037 0.417622 0.0698002 0.124577
0 0.422942 0.570274 0.0785793 0.0807489
0 0.679806 0.749751 0.0532807 0.121457
0 0.350706 0.61961 0.0556407 0.153045
0 0.49272 0.747394 0.0697947 0.0814087
0 0.528335 0.289734 0.0440647 0.125543
0 0.198883 0.140985 0.045883 0.114264
0 0.525822 0.549275 0.0645446 0.120724
0 0.166368 0.577365 0.0667053 0.12567
0 0.79201 0.422987 0.0648119 0.0862505
0 0.154894 0.461957 0.0454175 0.138267
0 0.156987 0.707212 0.0636301 0.0921652
0 0.132866 0.184364 0.047126 0.0575752
0 0.237027 0.154877 0.0603202 0.0943508
