0 0.146484 0.581944 0.075781 0.100000
0 0.283984 0.126389 0.064844 0.158333
0 0.696875 0.204861 0.053125 0.168056
0 0.362891 0.167361 0.055469 0.123611
0 0.606250 0.252778 0.067187 0.161111
0 0.612109 0.626389 0.066406 0.133333
0 0.453516 0.343750 0.063281 0.165278
0 0.687500 0.116667 0.085938 0.119444
0 0.807813 0.675000 0.071875 0.119444
0 0.856250 0.341667 0.054688 0.183333
0 0.763672 0.445833 0.067969 0.163889
0 0.386328 0.378472 0.086719 0.115278
0 0.149219 0.174306 0.075000 0.129167
0 0.162500 0.059722 0.079687 0.116667
0 0.300781 0.522222 0.070312 0.177778
