0 0.237891 0.088194 0.060156 0.068056
0 0.191406 0.156944 0.054688 0.091667
0 0.112500 0.206250 0.042188 0.076389
0 0.118359 0.306944 0.036719 0.088889
0 0.097266 0.309028 0.027344 0.084722
0 0.161328 0.315972 0.067969 0.118056
0 0.107031 0.380556 0.048438 0.061111
0 0.116016 0.449306 0.049219 0.068056
0 0.126172 0.525000 0.049219 0.086111
0 0.144141 0.575000 0.036719 0.088889
0 0.138281 0.797917 0.034375 0.098611
0 0.342187 0.902083 0.034375 0.109722
0 0.514844 0.736111 0.050000 0.100000
0 0.477734 0.661111 0.057031 0.077778
0 0.553906 0.587500 0.056250 0.136111
0 0.451953 0.411806 0.074219 0.104167
0 0.490625 0.313194 0.078125 0.093056
0 0.609375 0.100694 0.050000 0.118056
0 0.709766 0.247917 0.050781 0.115278
0 0.700391 0.377778 0.042969 0.127778
0 0.850391 0.447917 0.060156 0.101389
0 0.884375 0.418056 0.026562 0.100000
0 0.877734 0.511806 0.033594 0.070833
0 0.872266 0.606944 0.036719 0.111111
0 0.782422 0.140278 0.038281 0.127778
0 0.796875 0.087500 0.043750 0.066667
