0 0.798438 0.156250 0.084375 0.120833
0 0.218359 0.281944 0.072656 0.113889
0 0.126953 0.377083 0.069531 0.087500
0 0.142969 0.478472 0.056250 0.123611
0 0.831641 0.809028 0.055469 0.101389
0 0.766406 0.793056 0.051562 0.100000
0 0.272656 0.507639 0.089063 0.112500
0 0.489063 0.252083 0.104688 0.115278
0 0.709766 0.797222 0.050781 0.083333
0 0.546484 0.481944 0.069531 0.150000
0 0.879687 0.272222 0.053125 0.133333
0 0.903125 0.451389 0.057813 0.158333
0 0.902344 0.498611 0.065625 0.086111
0 0.839063 0.686111 0.076563 0.086111
0 0.857031 0.761806 0.053125 0.079167
0 0.173828 0.514583 0.041406 0.123611
0 0.193359 0.676389 0.075781 0.083333
0 0.775000 0.314583 0.059375 0.154167
0 0.843359 0.197222 0.078906 0.111111
0 0.892188 0.589583 0.062500 0.093056
