0 0.414062 0.623611 0.050000 0.105556
0 0.242969 0.294444 0.053125 0.166667
0 0.136719 0.489583 0.051562 0.104167
0 0.674609 0.141667 0.044531 0.113889
0 0.539844 0.459028 0.056250 0.126389
0 0.696875 0.647917 0.054688 0.118056
0 0.250391 0.705556 0.069531 0.077778
0 0.365625 0.855556 0.067187 0.088889
0 0.177344 0.456250 0.048438 0.070833
0 0.145703 0.634028 0.042969 0.126389
0 0.621484 0.198611 0.069531 0.111111
0 0.286328 0.579861 0.072656 0.084722
0 0.661328 0.073611 0.064844 0.080556
0 0.148047 0.318750 0.061719 0.104167
0 0.860547 0.181944 0.042969 0.100000
0 0.210156 0.437500 0.042188 0.133333
0 0.464062 0.475694 0.054688 0.106944
0 0.244531 0.818750 0.037500 0.106944
0 0.457031 0.793056 0.046875 0.122222
0 0.356641 0.438889 0.030469 0.127778
0 0.614844 0.101389 0.062500 0.075000
0 0.457422 0.375694 0.082031 0.090278
0 0.353125 0.322917 0.078125 0.115278
0 0.228125 0.616667 0.075000 0.094444
0 0.199609 0.156944 0.044531 0.097222
