0 0.307031 0.097222 0.067187 0.080556
0 0.432422 0.650694 0.082031 0.070833
0 0.177344 0.235417 0.053125 0.134722
0 0.150391 0.562500 0.041406 0.088889
0 0.144141 0.910417 0.044531 0.070833
0 0.555469 0.465972 0.042188 0.104167
0 0.273828 0.936806 0.063281 0.073611
0 0.540234 0.725694 0.063281 0.065278
0 0.512500 0.106250 0.065625 0.101389
0 0.336719 0.210417 0.065625 0.106944
0 0.158594 0.825694 0.043750 0.084722
0 0.869531 0.561806 0.054688 0.073611
0 0.827734 0.529861 0.033594 0.112500
0 0.650000 0.315972 0.075000 0.087500
0 0.829297 0.424306 0.052344 0.079167
0 0.604297 0.592361 0.047656 0.104167
0 0.868750 0.395833 0.043750 0.083333
0 0.532422 0.656944 0.075781 0.086111
0 0.613672 0.096528 0.044531 0.129167
0 0.830078 0.340278 0.063281 0.075000
0 0.114453 0.210417 0.038281 0.084722
0 0.393750 0.725694 0.051562 0.115278
0 0.117969 0.266667 0.045312 0.066667
0 0.192969 0.327778 0.050000 0.130556
0 0.578906 0.089583 0.051562 0.084722
