0 0.147656 0.801389 0.040625 0.097222
0 0.404687 0.788889 0.065625 0.105556
0 0.380078 0.862500 0.086719 0.091667
0 0.148828 0.365278 0.058594 0.113889
0 0.204687 0.190972 0.067187 0.079167
0 0.166016 0.593056 0.063281 0.091667
0 0.367578 0.293750 0.063281 0.118056
0 0.113672 0.295139 0.047656 0.081944
0 0.604297 0.075694 0.069531 0.090278
0 0.286719 0.523611 0.078125 0.097222
0 0.389844 0.602778 0.067187 0.127778
0 0.450000 0.380556 0.098437 0.091667
0 0.647266 0.113889 0.055469 0.100000
0 0.591016 0.143750 0.053906 0.084722
0 0.238281 0.386806 0.051562 0.140278
0 0.276172 0.613194 0.080469 0.101389
0 0.880859 0.329167 0.064844 0.077778
0 0.139453 0.915278 0.066406 0.069444
0 0.115625 0.215972 0.039062 0.076389
0 0.121094 0.465972 0.054688 0.084722
0 0.179688 0.265278 0.060937 0.069444
0 0.195703 0.836806 0.033594 0.090278
0 0.168359 0.481250 0.038281 0.109722
0 0.232813 0.839583 0.051562 0.079167
