0 0.484766 0.647222 0.067969 0.083333
0 0.276562 0.474306 0.056250 0.084722
0 0.142969 0.305556 0.037500 0.111111
0 0.120703 0.470833 0.041406 0.097222
0 0.234766 0.552083 0.050781 0.137500
0 0.193359 0.609028 0.041406 0.109722
0 0.248438 0.395833 0.043750 0.127778
0 0.887500 0.686111 0.043750 0.083333
0 0.473828 0.772917 0.047656 0.131944
0 0.890625 0.739583 0.051562 0.070833
0 0.873828 0.381250 0.050781 0.106944
0 0.837891 0.245139 0.063281 0.095833
0 0.921875 0.754167 0.039062 0.066667
0 0.526172 0.502083 0.055469 0.076389
0 0.116797 0.397222 0.049219 0.063889
0 0.428906 0.771528 0.045312 0.134722
0 0.888672 0.141667 0.036719 0.088889
0 0.632422 0.607639 0.044531 0.095833
0 0.785156 0.083333 0.064062 0.063889
0 0.832031 0.072917 0.034375 0.048611
0 0.857812 0.101389 0.029687 0.094444
0 0.816016 0.136111 0.033594 0.100000
0 0.779687 0.146528 0.042188 0.076389
0 0.892578 0.300694 0.033594 0.104167
0 0.865625 0.274306 0.037500 0.084722
0 0.876563 0.242361 0.040625 0.065278
0 0.209375 0.179167 0.050000 0.058333
0 0.837891 0.139583 0.027344 0.101389
