0 0.473438 0.288194 0.081250 0.190278
0 0.203516 0.173611 0.064844 0.086111
0 0.155859 0.204167 0.058594 0.119444
0 0.151562 0.290972 0.068750 0.109722
0 0.896094 0.413194 0.048438 0.134722
0 0.893750 0.539583 0.048438 0.137500
0 0.527344 0.616667 0.056250 0.183333
0 0.144141 0.079167 0.035156 0.116667
0 0.468750 0.135417 0.106250 0.129167
0 0.871875 0.334722 0.062500 0.138889
0 0.426563 0.596528 0.076563 0.162500
0 0.788672 0.775000 0.052344 0.083333
0 0.194922 0.082639 0.069531 0.143056
0 0.248047 0.097222 0.060156 0.169444
0 0.526563 0.279167 0.073438 0.166667
0 0.231641 0.357639 0.074219 0.170833
0 0.601562 0.725000 0.053125 0.127778
0 0.313672 0.300694 0.078906 0.104167
0 0.782031 0.307639 0.070312 0.120833
