0 0.243359 0.099306 0.071094 0.081944
0 0.115234 0.595139 0.035156 0.115278
0 0.133203 0.804861 0.033594 0.106944
0 0.155859 0.837500 0.036719 0.080556
0 0.495312 0.733333 0.048438 0.091667
0 0.106641 0.413194 0.039844 0.115278
0 0.408594 0.557639 0.073438 0.095833
0 0.392188 0.413889 0.084375 0.088889
0 0.675000 0.854861 0.043750 0.109722
0 0.342578 0.708333 0.044531 0.130556
0 0.567187 0.311111 0.084375 0.094444
0 0.867969 0.547222 0.031250 0.083333
0 0.851953 0.590972 0.041406 0.093056
0 0.692187 0.654861 0.071875 0.073611
0 0.298828 0.700000 0.039844 0.111111
0 0.564844 0.719444 0.053125 0.113889
0 0.652344 0.116667 0.051562 0.066667
0 0.538672 0.097917 0.049219 0.131944
0 0.392969 0.737500 0.046875 0.100000
0 0.687891 0.159028 0.060156 0.112500
0 0.374609 0.067361 0.047656 0.084722
0 0.107813 0.204167 0.040625 0.080556
0 0.873437 0.625000 0.034375 0.100000
0 0.158594 0.190278 0.046875 0.122222
0 0.195312 0.138889 0.043750 0.125000
0 0.307812 0.468750 0.078125 0.081944
0 0.128125 0.197222 0.025000 0.094444
