0 0.583594 0.738194 0.079687 0.087500
0 0.485156 0.206944 0.085938 0.111111
0 0.502344 0.083333 0.078125 0.111111
0 0.480469 0.734028 0.051562 0.070833
0 0.212500 0.622222 0.070312 0.083333
0 0.335547 0.638194 0.064844 0.068056
0 0.283203 0.567361 0.074219 0.095833
0 0.339062 0.291667 0.051562 0.111111
0 0.425000 0.772917 0.046875 0.123611
0 0.146875 0.887500 0.040625 0.100000
0 0.420312 0.866667 0.073438 0.091667
0 0.210156 0.427083 0.079687 0.098611
0 0.120703 0.471528 0.053906 0.076389
0 0.114844 0.405556 0.045312 0.086111
0 0.564453 0.378472 0.080469 0.098611
0 0.153906 0.323611 0.057813 0.102778
0 0.271875 0.158333 0.065625 0.097222
0 0.665625 0.090278 0.046875 0.105556
0 0.633203 0.119444 0.046094 0.102778
0 0.141016 0.218750 0.053906 0.087500
0 0.166797 0.152083 0.050781 0.104167
0 0.256641 0.522917 0.064844 0.079167
0 0.867188 0.399306 0.040625 0.109722
0 0.258594 0.309722 0.046875 0.122222
0 0.172266 0.732639 0.053906 0.106944
0 0.155078 0.495833 0.049219 0.077778
