0 0.165234 0.123611 0.071094 0.086111
0 0.227734 0.308333 0.049219 0.133333
0 0.260547 0.231944 0.055469 0.155556
0 0.529687 0.300694 0.067187 0.162500
0 0.399219 0.309722 0.054688 0.138889
0 0.798828 0.588889 0.050781 0.108333
0 0.655859 0.321528 0.110156 0.101389
0 0.360938 0.545139 0.068750 0.093056
0 0.500781 0.702778 0.098437 0.083333
0 0.507422 0.599306 0.092969 0.109722
0 0.830078 0.667361 0.049219 0.129167
0 0.334766 0.706250 0.053906 0.134722
0 0.875391 0.120139 0.067969 0.093056
0 0.839063 0.188889 0.064062 0.094444
0 0.369141 0.439583 0.083594 0.098611
0 0.550000 0.072917 0.064062 0.129167
0 0.889844 0.240972 0.054688 0.095833
0 0.578516 0.439583 0.074219 0.115278
0 0.671484 0.464583 0.060156 0.159722
0 0.384766 0.684722 0.057031 0.158333
0 0.185156 0.304167 0.046875 0.166667
