0 0.2517 0.284226 0.0708001 0.0955875
0 0.334414 0.361296 0.0559539 0.153046
0 0.150461 0.380963 0.0474359 0.132119
0 0.410348 0.594562 0.0517308 0.145156
0 0.132924 0.197539 0.0439245 0.129155
0 0.251296 0.51084 0.0905207 0.103207
0 0.29792 0.598733 0.0453115 0.116408
0 0.566427 0.665747 0.0605703 0.166207
0 0.571204 0.486936 0.071388 0.12936
0 0.3385 0.702746 0.0735154 0.100062
0 0.573485 0.342867 0.0726933 0.102124
0 0.20904 0.0801161 0.0484911 0.138208
0 0.734763 0.263711 0.0749836 0.086495
0 0.833982 0.391336 0.0593828 0.0776119
0 0.650131 0.390261 0.0574924 0.175874
0 0.309576 0.170165 0.0880372 0.104917
0 0.440964 0.456222 0.0856693 0.105646
0 0.173597 0.703609 0.0745146 0.0934972
0 0.291361 0.0980159 0.074279 0.0845711
0 0.243851 0.0324417 0.0662052 0.0648833
0 0.17108 0.607231 0.0499132 0.095728
0 0.136856 0.680704 0.0439113 0.120305
0 0.325827 0.0421021 0.0681159 0.0842042
