0 0.280469 0.736806 0.068750 0.081944
0 0.135937 0.816667 0.045312 0.086111
0 0.567187 0.372917 0.067187 0.087500
0 0.148828 0.234722 0.038281 0.127778
0 0.299219 0.388194 0.065625 0.101389
0 0.189844 0.235417 0.048438 0.137500
0 0.551172 0.727778 0.057031 0.083333
0 0.400000 0.298611 0.057813 0.138889
0 0.307812 0.580556 0.059375 0.127778
0 0.672266 0.075000 0.074219 0.077778
0 0.460547 0.632639 0.077344 0.101389
0 0.124219 0.566667 0.042188 0.100000
0 0.400391 0.844444 0.060156 0.113889
0 0.637891 0.377083 0.064844 0.059722
0 0.376563 0.094444 0.054688 0.088889
0 0.398438 0.706250 0.068750 0.109722
0 0.333203 0.488194 0.053906 0.134722
0 0.130469 0.648611 0.057813 0.075000
0 0.281250 0.637500 0.060937 0.111111
0 0.345703 0.148611 0.060156 0.111111
0 0.724219 0.066667 0.054688 0.047222
0 0.864844 0.358333 0.037500 0.122222
0 0.127344 0.485417 0.051562 0.073611
0 0.281641 0.935417 0.050781 0.112500
0 0.249609 0.468750 0.047656 0.079167
0 0.123438 0.266667 0.037500 0.108333
