0 0.27481 0.488611 0.0833156 0.0992639
0 0.676815 0.376779 0.0629661 0.127624
0 0.682696 0.525609 0.0619353 0.158346
0 0.586989 0.65979 0.0945966 0.105562
0 0.353262 0.512408 0.0685164 0.131809
0 0.251378 0.283081 0.0566579 0.137158
0 0.246137 0.0715041 0.057394 0.143008
0 0.682907 0.211476 0.0524368 0.155886
0 0.182269 0.329532 0.0520229 0.11504
0 0.444629 0.493188 0.0673956 0.117994
0 0.187851 0.151875 0.0681913 0.112624
0 0.334656 0.128168 0.0909758 0.107621
0 0.87952 0.766883 0.0586834 0.0748759
0 0.168487 0.682513 0.0748326 0.0975847
0 0.54662 0.413714 0.0697287 0.0936523
0 0.736349 0.399679 0.0632843 0.119217
0 0.239793 0.667625 0.0600309 0.110776
0 0.13573 0.208823 0.0464828 0.140307
0 0.1647 0.594655 0.0671226 0.0953913
0 0.328445 0.273308 0.0575284 0.1473
0 0.134941 0.711944 0.034643 0.125819
0 0.205906 0.260827 0.0555079 0.135212
0 0.324377 0.0395107 0.0703069 0.0790215
