0 0.408442 0.593949 0.0512413 0.144203
0 0.403863 0.48587 0.0847156 0.0974263
0 0.315579 0.160145 0.0910575 0.116697
0 0.253197 0.285898 0.0659821 0.10253
0 0.588062 0.651635 0.0974428 0.0923086
0 0.571747 0.484895 0.0796307 0.130088
0 0.246963 0.510357 0.0876942 0.101157
0 0.290353 0.664965 0.0693142 0.0994069
0 0.214697 0.218139 0.0498979 0.132688
0 0.356719 0.58668 0.0660037 0.0862372
0 0.142195 0.351778 0.0574356 0.129142
0 0.333646 0.362991 0.0554443 0.158188
0 0.222364 0.117918 0.0649098 0.102508
0 0.218228 0.0329882 0.080815 0.0659764
0 0.740362 0.275327 0.0743282 0.0927756
0 0.183305 0.696449 0.0761955 0.0906786
0 0.162138 0.607341 0.064387 0.0977098
0 0.14949 0.173689 0.0668674 0.10644
0 0.61538 0.337704 0.0836917 0.101323
0 0.654657 0.407943 0.0553032 0.152166
0 0.831127 0.472445 0.0590626 0.0886097
0 0.139525 0.708515 0.0396415 0.090937
0 0.319587 0.0437644 0.0693692 0.0875288
