0 0.364844 0.069444 0.075000 0.111111
0 0.244141 0.320139 0.050781 0.129167
0 0.579688 0.160417 0.056250 0.123611
0 0.832422 0.835417 0.071094 0.079167
0 0.158594 0.374306 0.062500 0.118056
0 0.459375 0.176389 0.096875 0.108333
0 0.664062 0.602778 0.057813 0.180556
0 0.871484 0.209028 0.080469 0.084722
0 0.511328 0.415278 0.047656 0.150000
0 0.922656 0.248611 0.051562 0.130556
0 0.178125 0.289583 0.060937 0.109722
0 0.877344 0.430556 0.071875 0.091667
0 0.762891 0.843750 0.066406 0.073611
0 0.844531 0.625000 0.060937 0.111111
0 0.592187 0.576389 0.092188 0.127778
0 0.689063 0.711806 0.065625 0.118056
0 0.829688 0.699306 0.045312 0.112500
0 0.201172 0.486111 0.063281 0.111111
0 0.525391 0.634722 0.066406 0.091667
0 0.857422 0.360417 0.055469 0.101389
0 0.599219 0.072917 0.076563 0.087500
0 0.724219 0.088194 0.057813 0.093056
0 0.871875 0.518056 0.040625 0.097222
