0 0.117969 0.761806 0.037500 0.112500
0 0.860547 0.097917 0.041406 0.090278
0 0.277734 0.475694 0.055469 0.081944
0 0.201563 0.457639 0.050000 0.090278
0 0.119141 0.497917 0.046094 0.101389
0 0.233594 0.568056 0.042188 0.122222
0 0.185156 0.621528 0.048438 0.095833
0 0.243750 0.487500 0.050000 0.105556
0 0.886328 0.682639 0.039844 0.101389
0 0.891797 0.145833 0.036719 0.086111
0 0.508203 0.653472 0.083594 0.087500
0 0.891406 0.743056 0.053125 0.063889
0 0.874219 0.300000 0.039062 0.088889
0 0.878516 0.390972 0.038281 0.109722
0 0.853125 0.262500 0.046875 0.075000
0 0.921094 0.750694 0.040625 0.065278
0 0.897656 0.286111 0.025000 0.072222
0 0.882422 0.238889 0.047656 0.061111
0 0.796875 0.095139 0.046875 0.087500
0 0.745703 0.637500 0.050781 0.058333
0 0.835156 0.082639 0.043750 0.068056
0 0.751172 0.121528 0.058594 0.079167
0 0.112109 0.563194 0.035156 0.090278
0 0.827344 0.136806 0.046875 0.101389
0 0.864453 0.148611 0.036719 0.077778
0 0.372266 0.656250 0.063281 0.081944
