0 0.174609 0.118750 0.044531 0.087500
0 0.219531 0.099306 0.051562 0.079167
0 0.143750 0.192361 0.039062 0.131944
0 0.104688 0.204167 0.034375 0.130556
0 0.148047 0.305556 0.060156 0.083333
0 0.211328 0.375000 0.053906 0.075000
0 0.114453 0.384722 0.055469 0.075000
0 0.117578 0.456944 0.047656 0.086111
0 0.116406 0.510417 0.048438 0.048611
0 0.106250 0.582639 0.034375 0.098611
0 0.146094 0.563194 0.051562 0.087500
0 0.142187 0.801389 0.039062 0.100000
0 0.483594 0.660417 0.053125 0.084722
0 0.517188 0.721528 0.054688 0.118056
0 0.554688 0.588889 0.053125 0.136111
0 0.864453 0.548611 0.049219 0.088889
0 0.878516 0.507639 0.039844 0.073611
0 0.870703 0.363194 0.032031 0.115278
0 0.876953 0.438889 0.041406 0.108333
0 0.699219 0.377778 0.046875 0.133333
0 0.488281 0.315278 0.079687 0.094444
0 0.609375 0.102778 0.048438 0.127778
0 0.779297 0.143056 0.039844 0.122222
0 0.801562 0.091667 0.053125 0.075000
0 0.883984 0.870833 0.039844 0.080556
0 0.854297 0.407639 0.044531 0.051389
