0 0.116797 0.663889 0.047656 0.066667
0 0.856250 0.132639 0.029687 0.109722
0 0.271484 0.479167 0.053906 0.077778
0 0.234375 0.518056 0.056250 0.075000
0 0.128125 0.565972 0.054688 0.084722
0 0.150391 0.773611 0.046094 0.091667
0 0.132031 0.704861 0.045312 0.079167
0 0.413281 0.590972 0.050000 0.120833
0 0.885938 0.680556 0.046875 0.072222
0 0.892188 0.140278 0.025000 0.086111
0 0.513672 0.652083 0.075781 0.084722
0 0.887891 0.736111 0.044531 0.066667
0 0.875391 0.294444 0.036719 0.094444
0 0.879297 0.390278 0.036719 0.111111
0 0.858984 0.250694 0.049219 0.098611
0 0.923828 0.750000 0.046094 0.066667
0 0.896094 0.271528 0.031250 0.098611
0 0.834766 0.181944 0.042969 0.072222
0 0.798047 0.080556 0.039844 0.100000
0 0.745703 0.638889 0.050781 0.061111
0 0.831641 0.077778 0.039844 0.047222
0 0.748828 0.122222 0.058594 0.080556
0 0.108984 0.630556 0.046094 0.052778
0 0.623437 0.604861 0.045312 0.093056
0 0.832422 0.125000 0.035156 0.091667
0 0.875000 0.140278 0.025000 0.088889
0 0.376563 0.643750 0.076563 0.079167
0 0.864062 0.075000 0.045312 0.063889
