0 0.140625 0.257639 0.043750 0.070833
0 0.153125 0.372917 0.067187 0.087500
0 0.112500 0.407639 0.048438 0.079167
0 0.123047 0.520833 0.036719 0.075000
0 0.153516 0.522917 0.038281 0.098611
0 0.125000 0.767361 0.051562 0.070833
0 0.160938 0.890972 0.059375 0.062500
0 0.381641 0.925000 0.050781 0.075000
0 0.802344 0.910417 0.034375 0.090278
0 0.815234 0.718750 0.036719 0.112500
0 0.512891 0.444444 0.028906 0.108333
0 0.577344 0.602083 0.046875 0.101389
0 0.553516 0.675000 0.047656 0.083333
0 0.625781 0.643750 0.045312 0.054167
0 0.654687 0.600694 0.050000 0.098611
0 0.683203 0.692361 0.036719 0.095833
0 0.757422 0.696528 0.061719 0.084722
0 0.803516 0.572917 0.064844 0.081944
0 0.849219 0.561111 0.032813 0.116667
0 0.691016 0.275694 0.060156 0.093056
0 0.745313 0.324306 0.062500 0.076389
0 0.723437 0.055556 0.037500 0.108333
0 0.756250 0.089583 0.037500 0.070833
0 0.804297 0.132639 0.035156 0.070833
0 0.852344 0.104861 0.046875 0.109722
0 0.872656 0.328472 0.048438 0.079167
0 0.778516 0.678472 0.030469 0.112500
