0 0.132812 0.581250 0.062500 0.106944
0 0.258984 0.183333 0.086719 0.113889
0 0.201172 0.052083 0.057031 0.101389
0 0.700000 0.178472 0.084375 0.098611
0 0.282813 0.388889 0.059375 0.108333
0 0.539844 0.587500 0.089063 0.100000
0 0.610547 0.627778 0.063281 0.130556
0 0.341016 0.156250 0.067969 0.187500
0 0.698438 0.102778 0.073438 0.127778
0 0.806250 0.680556 0.070312 0.127778
0 0.855469 0.365278 0.053125 0.177778
0 0.747266 0.577778 0.066406 0.163889
0 0.215234 0.447917 0.066406 0.093056
0 0.236719 0.340278 0.084375 0.108333
0 0.282813 0.046528 0.120313 0.090278
0 0.716016 0.694444 0.055469 0.088889
0 0.162109 0.178472 0.049219 0.151389
