0 0.401027 0.73467 0.054673 0.127041
0 0.285885 0.494685 0.0695187 0.0935467
0 0.470059 0.398978 0.0473773 0.14315
0 0.174475 0.629841 0.0733881 0.0955387
0 0.35919 0.424279 0.0635644 0.0853556
0 0.221548 0.1922 0.0492177 0.123046
0 0.436787 0.566924 0.0843379 0.105751
0 0.53989 0.2632 0.0622927 0.164322
0 0.859288 0.771823 0.0568174 0.0913276
0 0.340423 0.667332 0.0596358 0.162493
0 0.237308 0.717067 0.058096 0.110273
0 0.861196 0.425808 0.0525839 0.110644
0 0.195129 0.329699 0.0611662 0.154178
0 0.541719 0.404332 0.07234 0.12713
0 0.417596 0.208326 0.0659057 0.107382
0 0.147885 0.539486 0.0754182 0.105934
0 0.604375 0.669504 0.069733 0.069443
0 0.17152 0.757547 0.0614091 0.099706
0 0.223785 0.585859 0.0677115 0.150522
0 0.117858 0.189836 0.0515483 0.0687229
0 0.189702 0.116275 0.0499794 0.13978
0 0.61326 0.408281 0.0753828 0.111989
0 0.4883 0.266366 0.0502065 0.156371
0 0.858982 0.576711 0.0542282 0.105361
0 0.128653 0.252919 0.0356958 0.0903887
0 0.163211 0.232103 0.0411857 0.117531
