0 0.125391 0.692361 0.039844 0.056944
0 0.445312 0.356250 0.062500 0.084722
0 0.266016 0.482639 0.058594 0.079167
0 0.237500 0.522222 0.045312 0.075000
0 0.126562 0.564583 0.054688 0.079167
0 0.134766 0.745833 0.057031 0.069444
0 0.619922 0.704861 0.042969 0.137500
0 0.376953 0.593056 0.055469 0.102778
0 0.886328 0.686111 0.047656 0.069444
0 0.890625 0.132639 0.032813 0.070833
0 0.508594 0.648611 0.067187 0.083333
0 0.837109 0.094444 0.032031 0.102778
0 0.364453 0.663194 0.064844 0.084722
0 0.891406 0.742361 0.048438 0.059722
0 0.876563 0.309722 0.037500 0.080556
0 0.881250 0.388889 0.037500 0.102778
0 0.860938 0.251389 0.045312 0.097222
0 0.923438 0.765972 0.043750 0.065278
0 0.891406 0.263194 0.035937 0.090278
0 0.806641 0.122917 0.038281 0.087500
0 0.739453 0.326389 0.057031 0.102778
0 0.751563 0.636111 0.050000 0.058333
0 0.866016 0.072222 0.038281 0.063889
0 0.749219 0.120139 0.060937 0.073611
0 0.119922 0.646528 0.046094 0.056944
0 0.511719 0.306944 0.060937 0.077778
0 0.867188 0.125694 0.040625 0.070833
0 0.810937 0.065972 0.029687 0.068056
