0 0.278516 0.733333 0.072656 0.075000
0 0.137891 0.821528 0.041406 0.095833
0 0.566406 0.375694 0.071875 0.079167
0 0.149219 0.227778 0.039062 0.141667
0 0.309766 0.388194 0.075781 0.101389
0 0.178906 0.300000 0.043750 0.152778
0 0.548828 0.723611 0.061719 0.075000
0 0.400000 0.298611 0.057813 0.138889
0 0.306641 0.588194 0.053906 0.131944
0 0.672266 0.075000 0.074219 0.077778
0 0.456250 0.636111 0.076563 0.097222
0 0.119531 0.563194 0.046875 0.090278
0 0.402734 0.842361 0.064844 0.109722
0 0.635547 0.389583 0.064844 0.084722
0 0.376563 0.094444 0.054688 0.088889
0 0.401562 0.699306 0.071875 0.101389
0 0.333203 0.480556 0.053906 0.138889
0 0.130469 0.648611 0.057813 0.075000
0 0.274219 0.635417 0.067187 0.095833
0 0.337109 0.147222 0.050781 0.133333
0 0.723437 0.075000 0.053125 0.063889
0 0.864844 0.358333 0.037500 0.122222
0 0.127344 0.485417 0.051562 0.073611
0 0.281641 0.935417 0.050781 0.112500
0 0.238672 0.297917 0.041406 0.123611
0 0.123438 0.268056 0.037500 0.105556
