0 0.150781 0.425694 0.065625 0.104167
0 0.696875 0.132639 0.057813 0.162500
0 0.303516 0.415972 0.064844 0.195833
0 0.175000 0.140278 0.056250 0.161111
0 0.133203 0.331250 0.036719 0.106944
0 0.308594 0.286806 0.089063 0.131944
0 0.242578 0.356250 0.064844 0.143056
0 0.326953 0.074306 0.080469 0.145833
0 0.837500 0.466667 0.059375 0.136111
0 0.823828 0.184028 0.080469 0.109722
0 0.886328 0.769444 0.064844 0.077778
0 0.885547 0.689583 0.069531 0.081944
0 0.644141 0.106944 0.060156 0.166667
0 0.599219 0.743056 0.084375 0.088889
0 0.818359 0.665278 0.078906 0.119444
0 0.232422 0.038194 0.071094 0.073611
0 0.371875 0.198611 0.101562 0.111111
0 0.265234 0.113889 0.063281 0.144444
0 0.157812 0.309028 0.046875 0.090278
