0 0.143359 0.756250 0.044531 0.087500
0 0.437500 0.102778 0.071875 0.083333
0 0.123047 0.689583 0.033594 0.112500
0 0.551953 0.601389 0.047656 0.116667
0 0.375000 0.926389 0.050000 0.100000
0 0.651563 0.588194 0.046875 0.123611
0 0.759766 0.837500 0.038281 0.105556
0 0.738281 0.927778 0.060937 0.077778
0 0.596484 0.600000 0.047656 0.113889
0 0.873437 0.223611 0.051562 0.063889
0 0.843750 0.306944 0.028125 0.113889
0 0.117578 0.401389 0.032031 0.108333
0 0.108594 0.840972 0.034375 0.076389
0 0.673438 0.739583 0.040625 0.118056
0 0.853516 0.153472 0.044531 0.073611
0 0.800000 0.454167 0.054688 0.122222
0 0.122656 0.590278 0.046875 0.091667
0 0.330078 0.923611 0.042969 0.086111
0 0.665234 0.113889 0.064844 0.083333
0 0.626953 0.322917 0.039844 0.123611
0 0.566406 0.440278 0.034375 0.116667
0 0.784766 0.338194 0.039844 0.118056
0 0.591016 0.393056 0.053906 0.100000
0 0.155469 0.648611 0.035937 0.111111
0 0.112891 0.493750 0.060156 0.059722
0 0.818359 0.324306 0.038281 0.073611
0 0.632422 0.686806 0.055469 0.101389
0 0.513672 0.412500 0.052344 0.094444
