0 0.175000 0.580556 0.054688 0.111111
0 0.135547 0.812500 0.041406 0.088889
0 0.563281 0.374306 0.075000 0.068056
0 0.150000 0.229167 0.043750 0.138889
0 0.310937 0.390278 0.075000 0.108333
0 0.201172 0.188194 0.067969 0.093056
0 0.546094 0.724306 0.060937 0.079167
0 0.400781 0.300000 0.056250 0.147222
0 0.333203 0.633333 0.072656 0.111111
0 0.670312 0.075694 0.070312 0.076389
0 0.460156 0.633333 0.076563 0.100000
0 0.123047 0.576389 0.041406 0.108333
0 0.398047 0.843750 0.055469 0.112500
0 0.636719 0.378472 0.057813 0.062500
0 0.375781 0.096528 0.057813 0.098611
0 0.404297 0.702778 0.075781 0.102778
0 0.331250 0.484028 0.056250 0.143056
0 0.130469 0.648611 0.057813 0.075000
0 0.276172 0.593750 0.052344 0.159722
0 0.345703 0.148611 0.060156 0.111111
0 0.724219 0.066667 0.054688 0.047222
0 0.863281 0.359028 0.040625 0.123611
0 0.127344 0.489583 0.051562 0.073611
0 0.281641 0.937500 0.050781 0.116667
0 0.251172 0.465972 0.058594 0.084722
0 0.228516 0.634722 0.047656 0.130556
