0 0.361719 0.666667 0.060937 0.163889
0 0.321484 0.327778 0.069531 0.113889
0 0.153125 0.265278 0.043750 0.080556
0 0.446484 0.120833 0.064844 0.119444
0 0.194141 0.126389 0.052344 0.141667
0 0.491797 0.481250 0.077344 0.079167
0 0.511328 0.276389 0.060156 0.144444
0 0.186719 0.302083 0.046875 0.143056
0 0.144922 0.196528 0.072656 0.073611
0 0.158984 0.395139 0.057031 0.118056
0 0.311328 0.209722 0.083594 0.102778
0 0.167187 0.672917 0.045312 0.151389
0 0.187500 0.604861 0.075000 0.098611
0 0.479687 0.582639 0.090625 0.112500
0 0.568359 0.581250 0.074219 0.084722
0 0.613281 0.361111 0.098437 0.083333
0 0.215625 0.506944 0.079687 0.086111
0 0.128125 0.567361 0.046875 0.154167
0 0.476172 0.404167 0.080469 0.077778
0 0.392578 0.586111 0.088281 0.116667
0 0.311328 0.638889 0.057031 0.163889
0 0.875391 0.451389 0.060156 0.097222
0 0.746875 0.693750 0.054688 0.115278
0 0.125781 0.309722 0.028125 0.119444
0 0.826172 0.845833 0.064844 0.108333
0 0.863672 0.722917 0.044531 0.109722
