0 0.532031 0.844444 0.064062 0.144444
0 0.332422 0.509028 0.069531 0.115278
0 0.783594 0.093056 0.068750 0.094444
0 0.548438 0.070833 0.056250 0.138889
0 0.371094 0.686806 0.068750 0.101389
0 0.262891 0.168750 0.058594 0.093056
0 0.656641 0.318750 0.067969 0.123611
0 0.560937 0.220139 0.056250 0.118056
0 0.874609 0.588889 0.057031 0.105556
0 0.719922 0.523611 0.064844 0.075000
0 0.818359 0.129167 0.049219 0.105556
0 0.233203 0.282639 0.066406 0.093056
0 0.791797 0.372917 0.066406 0.093056
0 0.141016 0.108333 0.057031 0.094444
0 0.323828 0.683333 0.046094 0.080556
0 0.616406 0.627083 0.092188 0.115278
0 0.829688 0.248611 0.050000 0.127778
0 0.881641 0.695833 0.046094 0.147222
0 0.798047 0.605556 0.053906 0.133333
0 0.670312 0.106944 0.050000 0.163889
0 0.184375 0.084722 0.064062 0.088889
