0 0.409375 0.595139 0.071875 0.084722
0 0.171875 0.206250 0.062500 0.101389
0 0.195312 0.439583 0.057813 0.095833
0 0.674219 0.132639 0.040625 0.131944
0 0.540625 0.445833 0.056250 0.136111
0 0.516016 0.793750 0.064844 0.118056
0 0.151562 0.359722 0.042188 0.113889
0 0.357031 0.851389 0.082812 0.088889
0 0.119922 0.333333 0.057031 0.097222
0 0.185547 0.650694 0.077344 0.081944
0 0.629687 0.182639 0.068750 0.090278
0 0.224609 0.538889 0.058594 0.116667
0 0.662500 0.060417 0.070312 0.070833
0 0.132031 0.270139 0.059375 0.073611
0 0.857812 0.827778 0.051562 0.091667
0 0.236328 0.246528 0.061719 0.104167
0 0.121094 0.575000 0.039062 0.119444
0 0.461328 0.450000 0.067969 0.147222
0 0.157031 0.119444 0.045312 0.072222
0 0.128906 0.778472 0.054688 0.065278
0 0.462109 0.804167 0.046094 0.113889
0 0.290234 0.520139 0.066406 0.123611
0 0.426563 0.317361 0.037500 0.109722
0 0.116016 0.211806 0.036719 0.081944
0 0.366406 0.445833 0.032813 0.136111
0 0.614062 0.109028 0.062500 0.073611
