0 0.181924 0.331164 0.0467111 0.127418
0 0.665533 0.525792 0.060932 0.146019
0 0.585299 0.65889 0.0911512 0.10471
0 0.675516 0.379922 0.0630014 0.137879
0 0.431448 0.506477 0.0592547 0.117896
0 0.680811 0.217294 0.0641557 0.137491
0 0.301276 0.46106 0.0796771 0.0933651
0 0.382853 0.258278 0.0629913 0.163065
0 0.185432 0.152846 0.0689769 0.109727
0 0.247439 0.0700275 0.0555543 0.140055
0 0.355743 0.507179 0.0718037 0.12333
0 0.162037 0.600751 0.068702 0.0934205
0 0.168562 0.684342 0.0748228 0.0952446
0 0.258562 0.273314 0.0647397 0.0906734
0 0.738329 0.399387 0.0662615 0.111196
0 0.23615 0.653575 0.0520109 0.1415
0 0.35665 0.588286 0.0676964 0.0678267
0 0.208024 0.260653 0.0527323 0.146807
0 0.137019 0.298727 0.0482918 0.137805
0 0.815599 0.149182 0.0457759 0.11152
0 0.135919 0.71405 0.0358853 0.12244
0 0.321542 0.0465708 0.0673578 0.0931416
0 0.341273 0.363804 0.0902124 0.0947456
