0 0.701953 0.515278 0.063281 0.147222
0 0.294141 0.736111 0.063281 0.083333
0 0.155859 0.158333 0.047656 0.127778
0 0.427344 0.650000 0.078125 0.102778
0 0.345313 0.534722 0.070312 0.127778
0 0.356641 0.215278 0.072656 0.116667
0 0.322656 0.061111 0.064062 0.119444
0 0.298828 0.639583 0.074219 0.098611
0 0.559375 0.479167 0.059375 0.166667
0 0.477344 0.425694 0.057813 0.137500
0 0.353516 0.347222 0.067969 0.111111
0 0.239063 0.222917 0.051562 0.143056
0 0.287891 0.473611 0.066406 0.122222
0 0.413672 0.554167 0.063281 0.136111
0 0.138672 0.355556 0.055469 0.088889
0 0.198437 0.680556 0.042188 0.097222
0 0.662891 0.347917 0.060156 0.151389
0 0.460938 0.043056 0.090625 0.083333
0 0.229687 0.088889 0.060937 0.122222
0 0.768359 0.535417 0.074219 0.095833
0 0.146875 0.635417 0.053125 0.126389
0 0.386719 0.044444 0.082812 0.086111
0 0.207813 0.032639 0.070312 0.062500
