0 0.134766 0.588889 0.061719 0.119444
0 0.302344 0.243056 0.065625 0.172222
0 0.700000 0.196528 0.070312 0.134722
0 0.362891 0.164583 0.058594 0.118056
0 0.507422 0.536111 0.071094 0.147222
0 0.611328 0.633333 0.063281 0.130556
0 0.453125 0.350694 0.065625 0.156944
0 0.700391 0.084028 0.055469 0.156944
0 0.807813 0.677778 0.071875 0.119444
0 0.858203 0.353472 0.052344 0.179167
0 0.752734 0.570139 0.067969 0.170833
0 0.275781 0.353472 0.050000 0.165278
0 0.226562 0.473611 0.064062 0.183333
0 0.717969 0.690278 0.050000 0.097222
0 0.159766 0.190972 0.052344 0.145833
0 0.196094 0.283333 0.089063 0.130556
0 0.791016 0.295833 0.060156 0.108333
0 0.148828 0.096528 0.064844 0.081944
