0 0.279297 0.094444 0.069531 0.091667
0 0.135156 0.768056 0.040625 0.108333
0 0.569531 0.375694 0.075000 0.068056
0 0.147266 0.238194 0.039844 0.123611
0 0.314844 0.404167 0.067187 0.100000
0 0.234766 0.116667 0.055469 0.100000
0 0.338672 0.611806 0.035156 0.131944
0 0.547266 0.724306 0.061719 0.076389
0 0.262500 0.317361 0.071875 0.118056
0 0.423047 0.631944 0.077344 0.097222
0 0.426953 0.782639 0.053906 0.087500
0 0.661719 0.081250 0.075000 0.087500
0 0.241797 0.225000 0.063281 0.088889
0 0.121094 0.564583 0.060937 0.070833
0 0.388672 0.843750 0.077344 0.129167
0 0.870703 0.360417 0.038281 0.123611
0 0.408984 0.292361 0.049219 0.154167
0 0.198828 0.847222 0.044531 0.080556
0 0.143359 0.386111 0.052344 0.116667
0 0.320703 0.584722 0.046094 0.155556
0 0.128125 0.643056 0.054688 0.072222
0 0.276953 0.584028 0.047656 0.140278
0 0.342578 0.293750 0.074219 0.095833
0 0.721094 0.067361 0.050000 0.048611
0 0.714844 0.834028 0.035937 0.098611
0 0.124609 0.481250 0.055469 0.073611
