0 0.459911 0.0549254 0.081567 0.108255
0 0.293482 0.124446 0.0868658 0.105945
0 0.277113 0.47208 0.0694186 0.101684
0 0.525803 0.392364 0.0981569 0.114235
0 0.326454 0.517062 0.0533313 0.149782
0 0.675401 0.523133 0.0616232 0.153781
0 0.584875 0.322105 0.0629692 0.107988
0 0.7333 0.533704 0.0566109 0.148302
0 0.360123 0.141143 0.0558214 0.158301
0 0.160032 0.177275 0.0646731 0.105374
0 0.444891 0.490026 0.0623621 0.133835
0 0.58948 0.709523 0.0766581 0.0772495
0 0.138616 0.635284 0.0540731 0.134549
0 0.13999 0.318597 0.0504296 0.137728
0 0.650252 0.352495 0.0886045 0.113071
0 0.219059 0.0469736 0.0551081 0.0939471
0 0.362113 0.56636 0.0773923 0.107495
0 0.732713 0.234629 0.0615019 0.128602
0 0.197643 0.585677 0.0626292 0.0981847
0 0.162829 0.452323 0.0466696 0.122268
0 0.140742 0.547296 0.0568689 0.0722248
0 0.317606 0.0372667 0.0652729 0.0745334
