0 0.19181 0.272734 0.0549183 0.156901
0 0.476346 0.453543 0.0858051 0.101392
0 0.131123 0.191367 0.0457469 0.13396
0 0.571346 0.487079 0.0764919 0.131623
0 0.706985 0.326131 0.0530331 0.117772
0 0.58097 0.691783 0.0918089 0.118116
0 0.714949 0.468817 0.0619774 0.153295
0 0.292988 0.429359 0.0973431 0.113837
0 0.283305 0.0705727 0.0527029 0.141145
0 0.146605 0.375345 0.0523268 0.115081
0 0.409328 0.59234 0.0512726 0.141246
0 0.211132 0.078094 0.0557693 0.137457
0 0.571254 0.328976 0.0772234 0.120412
0 0.40665 0.718308 0.0711365 0.0958259
0 0.64618 0.224264 0.0634003 0.12853
0 0.296501 0.596304 0.0472773 0.121884
0 0.171832 0.703403 0.0731455 0.0867255
0 0.259171 0.27543 0.0708637 0.0897134
0 0.301026 0.204846 0.0844748 0.109476
0 0.339072 0.128508 0.0508367 0.14337
0 0.134431 0.675456 0.0410995 0.112482
0 0.17159 0.602267 0.0466209 0.108915
0 0.135274 0.118586 0.0518851 0.0624647
