0 0.179297 0.680556 0.050781 0.136111
0 0.231641 0.759028 0.035156 0.118056
0 0.275000 0.708333 0.059375 0.111111
0 0.346484 0.814583 0.083594 0.104167
0 0.255469 0.558333 0.065625 0.113889
0 0.244531 0.465972 0.062500 0.079167
0 0.183594 0.416667 0.071875 0.088889
0 0.150391 0.381944 0.044531 0.097222
0 0.125781 0.429861 0.045312 0.131944
0 0.295312 0.360417 0.051562 0.148611
0 0.315625 0.425694 0.054688 0.143056
0 0.392188 0.515278 0.064062 0.069444
0 0.467969 0.561111 0.054688 0.136111
0 0.545703 0.732639 0.082031 0.087500
0 0.431250 0.872222 0.070312 0.094444
0 0.669531 0.734722 0.059375 0.080556
0 0.607031 0.370139 0.078125 0.090278
0 0.617188 0.184722 0.075000 0.111111
0 0.674219 0.140278 0.043750 0.119444
0 0.614844 0.102083 0.054688 0.076389
0 0.659766 0.067361 0.071094 0.073611
0 0.526563 0.092361 0.057813 0.112500
0 0.857031 0.263889 0.045312 0.108333
0 0.871875 0.370833 0.053125 0.100000
0 0.158594 0.588889 0.059375 0.080556
0 0.168750 0.142361 0.050000 0.073611
