0 0.311287 0.48417 0.0847896 0.104931
0 0.230245 0.0900507 0.0674651 0.101315
0 0.530373 0.590518 0.0698841 0.0779421
0 0.295862 0.628766 0.0473471 0.135298
0 0.574084 0.194417 0.0614738 0.117945
0 0.688489 0.614356 0.0642775 0.115035
0 0.618405 0.835836 0.0701281 0.0943276
0 0.290592 0.403877 0.066379 0.0794269
0 0.135341 0.416172 0.0528172 0.125207
0 0.515352 0.434837 0.0634205 0.176038
0 0.33891 0.644577 0.0452139 0.151942
0 0.316518 0.103541 0.0812973 0.0931434
0 0.804489 0.718899 0.0689468 0.0916372
0 0.718541 0.379798 0.0811955 0.095157
0 0.857883 0.776258 0.053623 0.0939362
0 0.134907 0.253729 0.0444336 0.121155
0 0.183794 0.387889 0.056984 0.10748
0 0.414445 0.569627 0.058729 0.126684
0 0.611791 0.718293 0.0600634 0.116852
0 0.209815 0.296411 0.0759586 0.103769
0 0.253726 0.533496 0.0599649 0.144369
0 0.198785 0.746395 0.0539196 0.124927
0 0.337687 0.187499 0.0796802 0.0718138
0 0.211595 0.160757 0.060106 0.0922373
0 0.174028 0.69412 0.068737 0.0888869
0 0.72996 0.831643 0.0573551 0.0740255
