0 0.526953 0.250000 0.039844 0.136111
0 0.190625 0.177083 0.043750 0.065278
0 0.122266 0.572222 0.035156 0.077778
0 0.135547 0.630556 0.035156 0.069444
0 0.144531 0.725000 0.032813 0.091667
0 0.113281 0.722917 0.028125 0.068056
0 0.125391 0.763889 0.041406 0.058333
0 0.136328 0.822917 0.050781 0.065278
0 0.407031 0.601389 0.043750 0.105556
0 0.502344 0.659028 0.060937 0.062500
0 0.557422 0.652083 0.069531 0.079167
0 0.836719 0.829167 0.042188 0.072222
0 0.786719 0.915972 0.053125 0.065278
0 0.827344 0.908333 0.046875 0.063889
0 0.874219 0.885417 0.040625 0.076389
0 0.882812 0.811806 0.040625 0.079167
0 0.887891 0.744444 0.042969 0.069444
0 0.878516 0.486806 0.038281 0.087500
0 0.874219 0.279167 0.053125 0.063889
0 0.680078 0.358333 0.074219 0.080556
0 0.525781 0.413194 0.067187 0.056944
0 0.575781 0.275694 0.042188 0.095833
0 0.560547 0.183333 0.041406 0.111111
0 0.723828 0.062500 0.047656 0.075000
0 0.612109 0.056944 0.069531 0.080556
0 0.761328 0.072917 0.032031 0.081944
0 0.784375 0.068750 0.043750 0.087500
