0 0.368750 0.661806 0.079687 0.101389
0 0.234375 0.229167 0.048438 0.086111
0 0.421094 0.680556 0.051562 0.150000
0 0.874219 0.706250 0.040625 0.109722
0 0.169922 0.361806 0.057031 0.137500
0 0.614844 0.597222 0.078125 0.086111
0 0.335547 0.627778 0.041406 0.113889
0 0.743750 0.750000 0.060937 0.097222
0 0.894922 0.635417 0.046094 0.093056
0 0.660156 0.534722 0.053125 0.072222
0 0.518359 0.413889 0.053906 0.152778
0 0.900000 0.413194 0.059375 0.084722
0 0.155078 0.180556 0.047656 0.091667
0 0.736328 0.604167 0.038281 0.116667
0 0.774609 0.840972 0.061719 0.084722
0 0.842578 0.771528 0.069531 0.076389
0 0.826172 0.635417 0.086719 0.165278
0 0.790625 0.723611 0.053125 0.138889
0 0.842578 0.522222 0.063281 0.111111
0 0.696094 0.602778 0.045312 0.163889
0 0.829297 0.720833 0.044531 0.100000
0 0.200781 0.195139 0.053125 0.156944
