0 0.817578 0.140972 0.077344 0.109722
0 0.220703 0.277778 0.072656 0.116667
0 0.149219 0.278472 0.064062 0.109722
0 0.136328 0.519444 0.080469 0.091667
0 0.866797 0.631250 0.074219 0.081944
0 0.584375 0.806250 0.084375 0.098611
0 0.789453 0.772917 0.042969 0.123611
0 0.886719 0.285417 0.048438 0.129167
0 0.687500 0.290972 0.081250 0.098611
0 0.269141 0.686806 0.047656 0.151389
0 0.844922 0.752083 0.055469 0.118056
0 0.392578 0.077778 0.074219 0.127778
0 0.841797 0.238889 0.050781 0.136111
0 0.885547 0.567361 0.058594 0.090278
0 0.143359 0.190278 0.058594 0.122222
0 0.214844 0.604861 0.071875 0.115278
0 0.268750 0.793056 0.075000 0.094444
0 0.751172 0.795139 0.039844 0.112500
0 0.867188 0.701389 0.057813 0.066667
