0 0.462500 0.305556 0.075000 0.188889
0 0.317578 0.195833 0.071094 0.113889
0 0.153906 0.248611 0.067187 0.111111
0 0.292187 0.299306 0.112500 0.118056
0 0.368750 0.165278 0.054688 0.180556
0 0.238672 0.243750 0.057031 0.134722
0 0.875391 0.400694 0.041406 0.151389
0 0.777734 0.370833 0.077344 0.113889
0 0.601953 0.747222 0.072656 0.102778
0 0.803125 0.683333 0.068750 0.122222
0 0.678906 0.253472 0.071875 0.170833
0 0.152344 0.161806 0.057813 0.081944
0 0.314063 0.133333 0.076563 0.122222
0 0.884766 0.622222 0.072656 0.083333
0 0.490234 0.689583 0.064844 0.159722
0 0.435547 0.200000 0.091406 0.105556
0 0.777734 0.770139 0.067969 0.079167
0 0.220703 0.086806 0.074219 0.145833
0 0.283984 0.088889 0.071094 0.133333
