0 0.520312 0.131250 0.082812 0.101389
0 0.431641 0.245833 0.075781 0.105556
0 0.361328 0.273611 0.067969 0.086111
0 0.283594 0.090972 0.065625 0.076389
0 0.191016 0.136806 0.044531 0.134722
0 0.223438 0.174306 0.054688 0.123611
0 0.214453 0.265278 0.072656 0.091667
0 0.153906 0.286806 0.039062 0.093056
0 0.130859 0.205556 0.041406 0.100000
0 0.198047 0.361111 0.060156 0.091667
0 0.169531 0.636111 0.051562 0.144444
0 0.237109 0.696528 0.058594 0.123611
0 0.260547 0.765278 0.075781 0.086111
0 0.356641 0.611806 0.069531 0.140278
0 0.363281 0.429167 0.054688 0.094444
0 0.480859 0.459028 0.075781 0.095833
0 0.523047 0.345833 0.080469 0.077778
0 0.507422 0.556944 0.080469 0.108333
0 0.454688 0.697222 0.065625 0.116667
0 0.682813 0.576389 0.060937 0.138889
0 0.682422 0.731250 0.049219 0.156944
0 0.768359 0.409722 0.069531 0.088889
0 0.745313 0.615278 0.057813 0.088889
0 0.794531 0.847917 0.042188 0.120833
0 0.861328 0.761111 0.041406 0.091667
0 0.873047 0.622917 0.041406 0.090278
