0 0.816797 0.141667 0.075781 0.111111
0 0.223828 0.278472 0.071094 0.112500
0 0.148828 0.280556 0.064844 0.113889
0 0.154688 0.518750 0.071875 0.084722
0 0.866016 0.636111 0.067969 0.072222
0 0.583984 0.806944 0.085156 0.097222
0 0.789062 0.772917 0.042188 0.123611
0 0.885547 0.285417 0.046094 0.129167
0 0.684766 0.289583 0.086719 0.093056
0 0.273828 0.668750 0.061719 0.129167
0 0.843750 0.752778 0.053125 0.119444
0 0.392578 0.077778 0.074219 0.127778
0 0.844922 0.239583 0.050781 0.131944
0 0.883594 0.565972 0.057813 0.093056
0 0.143750 0.189583 0.057813 0.123611
0 0.221484 0.603472 0.074219 0.104167
0 0.261328 0.768750 0.082031 0.090278
0 0.751172 0.802083 0.039844 0.112500
0 0.866406 0.702778 0.056250 0.069444
0 0.132812 0.578472 0.039062 0.095833
