0 0.208594 0.431944 0.076563 0.108333
0 0.390234 0.584722 0.083594 0.127778
0 0.302734 0.409722 0.067969 0.177778
0 0.139063 0.364583 0.043750 0.120833
0 0.135937 0.488194 0.065625 0.126389
0 0.175391 0.140278 0.066406 0.119444
0 0.321484 0.279861 0.078906 0.131944
0 0.436719 0.291667 0.095312 0.102778
0 0.242969 0.090972 0.068750 0.156944
0 0.137500 0.220833 0.048438 0.138889
0 0.327344 0.112500 0.085938 0.172222
0 0.851172 0.394444 0.060156 0.113889
0 0.766016 0.502083 0.094531 0.098611
0 0.913672 0.792361 0.053906 0.073611
0 0.875781 0.689583 0.051562 0.090278
0 0.649219 0.078472 0.085938 0.126389
0 0.603906 0.748611 0.075000 0.094444
0 0.820703 0.672222 0.083594 0.100000
0 0.160938 0.042361 0.057813 0.081944
