0 0.303125 0.621528 0.073438 0.081944
0 0.292578 0.141667 0.035156 0.094444
0 0.125781 0.715972 0.039062 0.104167
0 0.344141 0.258333 0.064844 0.116667
0 0.662891 0.157639 0.044531 0.104167
0 0.120703 0.450000 0.041406 0.122222
0 0.149219 0.679861 0.039062 0.098611
0 0.214844 0.819444 0.057813 0.083333
0 0.186328 0.459028 0.044531 0.123611
0 0.389062 0.099306 0.043750 0.118056
0 0.317969 0.559028 0.057813 0.068056
0 0.136719 0.897222 0.048438 0.083333
0 0.579297 0.438194 0.064844 0.115278
0 0.148047 0.527083 0.071094 0.087500
0 0.885156 0.261111 0.064062 0.077778
0 0.841797 0.790278 0.050781 0.094444
0 0.521094 0.370139 0.084375 0.095833
0 0.847266 0.155556 0.052344 0.094444
0 0.285156 0.819444 0.053125 0.097222
0 0.192969 0.620139 0.050000 0.140278
0 0.264453 0.193750 0.074219 0.098611
0 0.753906 0.108333 0.040625 0.080556
0 0.231641 0.364583 0.057031 0.087500
0 0.173047 0.149306 0.046094 0.131944
0 0.130469 0.816667 0.042188 0.075000
0 0.341016 0.096528 0.057031 0.098611
