0 0.158203 0.428472 0.066406 0.112500
0 0.703125 0.132639 0.051562 0.165278
0 0.298047 0.402083 0.066406 0.181944
0 0.155469 0.211806 0.090625 0.098611
0 0.130469 0.370139 0.039062 0.137500
0 0.202344 0.311806 0.065625 0.170833
0 0.231250 0.383333 0.065625 0.138889
0 0.516797 0.091667 0.099219 0.138889
0 0.864453 0.411806 0.061719 0.126389
0 0.818359 0.204861 0.080469 0.098611
0 0.855469 0.604861 0.059375 0.095833
0 0.667969 0.114583 0.056250 0.154167
0 0.603516 0.754861 0.072656 0.109722
0 0.877734 0.659722 0.064844 0.105556
0 0.617578 0.118056 0.086719 0.100000
0 0.357031 0.196528 0.104688 0.118056
0 0.267969 0.138194 0.075000 0.126389
0 0.153516 0.306944 0.042969 0.088889
0 0.840234 0.514583 0.075781 0.087500
0 0.857422 0.602778 0.055469 0.088889
