0 0.816797 0.148611 0.064844 0.111111
0 0.214844 0.280556 0.067187 0.111111
0 0.156250 0.250000 0.057813 0.133333
0 0.178906 0.636111 0.043750 0.150000
0 0.611719 0.495139 0.053125 0.159722
0 0.616016 0.784028 0.058594 0.134722
0 0.830078 0.779167 0.052344 0.086111
0 0.489844 0.252083 0.095312 0.115278
0 0.744141 0.802778 0.049219 0.094444
0 0.791406 0.788889 0.040625 0.127778
0 0.882812 0.280556 0.051562 0.127778
0 0.680078 0.293056 0.086719 0.094444
0 0.244531 0.606250 0.081250 0.093056
0 0.632422 0.668056 0.078906 0.105556
0 0.848437 0.734722 0.054688 0.108333
0 0.133594 0.558333 0.037500 0.086111
0 0.398438 0.075694 0.073438 0.120833
0 0.851172 0.236111 0.049219 0.127778
0 0.884766 0.577083 0.058594 0.101389
