0 0.123047 0.593056 0.041406 0.091667
0 0.126562 0.659722 0.042188 0.050000
0 0.125391 0.742361 0.050781 0.048611
0 0.132031 0.793750 0.037500 0.056944
0 0.131250 0.699306 0.046875 0.054167
0 0.317188 0.551389 0.067187 0.083333
0 0.241797 0.510417 0.049219 0.073611
0 0.399609 0.661111 0.072656 0.080556
0 0.545312 0.650000 0.076563 0.077778
0 0.891016 0.696528 0.036719 0.065278
0 0.885547 0.756944 0.044531 0.061111
0 0.863281 0.893056 0.045312 0.061111
0 0.821094 0.915972 0.040625 0.059722
0 0.782422 0.919444 0.038281 0.069444
0 0.735547 0.930556 0.055469 0.058333
0 0.878125 0.491667 0.037500 0.091667
0 0.874219 0.275694 0.054688 0.065278
0 0.662891 0.354861 0.071094 0.073611
0 0.855078 0.111806 0.032031 0.104167
0 0.767188 0.066667 0.045312 0.086111
0 0.743750 0.065972 0.029687 0.081944
0 0.713281 0.084028 0.035937 0.112500
0 0.739844 0.129861 0.031250 0.079167
0 0.587109 0.054167 0.052344 0.063889
0 0.397656 0.178472 0.059375 0.090278
0 0.313281 0.184028 0.045312 0.087500
