0 0.510547 0.449306 0.047656 0.168056
0 0.371094 0.658333 0.071875 0.111111
0 0.377344 0.064583 0.079687 0.098611
0 0.179297 0.096528 0.063281 0.106944
0 0.711719 0.737500 0.082812 0.122222
0 0.868750 0.665972 0.042188 0.126389
0 0.820312 0.647917 0.060937 0.106944
0 0.755469 0.080556 0.085938 0.088889
0 0.212891 0.263194 0.082031 0.081944
0 0.893359 0.508333 0.038281 0.102778
0 0.332422 0.621528 0.041406 0.129167
0 0.762500 0.784722 0.050000 0.147222
0 0.767578 0.675694 0.064844 0.115278
0 0.247266 0.198611 0.072656 0.102778
0 0.891797 0.155556 0.055469 0.097222
0 0.893359 0.382639 0.044531 0.090278
0 0.787891 0.456944 0.066406 0.141667
0 0.826953 0.731944 0.046094 0.083333
0 0.671094 0.228472 0.070312 0.126389
