0 0.146484 0.797917 0.036719 0.062500
0 0.128125 0.771528 0.031250 0.101389
0 0.139844 0.723611 0.051562 0.077778
0 0.142969 0.665278 0.045312 0.063889
0 0.174219 0.909028 0.057813 0.068056
0 0.331250 0.636806 0.045312 0.109722
0 0.438672 0.761806 0.039844 0.126389
0 0.525781 0.646528 0.071875 0.084722
0 0.615234 0.650694 0.055469 0.065278
0 0.632812 0.699306 0.039062 0.120833
0 0.672656 0.693056 0.051562 0.108333
0 0.646484 0.572917 0.042969 0.126389
0 0.867188 0.691667 0.045312 0.072222
0 0.873437 0.297917 0.053125 0.076389
0 0.759375 0.157639 0.054688 0.062500
0 0.529297 0.257639 0.067969 0.076389
0 0.262109 0.468750 0.057031 0.084722
0 0.241406 0.522222 0.048438 0.077778
0 0.888281 0.729167 0.037500 0.052778
0 0.899609 0.773611 0.050781 0.055556
0 0.888281 0.836111 0.034375 0.072222
0 0.863281 0.802083 0.040625 0.084722
0 0.764062 0.105556 0.043750 0.047222
0 0.773047 0.059722 0.049219 0.061111
0 0.804297 0.056250 0.038281 0.056944
0 0.798828 0.120139 0.033594 0.076389
0 0.849609 0.081944 0.055469 0.066667
0 0.724219 0.056944 0.042188 0.072222
