0 0.145313 0.762500 0.046875 0.088889
0 0.458984 0.145139 0.042969 0.068056
0 0.126953 0.606250 0.057031 0.059722
0 0.548047 0.602083 0.052344 0.104167
0 0.376953 0.927083 0.052344 0.098611
0 0.816016 0.552778 0.046094 0.088889
0 0.767969 0.646528 0.064062 0.068056
0 0.737500 0.936111 0.059375 0.086111
0 0.607031 0.584028 0.051562 0.120833
0 0.718359 0.185417 0.075781 0.076389
0 0.844141 0.329167 0.028906 0.069444
0 0.176953 0.105556 0.061719 0.080556
0 0.225000 0.849306 0.053125 0.054167
0 0.666797 0.770833 0.041406 0.105556
0 0.855859 0.152778 0.050781 0.072222
0 0.830469 0.450694 0.053125 0.112500
0 0.124219 0.489583 0.053125 0.056944
0 0.330078 0.923611 0.042969 0.086111
0 0.677344 0.129167 0.073438 0.083333
0 0.604297 0.045139 0.069531 0.076389
0 0.617969 0.106250 0.051562 0.095833
0 0.783984 0.327083 0.041406 0.154167
0 0.579297 0.422222 0.032031 0.116667
0 0.549609 0.314583 0.064844 0.118056
0 0.119141 0.542361 0.049219 0.059722
0 0.117188 0.346528 0.031250 0.081944
0 0.820312 0.327778 0.034375 0.080556
0 0.636719 0.700694 0.043750 0.140278
