0 0.726172 0.854167 0.066406 0.066667
0 0.416406 0.102083 0.065625 0.073611
0 0.142969 0.807639 0.035937 0.104167
0 0.460938 0.322917 0.081250 0.076389
0 0.374609 0.922222 0.050781 0.091667
0 0.643359 0.588889 0.039844 0.125000
0 0.730469 0.681944 0.046875 0.108333
0 0.734375 0.929861 0.062500 0.079167
0 0.587109 0.595139 0.044531 0.118056
0 0.844141 0.388889 0.042969 0.072222
0 0.841797 0.311806 0.035156 0.115278
0 0.123047 0.584722 0.042969 0.050000
0 0.113281 0.853472 0.029687 0.090278
0 0.719141 0.472917 0.060156 0.087500
0 0.879297 0.348611 0.044531 0.072222
0 0.796484 0.465972 0.039844 0.145833
0 0.119922 0.641667 0.047656 0.072222
0 0.335156 0.917361 0.048438 0.081944
0 0.725391 0.594444 0.038281 0.111111
0 0.626953 0.300694 0.050781 0.118056
0 0.519922 0.643750 0.066406 0.068056
0 0.804297 0.316667 0.044531 0.075000
0 0.684766 0.125000 0.057031 0.105556
0 0.616797 0.800000 0.071094 0.072222
0 0.116016 0.538889 0.039844 0.061111
0 0.755469 0.388889 0.056250 0.069444
0 0.647266 0.699306 0.041406 0.129167
0 0.453906 0.472222 0.048438 0.111111
