0 0.123828 0.645833 0.035156 0.088889
0 0.154688 0.650000 0.050000 0.075000
0 0.482422 0.473611 0.044531 0.116667
0 0.417969 0.935417 0.053125 0.081944
0 0.384375 0.917361 0.048438 0.101389
0 0.801562 0.911111 0.039062 0.097222
0 0.655078 0.649306 0.074219 0.081944
0 0.461328 0.934028 0.060156 0.079167
0 0.641016 0.777778 0.063281 0.077778
0 0.814844 0.254861 0.043750 0.123611
0 0.522656 0.653472 0.067187 0.079167
0 0.811719 0.834722 0.028125 0.080556
0 0.850000 0.812500 0.045312 0.061111
0 0.589844 0.652778 0.056250 0.058333
0 0.843750 0.159722 0.046875 0.066667
0 0.853516 0.110417 0.047656 0.065278
0 0.439453 0.359028 0.055469 0.079167
0 0.838281 0.313889 0.037500 0.122222
0 0.591797 0.354861 0.052344 0.112500
0 0.874219 0.209028 0.037500 0.109722
0 0.528906 0.371528 0.079687 0.084722
0 0.507031 0.074306 0.048438 0.101389
0 0.558203 0.064583 0.060156 0.090278
0 0.615625 0.074306 0.062500 0.081944
0 0.674219 0.181944 0.043750 0.105556
0 0.833594 0.904861 0.039062 0.076389
0 0.883984 0.137500 0.027344 0.097222
0 0.134766 0.392361 0.039844 0.098611
