0 0.192188 0.188194 0.048438 0.120833
0 0.141016 0.254167 0.044531 0.077778
0 0.128516 0.394444 0.044531 0.116667
0 0.130078 0.520139 0.035156 0.115278
0 0.401172 0.049306 0.057031 0.081944
0 0.152344 0.529861 0.034375 0.084722
0 0.196875 0.914583 0.064062 0.084722
0 0.311719 0.918056 0.039062 0.097222
0 0.374219 0.927083 0.059375 0.076389
0 0.471094 0.656250 0.057813 0.062500
0 0.530859 0.605556 0.064844 0.066667
0 0.578516 0.593056 0.060156 0.088889
0 0.619141 0.600694 0.052344 0.087500
0 0.603125 0.653472 0.046875 0.045833
0 0.610547 0.688889 0.050781 0.080556
0 0.730469 0.710417 0.053125 0.106944
0 0.775000 0.685417 0.031250 0.115278
0 0.748437 0.325000 0.070312 0.058333
0 0.713672 0.088889 0.041406 0.111111
0 0.761719 0.068056 0.040625 0.066667
0 0.869141 0.111111 0.033594 0.100000
0 0.897266 0.229861 0.033594 0.120833
0 0.869922 0.298611 0.044531 0.111111
0 0.845313 0.174306 0.040625 0.081944
0 0.796094 0.581944 0.060937 0.083333
0 0.817187 0.738194 0.043750 0.068056
0 0.837500 0.814583 0.046875 0.084722
0 0.803125 0.907639 0.032813 0.084722
