0 0.303125 0.621528 0.073438 0.081944
0 0.290625 0.115972 0.048438 0.093056
0 0.123828 0.715278 0.042969 0.105556
0 0.342187 0.258333 0.068750 0.116667
0 0.663672 0.155556 0.042969 0.108333
0 0.120313 0.450694 0.042188 0.137500
0 0.149219 0.679861 0.039062 0.098611
0 0.216406 0.819444 0.054688 0.083333
0 0.186328 0.452083 0.044531 0.137500
0 0.389062 0.097222 0.043750 0.122222
0 0.317969 0.559028 0.057813 0.068056
0 0.137891 0.900694 0.050781 0.090278
0 0.576953 0.437500 0.060156 0.116667
0 0.143750 0.522222 0.062500 0.077778
0 0.878125 0.267361 0.050000 0.090278
0 0.820703 0.809028 0.035156 0.109722
0 0.506641 0.375000 0.088281 0.091667
0 0.862891 0.163194 0.046094 0.104167
0 0.285938 0.824306 0.051562 0.106944
0 0.192188 0.614583 0.054688 0.134722
0 0.260937 0.194444 0.081250 0.100000
0 0.749609 0.104167 0.049219 0.088889
0 0.235156 0.357639 0.050000 0.101389
0 0.173047 0.149306 0.046094 0.131944
0 0.130469 0.816667 0.042188 0.075000
0 0.341016 0.093750 0.057031 0.104167
