0 0.145703 0.205556 0.042969 0.136111
0 0.112109 0.200694 0.038281 0.059722
0 0.110547 0.309722 0.044531 0.116667
0 0.128906 0.554861 0.039062 0.104167
0 0.111719 0.586806 0.025000 0.068056
0 0.122266 0.652778 0.058594 0.080556
0 0.150391 0.701389 0.046094 0.055556
0 0.160547 0.762500 0.057031 0.083333
0 0.309766 0.200000 0.053906 0.113889
0 0.454297 0.244444 0.049219 0.136111
0 0.450391 0.384028 0.039844 0.143056
0 0.364844 0.391667 0.075000 0.086111
0 0.503516 0.577083 0.069531 0.095833
0 0.580859 0.658333 0.063281 0.083333
0 0.613672 0.668056 0.058594 0.061111
0 0.465625 0.731944 0.046875 0.130556
0 0.434766 0.784722 0.049219 0.102778
0 0.392969 0.731944 0.045312 0.125000
0 0.499219 0.861111 0.057813 0.088889
0 0.464453 0.920139 0.052344 0.101389
0 0.708203 0.584028 0.058594 0.093056
0 0.856250 0.700694 0.042188 0.112500
0 0.881641 0.709028 0.035156 0.101389
0 0.710156 0.312500 0.073438 0.083333
0 0.713672 0.377083 0.058594 0.115278
0 0.637109 0.133333 0.064844 0.083333
0 0.585156 0.135417 0.053125 0.118056
