0 0.251361 0.283077 0.0746026 0.0935036
0 0.335008 0.36561 0.0559819 0.159222
0 0.251336 0.510723 0.0895895 0.103566
0 0.133 0.19678 0.0433976 0.130162
0 0.56691 0.666863 0.0587396 0.166743
0 0.571886 0.486661 0.0722899 0.128877
0 0.150597 0.378312 0.0468425 0.130307
0 0.402717 0.485988 0.0868828 0.0941405
0 0.338842 0.693178 0.0589673 0.107792
0 0.209557 0.075704 0.0493945 0.148854
0 0.3144 0.168001 0.083215 0.10763
0 0.574016 0.342207 0.0744701 0.103125
0 0.296492 0.600449 0.0463746 0.116711
0 0.410266 0.595714 0.0524528 0.14493
0 0.268607 0.104527 0.0767245 0.0926347
0 0.729677 0.258878 0.0714186 0.0978923
0 0.856721 0.435622 0.0543308 0.0871724
0 0.173206 0.704129 0.076361 0.0936838
0 0.648748 0.399446 0.0584942 0.163188
0 0.171093 0.602951 0.0485682 0.101754
0 0.243923 0.0324237 0.0673427 0.0648473
0 0.316185 0.0372021 0.0681539 0.0744043
0 0.323397 0.0441799 0.0765367 0.0883598
