0 0.123438 0.756944 0.054688 0.069444
0 0.317969 0.909028 0.062500 0.073611
0 0.374219 0.923611 0.051562 0.086111
0 0.642578 0.581944 0.042969 0.111111
0 0.120313 0.680556 0.042188 0.075000
0 0.574609 0.597917 0.044531 0.115278
0 0.824219 0.513194 0.042188 0.093056
0 0.837891 0.310417 0.038281 0.109722
0 0.114062 0.870139 0.029687 0.087500
0 0.876172 0.351389 0.042969 0.080556
0 0.882812 0.115278 0.046875 0.077778
0 0.152344 0.895833 0.040625 0.069444
0 0.759766 0.692361 0.038281 0.073611
0 0.689844 0.115972 0.048438 0.073611
0 0.630859 0.450000 0.049219 0.133333
0 0.520703 0.643750 0.058594 0.065278
0 0.551953 0.711111 0.066406 0.066667
0 0.151953 0.261806 0.036719 0.095833
0 0.580078 0.319444 0.063281 0.077778
0 0.613672 0.755556 0.057031 0.080556
0 0.905469 0.132639 0.039062 0.104167
0 0.786719 0.922222 0.054688 0.063889
0 0.126953 0.538194 0.044531 0.084722
0 0.580469 0.377778 0.081250 0.072222
0 0.132031 0.617361 0.051562 0.073611
0 0.182812 0.882639 0.034375 0.104167
0 0.772266 0.100000 0.036719 0.105556
0 0.472656 0.461111 0.034375 0.150000
