0 0.251232 0.283991 0.0704308 0.0933043
0 0.331893 0.0988277 0.0770625 0.0779433
0 0.132546 0.190432 0.0441746 0.140871
0 0.307002 0.170696 0.0897399 0.0984577
0 0.297139 0.595187 0.0472115 0.116957
0 0.717154 0.473287 0.0597649 0.160962
0 0.209796 0.0728641 0.0505898 0.145728
0 0.442538 0.452998 0.0799399 0.100977
0 0.574082 0.340699 0.075033 0.104901
0 0.150682 0.383473 0.0461897 0.137565
0 0.738855 0.263487 0.0740893 0.0897846
0 0.573715 0.486809 0.0793215 0.128442
0 0.335187 0.336058 0.0578031 0.143341
0 0.573941 0.667841 0.0590309 0.169581
0 0.297248 0.455392 0.0964615 0.116609
0 0.428333 0.698277 0.0632059 0.101648
0 0.410085 0.59384 0.0504467 0.14677
0 0.772733 0.371825 0.0594189 0.103771
0 0.172636 0.702074 0.0760022 0.0893849
0 0.258886 0.035798 0.0607225 0.071596
0 0.169699 0.603688 0.052448 0.0995378
0 0.312013 0.03486 0.0724937 0.0697199
0 0.13605 0.677441 0.0444724 0.115163
