0 0.580859 0.730556 0.074219 0.086111
0 0.567578 0.645139 0.082031 0.118056
0 0.601562 0.282639 0.057813 0.101389
0 0.343359 0.236111 0.088281 0.100000
0 0.431250 0.239583 0.075000 0.134722
0 0.335547 0.454861 0.055469 0.129167
0 0.471875 0.639583 0.054688 0.115278
0 0.443359 0.721528 0.072656 0.068056
0 0.323047 0.722222 0.060156 0.116667
0 0.257031 0.823611 0.050000 0.097222
0 0.187891 0.781250 0.041406 0.106944
0 0.153516 0.764583 0.036719 0.109722
0 0.163672 0.691667 0.061719 0.075000
0 0.299219 0.612500 0.053125 0.108333
0 0.165234 0.437500 0.042969 0.138889
0 0.132812 0.413194 0.056250 0.090278
0 0.128516 0.310417 0.057031 0.079167
0 0.179297 0.288194 0.038281 0.101389
0 0.137109 0.223611 0.061719 0.086111
0 0.503906 0.468056 0.048438 0.066667
0 0.537109 0.451389 0.052344 0.150000
0 0.282813 0.493056 0.060937 0.108333
0 0.844531 0.831250 0.037500 0.090278
0 0.602734 0.076389 0.075781 0.091667
0 0.392578 0.101389 0.058594 0.088889
0 0.234766 0.299306 0.050781 0.131944
