0 0.509375 0.646528 0.070312 0.076389
0 0.273828 0.477778 0.052344 0.100000
0 0.501953 0.915972 0.044531 0.084722
0 0.147266 0.686111 0.046094 0.077778
0 0.154688 0.395833 0.056250 0.094444
0 0.202734 0.583333 0.046094 0.105556
0 0.147656 0.624306 0.040625 0.073611
0 0.881250 0.677083 0.045312 0.076389
0 0.130859 0.501389 0.050781 0.108333
0 0.882031 0.757639 0.034375 0.079167
0 0.878516 0.393056 0.038281 0.122222
0 0.923828 0.754167 0.042969 0.063889
0 0.122266 0.330556 0.050781 0.091667
0 0.763672 0.841667 0.053906 0.058333
0 0.713672 0.637500 0.072656 0.069444
0 0.890234 0.136806 0.030469 0.087500
0 0.871094 0.113889 0.034375 0.063889
0 0.753906 0.589583 0.045312 0.112500
0 0.875000 0.300000 0.031250 0.094444
0 0.871484 0.212500 0.058594 0.058333
0 0.602344 0.606944 0.042188 0.111111
0 0.772266 0.327778 0.046094 0.113889
0 0.847656 0.063194 0.042188 0.056944
0 0.856641 0.178472 0.025781 0.079167
0 0.820312 0.098611 0.056250 0.083333
0 0.833984 0.170833 0.061719 0.069444
