0 0.624609 0.563889 0.067969 0.088889
0 0.378906 0.811806 0.071875 0.070833
0 0.136719 0.244444 0.048438 0.086111
0 0.340625 0.411806 0.067187 0.148611
0 0.211328 0.117361 0.071094 0.098611
0 0.585156 0.738194 0.043750 0.118056
0 0.520312 0.252778 0.057813 0.152778
0 0.184375 0.277778 0.054688 0.130556
0 0.251953 0.541667 0.050781 0.152778
0 0.142578 0.393750 0.057031 0.095833
0 0.314453 0.638889 0.080469 0.108333
0 0.207813 0.577083 0.051562 0.151389
0 0.636719 0.717361 0.050000 0.137500
0 0.292578 0.479861 0.097656 0.109722
0 0.472266 0.715972 0.047656 0.151389
0 0.274609 0.377778 0.074219 0.119444
0 0.185156 0.363889 0.039062 0.111111
0 0.225391 0.359028 0.057031 0.159722
0 0.258984 0.204861 0.071094 0.112500
0 0.491797 0.568750 0.078906 0.120833
0 0.472266 0.813889 0.085156 0.086111
0 0.815234 0.435417 0.066406 0.093056
0 0.782422 0.597917 0.047656 0.106944
0 0.278516 0.770833 0.080469 0.091667
0 0.838672 0.822917 0.066406 0.123611
0 0.863672 0.710417 0.041406 0.120833
