0 0.123438 0.645139 0.034375 0.093056
0 0.156641 0.650000 0.044531 0.086111
0 0.485547 0.652083 0.077344 0.076389
0 0.415625 0.933333 0.057813 0.077778
0 0.528906 0.713889 0.046875 0.127778
0 0.800391 0.910417 0.038281 0.095833
0 0.653516 0.644444 0.072656 0.072222
0 0.455469 0.931944 0.065625 0.075000
0 0.641406 0.788194 0.053125 0.081944
0 0.817187 0.261111 0.043750 0.130556
0 0.760547 0.656250 0.036719 0.098611
0 0.810156 0.838194 0.031250 0.076389
0 0.850000 0.813889 0.046875 0.066667
0 0.559375 0.648611 0.056250 0.058333
0 0.847656 0.243056 0.028125 0.094444
0 0.858203 0.114583 0.057031 0.056944
0 0.782422 0.136111 0.055469 0.083333
0 0.839844 0.319444 0.039062 0.105556
0 0.637109 0.597917 0.047656 0.106944
0 0.870703 0.162500 0.036719 0.069444
0 0.873047 0.214583 0.032031 0.084722
0 0.522266 0.373611 0.074219 0.080556
0 0.507812 0.064583 0.057813 0.115278
0 0.565234 0.068056 0.058594 0.080556
0 0.622266 0.061111 0.060156 0.075000
0 0.674219 0.184028 0.043750 0.109722
0 0.871094 0.893056 0.040625 0.061111
0 0.887109 0.129861 0.028906 0.090278
