0 0.255408 0.284615 0.06785 0.0972898
0 0.216456 0.213784 0.0495519 0.129599
0 0.290581 0.662033 0.072831 0.0928283
0 0.583897 0.651827 0.0888311 0.0932438
0 0.335137 0.363669 0.0559093 0.161209
0 0.405258 0.486308 0.0868667 0.0971966
0 0.247669 0.509503 0.0931728 0.103518
0 0.357923 0.585468 0.0686131 0.0874882
0 0.146379 0.169858 0.0569268 0.126806
0 0.742079 0.274202 0.0720925 0.0904321
0 0.316501 0.159275 0.0842151 0.119663
0 0.571694 0.479972 0.0771645 0.136877
0 0.183937 0.696952 0.075738 0.0888194
0 0.410194 0.595859 0.0516853 0.142843
0 0.143314 0.35279 0.0602855 0.127305
0 0.217174 0.0997828 0.068341 0.114889
0 0.165005 0.606954 0.0612418 0.107809
0 0.617561 0.344922 0.0889452 0.096001
0 0.657665 0.40931 0.059384 0.15099
0 0.820083 0.489126 0.0664249 0.0803004
0 0.209377 0.0270887 0.0695948 0.0541773
0 0.140966 0.720712 0.0432447 0.11718
0 0.326212 0.0446938 0.0645842 0.0893877
