0 0.292134 0.665106 0.0715468 0.100227
0 0.216736 0.215389 0.049689 0.135749
0 0.255736 0.285671 0.0676199 0.0979264
0 0.571189 0.484539 0.0753239 0.128076
0 0.335573 0.36248 0.0575204 0.160737
0 0.249261 0.510552 0.0892272 0.102305
0 0.577184 0.344869 0.0814966 0.10222
0 0.405079 0.486947 0.0871909 0.0978624
0 0.742327 0.274519 0.0721807 0.0923874
0 0.586576 0.651523 0.0955471 0.092144
0 0.2174 0.102415 0.0673525 0.114572
0 0.319774 0.157932 0.0838669 0.124676
0 0.14354 0.352975 0.0597326 0.128119
0 0.182904 0.696238 0.0784016 0.0902849
0 0.410161 0.596149 0.0518604 0.141196
0 0.148706 0.168067 0.063568 0.119222
0 0.35533 0.585897 0.0743016 0.086618
0 0.654506 0.410576 0.0646631 0.14492
0 0.170751 0.608434 0.0561344 0.10706
0 0.208045 0.0277406 0.0694921 0.0554811
0 0.824521 0.49013 0.0644073 0.0809694
0 0.141022 0.717919 0.0398475 0.11298
0 0.324092 0.0445103 0.0719539 0.0890205
