0 0.249219 0.281944 0.059375 0.119444
0 0.425781 0.244444 0.084375 0.116667
0 0.278516 0.120833 0.089844 0.102778
0 0.298828 0.222917 0.072656 0.093056
0 0.189453 0.122917 0.044531 0.131944
0 0.278906 0.398611 0.071875 0.069444
0 0.189062 0.248611 0.064062 0.091667
0 0.192578 0.351389 0.044531 0.094444
0 0.131250 0.207639 0.045312 0.101389
0 0.133594 0.294444 0.046875 0.122222
0 0.129688 0.683333 0.054688 0.102778
0 0.196484 0.599306 0.096094 0.120833
0 0.173828 0.491667 0.071094 0.091667
0 0.371484 0.556944 0.083594 0.130556
0 0.571875 0.665278 0.062500 0.061111
0 0.482031 0.498611 0.062500 0.127778
0 0.362891 0.186806 0.064844 0.134722
0 0.457813 0.571528 0.084375 0.106944
0 0.490625 0.231250 0.071875 0.095833
0 0.587109 0.579167 0.064844 0.111111
0 0.349219 0.388889 0.073438 0.141667
0 0.743359 0.250000 0.053906 0.144444
0 0.746875 0.617361 0.067187 0.087500
0 0.601562 0.722222 0.034375 0.133333
0 0.821875 0.855556 0.054688 0.100000
0 0.877734 0.724306 0.049219 0.112500
