0 0.156641 0.109028 0.072656 0.093056
0 0.233594 0.284722 0.050000 0.105556
0 0.529687 0.295139 0.065625 0.181944
0 0.400000 0.309722 0.062500 0.150000
0 0.669531 0.314583 0.098437 0.101389
0 0.354297 0.544444 0.064844 0.086111
0 0.505078 0.588194 0.052344 0.118056
0 0.332031 0.700694 0.048438 0.131944
0 0.878125 0.121528 0.068750 0.090278
0 0.877344 0.214583 0.067187 0.109722
0 0.380078 0.440278 0.091406 0.111111
0 0.545312 0.072917 0.073438 0.129167
0 0.381250 0.679167 0.050000 0.155556
0 0.187500 0.302778 0.050000 0.169444
0 0.794531 0.555556 0.054688 0.083333
0 0.810937 0.256250 0.056250 0.154167
0 0.896094 0.304167 0.053125 0.108333
0 0.200391 0.144444 0.074219 0.116667
0 0.866016 0.664583 0.035156 0.120833
0 0.523828 0.434722 0.083594 0.130556
0 0.755859 0.647222 0.052344 0.133333
0 0.413281 0.746528 0.078125 0.106944
