0 0.169922 0.279861 0.063281 0.106944
0 0.523828 0.229167 0.049219 0.161111
0 0.115625 0.625694 0.035937 0.115278
0 0.137891 0.188194 0.030469 0.093056
0 0.126172 0.815972 0.028906 0.126389
0 0.156250 0.836806 0.031250 0.095833
0 0.777344 0.311806 0.059375 0.073611
0 0.108984 0.305556 0.052344 0.080556
0 0.566406 0.584722 0.051562 0.141667
0 0.167578 0.120139 0.064844 0.079167
0 0.396875 0.372222 0.046875 0.133333
0 0.721484 0.358333 0.050781 0.130556
0 0.341406 0.627083 0.046875 0.140278
0 0.584375 0.301389 0.087500 0.094444
0 0.866406 0.553472 0.029687 0.090278
0 0.861328 0.585417 0.053906 0.073611
0 0.705078 0.659722 0.074219 0.072222
0 0.652344 0.846528 0.053125 0.073611
0 0.470313 0.744444 0.059375 0.091667
0 0.877344 0.618056 0.050000 0.069444
0 0.573828 0.068056 0.061719 0.088889
0 0.457031 0.309028 0.084375 0.093056
0 0.402734 0.754167 0.060156 0.122222
0 0.122266 0.523611 0.046094 0.100000
0 0.692578 0.161806 0.060156 0.109722
0 0.483984 0.245139 0.046094 0.101389
0 0.106250 0.201389 0.032813 0.072222
