0 0.458568 0.0550292 0.0769682 0.110058
0 0.528591 0.393435 0.0896647 0.115456
0 0.674816 0.522634 0.0621906 0.158203
0 0.646322 0.33922 0.0854897 0.139948
0 0.294239 0.120737 0.0807399 0.105662
0 0.581236 0.323139 0.0585007 0.10824
0 0.16129 0.458415 0.0467847 0.128072
0 0.445077 0.489619 0.0620625 0.132287
0 0.127931 0.783983 0.0439643 0.093015
0 0.231904 0.0546011 0.0480514 0.109202
0 0.360594 0.138552 0.0524519 0.161841
0 0.366952 0.575075 0.0594379 0.117322
0 0.236618 0.634101 0.0575609 0.129893
0 0.329917 0.512493 0.0638915 0.14407
0 0.733856 0.234165 0.0649189 0.127106
0 0.275687 0.473842 0.0677097 0.120542
0 0.136072 0.632758 0.0600423 0.139444
0 0.16347 0.170098 0.0581251 0.116624
0 0.75757 0.544659 0.0494707 0.13796
0 0.139932 0.536308 0.0519415 0.101808
0 0.126716 0.180087 0.0414426 0.123033
0 0.325226 0.0483105 0.0702312 0.0966209
