0 0.737891 0.927083 0.047656 0.062500
0 0.782031 0.918750 0.043750 0.059722
0 0.821484 0.913889 0.044531 0.061111
0 0.864062 0.892361 0.045312 0.062500
0 0.885156 0.755556 0.045312 0.061111
0 0.888672 0.698611 0.035156 0.072222
0 0.865234 0.693056 0.036719 0.080556
0 0.877734 0.487500 0.039844 0.091667
0 0.871875 0.277083 0.048438 0.068056
0 0.863281 0.115278 0.050000 0.072222
0 0.783984 0.084722 0.028906 0.083333
0 0.760156 0.077083 0.031250 0.098611
0 0.739062 0.098611 0.026562 0.088889
0 0.713672 0.100000 0.060156 0.077778
0 0.589453 0.054861 0.058594 0.076389
0 0.656641 0.348611 0.064844 0.077778
0 0.542969 0.649306 0.070312 0.073611
0 0.507422 0.588194 0.041406 0.126389
0 0.241797 0.504861 0.044531 0.062500
0 0.168750 0.769444 0.037500 0.125000
0 0.129297 0.661806 0.042969 0.054167
0 0.123828 0.738889 0.046094 0.058333
0 0.126172 0.781250 0.049219 0.048611
0 0.133203 0.833333 0.035156 0.055556
0 0.146094 0.693056 0.029687 0.061111
0 0.314844 0.179167 0.037500 0.091667
0 0.395313 0.186111 0.054688 0.097222
