0 0.760156 0.665278 0.057813 0.111111
0 0.375000 0.647222 0.067187 0.105556
0 0.212109 0.325000 0.044531 0.130556
0 0.420312 0.677778 0.051562 0.144444
0 0.872656 0.700694 0.040625 0.126389
0 0.167969 0.363194 0.048438 0.148611
0 0.658984 0.513194 0.058594 0.134722
0 0.335156 0.627083 0.040625 0.115278
0 0.751563 0.808333 0.057813 0.163889
0 0.887500 0.605556 0.054688 0.111111
0 0.260156 0.164583 0.065625 0.090278
0 0.683203 0.538889 0.061719 0.066667
0 0.664844 0.609028 0.051562 0.084722
0 0.348047 0.065972 0.083594 0.087500
0 0.598437 0.477083 0.082812 0.109722
0 0.261719 0.253472 0.062500 0.093056
0 0.769531 0.504861 0.064062 0.076389
0 0.806250 0.839583 0.076563 0.081944
0 0.794922 0.781944 0.047656 0.150000
0 0.844531 0.643750 0.070312 0.106944
0 0.815234 0.672917 0.053906 0.120833
0 0.851953 0.513889 0.078906 0.086111
