0 0.828125 0.150694 0.078125 0.112500
0 0.215625 0.281250 0.075000 0.112500
0 0.155469 0.245139 0.059375 0.126389
0 0.147266 0.468056 0.063281 0.136111
0 0.623437 0.508333 0.087500 0.111111
0 0.740625 0.536111 0.062500 0.152778
0 0.227344 0.531250 0.064062 0.137500
0 0.492969 0.249306 0.100000 0.112500
0 0.730859 0.789583 0.046094 0.104167
0 0.598828 0.613194 0.082031 0.095833
0 0.884766 0.282639 0.063281 0.123611
0 0.894922 0.497917 0.053906 0.106944
0 0.230469 0.674306 0.065625 0.131944
0 0.834766 0.675000 0.077344 0.086111
0 0.853906 0.750000 0.059375 0.100000
0 0.173047 0.511806 0.038281 0.120833
0 0.147656 0.665972 0.043750 0.081944
0 0.243750 0.425694 0.073438 0.079167
0 0.856641 0.214583 0.074219 0.087500
0 0.882031 0.580556 0.053125 0.088889
