0 0.638672 0.700000 0.074219 0.141667
0 0.371875 0.646528 0.075000 0.095833
0 0.210547 0.331250 0.047656 0.154167
0 0.420312 0.676389 0.054688 0.147222
0 0.872266 0.695139 0.038281 0.112500
0 0.168750 0.359028 0.048438 0.148611
0 0.741406 0.588889 0.060937 0.086111
0 0.334766 0.628472 0.038281 0.123611
0 0.735938 0.768750 0.073438 0.098611
0 0.875000 0.529167 0.073438 0.130556
0 0.259766 0.171528 0.057031 0.076389
0 0.776563 0.386111 0.046875 0.150000
0 0.841797 0.642361 0.077344 0.084722
0 0.664453 0.590972 0.061719 0.154167
0 0.357422 0.065278 0.091406 0.086111
0 0.542578 0.720139 0.057031 0.120833
0 0.837109 0.731944 0.038281 0.100000
0 0.591016 0.467361 0.053906 0.137500
0 0.251563 0.250694 0.067187 0.109722
0 0.791016 0.792361 0.053906 0.131944
0 0.760156 0.507639 0.070312 0.084722
0 0.379297 0.553472 0.053906 0.159722
