0 0.817578 0.144444 0.077344 0.116667
0 0.222656 0.277778 0.068750 0.116667
0 0.147656 0.277778 0.070312 0.108333
0 0.139063 0.521528 0.073438 0.093056
0 0.848047 0.656944 0.063281 0.077778
0 0.578516 0.806944 0.092969 0.086111
0 0.778125 0.450000 0.085938 0.105556
0 0.792969 0.768056 0.046875 0.122222
0 0.885156 0.276389 0.045312 0.147222
0 0.690234 0.289583 0.083594 0.104167
0 0.451562 0.611806 0.096875 0.115278
0 0.849609 0.744444 0.049219 0.108333
0 0.392969 0.077083 0.073438 0.129167
0 0.845703 0.234722 0.049219 0.133333
0 0.884766 0.577778 0.058594 0.108333
0 0.141797 0.190278 0.063281 0.122222
0 0.221484 0.601389 0.060156 0.122222
0 0.475781 0.487500 0.084375 0.100000
0 0.750000 0.797917 0.042188 0.118056
