0 0.285547 0.113194 0.033594 0.106944
0 0.252734 0.170139 0.036719 0.079167
0 0.295312 0.215972 0.045312 0.081944
0 0.342969 0.209722 0.046875 0.072222
0 0.396484 0.181250 0.050781 0.084722
0 0.590234 0.051389 0.057031 0.063889
0 0.122656 0.570139 0.031250 0.062500
0 0.135937 0.621528 0.037500 0.070833
0 0.113281 0.663889 0.023438 0.058333
0 0.128516 0.720833 0.047656 0.058333
0 0.131250 0.770139 0.039062 0.056944
0 0.397266 0.663889 0.061719 0.080556
0 0.567578 0.643750 0.086719 0.087500
0 0.738672 0.934722 0.047656 0.063889
0 0.781250 0.918056 0.046875 0.069444
0 0.825781 0.919444 0.043750 0.063889
0 0.864844 0.895833 0.046875 0.061111
0 0.893750 0.770139 0.050000 0.062500
0 0.894141 0.713889 0.052344 0.061111
0 0.876953 0.493750 0.038281 0.093056
0 0.664062 0.350000 0.078125 0.080556
0 0.872266 0.278472 0.049219 0.073611
0 0.860547 0.125000 0.041406 0.091667
0 0.778906 0.064583 0.029687 0.073611
0 0.751172 0.078472 0.027344 0.098611
0 0.717969 0.068750 0.032813 0.112500
0 0.740625 0.135417 0.035937 0.073611
