0 0.134396 0.197676 0.0444129 0.132825
0 0.252635 0.281765 0.0708187 0.0922652
0 0.335245 0.363622 0.0562682 0.159199
0 0.21673 0.207311 0.0609878 0.0965961
0 0.311444 0.163502 0.0908642 0.109193
0 0.571041 0.486668 0.0748474 0.134763
0 0.253641 0.509624 0.0852298 0.102194
0 0.59694 0.646429 0.0737896 0.127994
0 0.214076 0.112864 0.0509512 0.110984
0 0.732938 0.264066 0.0747635 0.0915658
0 0.572706 0.339409 0.0735186 0.114561
0 0.35924 0.580726 0.0686971 0.0926875
0 0.404834 0.485945 0.0846545 0.0944682
0 0.184363 0.704852 0.0773856 0.0908092
0 0.316587 0.688309 0.0749534 0.099874
0 0.409438 0.594707 0.0534845 0.144967
0 0.825446 0.487808 0.0523842 0.081181
0 0.143961 0.348759 0.0685519 0.110694
0 0.173571 0.607207 0.0528642 0.105855
0 0.65148 0.410972 0.058639 0.140609
0 0.200577 0.0300314 0.0684968 0.0600628
0 0.141912 0.71796 0.0458449 0.108097
0 0.321224 0.0428637 0.0699245 0.0857273
0 0.143657 0.119113 0.0598071 0.0529168
