0 0.150781 0.804861 0.039062 0.098611
0 0.219531 0.759028 0.037500 0.101389
0 0.387891 0.781250 0.071094 0.090278
0 0.291797 0.840278 0.080469 0.113889
0 0.150391 0.323611 0.044531 0.127778
0 0.198437 0.188194 0.060937 0.087500
0 0.154688 0.568750 0.051562 0.087500
0 0.365625 0.329167 0.070312 0.100000
0 0.153906 0.504167 0.034375 0.086111
0 0.171484 0.119444 0.055469 0.072222
0 0.598047 0.072917 0.063281 0.093056
0 0.471094 0.714583 0.084375 0.095833
0 0.390234 0.866667 0.069531 0.088889
0 0.388672 0.604861 0.063281 0.123611
0 0.855859 0.205556 0.060156 0.077778
0 0.449609 0.381250 0.097656 0.087500
0 0.639062 0.089583 0.042188 0.118056
0 0.591797 0.143056 0.053906 0.088889
0 0.191406 0.436806 0.056250 0.140278
0 0.257031 0.582639 0.060937 0.126389
0 0.859375 0.324306 0.051562 0.134722
0 0.137109 0.918056 0.063281 0.075000
0 0.242578 0.449306 0.041406 0.115278
0 0.111328 0.213889 0.036719 0.075000
0 0.150781 0.238194 0.056250 0.076389
