0 0.123438 0.630556 0.039062 0.097222
0 0.183984 0.622222 0.060156 0.075000
0 0.530469 0.559028 0.070312 0.093056
0 0.242188 0.620833 0.059375 0.100000
0 0.346875 0.766667 0.056250 0.100000
0 0.535547 0.713194 0.052344 0.093056
0 0.591016 0.690278 0.047656 0.097222
0 0.656250 0.648611 0.073438 0.077778
0 0.453516 0.936111 0.067969 0.072222
0 0.665234 0.767361 0.061719 0.073611
0 0.800781 0.913889 0.035937 0.066667
0 0.813672 0.865972 0.042969 0.068056
0 0.827344 0.909722 0.032813 0.077778
0 0.844141 0.825694 0.046094 0.079167
0 0.208984 0.206944 0.055469 0.083333
0 0.838672 0.313194 0.038281 0.115278
0 0.817187 0.263194 0.043750 0.120833
0 0.831641 0.088194 0.050781 0.062500
0 0.860938 0.113889 0.048438 0.063889
0 0.891797 0.121528 0.032031 0.056944
0 0.877734 0.254167 0.044531 0.072222
0 0.893359 0.174306 0.047656 0.068056
0 0.876953 0.205556 0.046094 0.108333
0 0.537500 0.379861 0.070312 0.079167
0 0.516797 0.061806 0.066406 0.098611
0 0.575391 0.057639 0.050781 0.095833
0 0.616797 0.056250 0.044531 0.087500
0 0.673828 0.184028 0.044531 0.109722
