0 0.123438 0.645139 0.034375 0.093056
0 0.157031 0.654861 0.042188 0.093056
0 0.595703 0.573611 0.052344 0.116667
0 0.415625 0.933333 0.057813 0.077778
0 0.524609 0.731250 0.061719 0.131944
0 0.801562 0.912500 0.035937 0.100000
0 0.655859 0.650694 0.075781 0.081944
0 0.457813 0.934028 0.057813 0.076389
0 0.657031 0.789583 0.059375 0.101389
0 0.817187 0.268056 0.043750 0.116667
0 0.830469 0.912500 0.025000 0.083333
0 0.817969 0.831250 0.037500 0.070833
0 0.852734 0.815278 0.046094 0.058333
0 0.530469 0.634722 0.046875 0.066667
0 0.839453 0.313889 0.036719 0.116667
0 0.868750 0.108333 0.056250 0.055556
0 0.833984 0.084722 0.044531 0.058333
0 0.846484 0.150000 0.055469 0.052778
0 0.636328 0.598611 0.046094 0.105556
0 0.889453 0.162500 0.039844 0.102778
0 0.875391 0.206944 0.044531 0.100000
0 0.525781 0.371528 0.079687 0.081944
0 0.507812 0.065972 0.057813 0.104167
0 0.552344 0.052083 0.068750 0.101389
0 0.618750 0.067361 0.057813 0.062500
0 0.674609 0.184722 0.044531 0.108333
0 0.869141 0.894444 0.036719 0.061111
