0 0.817969 0.135417 0.078125 0.098611
0 0.224219 0.276389 0.070312 0.108333
0 0.150781 0.283333 0.064062 0.108333
0 0.154688 0.518750 0.073438 0.087500
0 0.866406 0.635417 0.068750 0.081944
0 0.581250 0.805556 0.090625 0.094444
0 0.788672 0.767361 0.041406 0.112500
0 0.889453 0.290972 0.052344 0.131944
0 0.690625 0.288889 0.081250 0.091667
0 0.297266 0.686806 0.072656 0.140278
0 0.845703 0.752778 0.058594 0.111111
0 0.394531 0.077083 0.070312 0.129167
0 0.836719 0.242361 0.060937 0.126389
0 0.884375 0.563194 0.059375 0.098611
0 0.143750 0.189583 0.057813 0.123611
0 0.216797 0.599306 0.082031 0.081944
0 0.244141 0.691667 0.046094 0.144444
0 0.751172 0.788194 0.038281 0.109722
0 0.868750 0.701389 0.060937 0.066667
0 0.130859 0.581250 0.036719 0.081944
