0 0.418151 0.210026 0.0916108 0.0951663
0 0.178737 0.540819 0.0678836 0.0875404
0 0.556279 0.47201 0.0608716 0.178084
0 0.29563 0.121531 0.070238 0.113545
0 0.659832 0.215083 0.090997 0.105875
0 0.218335 0.0591058 0.0527669 0.118212
0 0.675397 0.358631 0.090221 0.108651
0 0.585368 0.339479 0.0699538 0.0830436
0 0.283567 0.468897 0.0594905 0.12037
0 0.201784 0.697551 0.0578845 0.0874806
0 0.253016 0.705737 0.0618097 0.136505
0 0.355673 0.141008 0.0574199 0.149584
0 0.48781 0.0887569 0.0557101 0.141336
0 0.155245 0.270749 0.0668304 0.113905
0 0.367455 0.575122 0.0633401 0.113321
0 0.145754 0.639149 0.0580564 0.129675
0 0.180784 0.346921 0.0365074 0.130083
0 0.445057 0.488833 0.0606113 0.132888
0 0.334536 0.505237 0.0519012 0.165634
0 0.74683 0.532255 0.0571041 0.120252
0 0.688138 0.52685 0.0703734 0.143628
0 0.133571 0.152848 0.0573204 0.117613
