0 0.660651 0.528194 0.0710783 0.144567
0 0.230264 0.0630847 0.0537355 0.126169
0 0.283646 0.470824 0.0579992 0.117659
0 0.58647 0.33979 0.0672707 0.0839843
0 0.200737 0.699111 0.0615908 0.0899517
0 0.289593 0.0967071 0.0735856 0.108908
0 0.56386 0.525803 0.0596081 0.140509
0 0.240157 0.27088 0.0737152 0.121127
0 0.177551 0.551361 0.0612836 0.103382
0 0.657863 0.20909 0.0911497 0.105295
0 0.15508 0.27263 0.0665591 0.110018
0 0.366496 0.575475 0.0623678 0.115997
0 0.678807 0.359354 0.0915789 0.11078
0 0.377235 0.0677924 0.0607102 0.135585
0 0.542614 0.216694 0.0686993 0.132182
0 0.746485 0.535531 0.0616745 0.118664
0 0.147298 0.64686 0.0630284 0.115839
0 0.258959 0.678281 0.07209 0.128239
0 0.445875 0.490123 0.0613648 0.131864
0 0.332225 0.505832 0.0589585 0.150704
0 0.136239 0.147362 0.0574041 0.0936463
0 0.179641 0.351718 0.0362383 0.12657
0 0.310549 0.0311937 0.0511765 0.0623875
0 0.316993 0.0349678 0.0613643 0.0699355
