0 0.167187 0.686111 0.046875 0.119444
0 0.218750 0.715278 0.035937 0.102778
0 0.348438 0.734028 0.085938 0.090278
0 0.321094 0.834028 0.068750 0.093056
0 0.418359 0.553472 0.058594 0.145833
0 0.164453 0.275694 0.072656 0.090278
0 0.193750 0.186806 0.054688 0.090278
0 0.127344 0.518750 0.042188 0.129167
0 0.208984 0.336111 0.077344 0.088889
0 0.164844 0.470139 0.035937 0.104167
0 0.305469 0.439583 0.043750 0.118056
0 0.595313 0.071528 0.062500 0.093056
0 0.498437 0.740972 0.075000 0.123611
0 0.392969 0.850694 0.076563 0.101389
0 0.719141 0.484722 0.050781 0.080556
0 0.832031 0.135417 0.062500 0.079167
0 0.457031 0.375000 0.085938 0.083333
0 0.638281 0.096528 0.045312 0.118056
0 0.593750 0.146528 0.057813 0.073611
0 0.217969 0.441667 0.068750 0.100000
0 0.310156 0.636111 0.050000 0.122222
0 0.859375 0.304167 0.043750 0.113889
0 0.138281 0.635417 0.040625 0.104167
0 0.160938 0.142361 0.039062 0.104167
0 0.129688 0.378472 0.057813 0.081944
0 0.787109 0.618750 0.052344 0.131944
