0 0.497753 0.422873 0.0896994 0.110236
0 0.207684 0.379303 0.0744757 0.097553
0 0.529049 0.181754 0.0749211 0.0955765
0 0.587124 0.724189 0.0456484 0.146768
0 0.13495 0.260843 0.0453075 0.112776
0 0.480735 0.722973 0.0726984 0.0839508
0 0.207433 0.27338 0.0715648 0.107146
0 0.858568 0.774698 0.0541962 0.0921112
0 0.303509 0.470231 0.0632698 0.139055
0 0.356433 0.432482 0.0612891 0.152177
0 0.179541 0.580107 0.0681292 0.105983
0 0.346547 0.659089 0.0614415 0.132302
0 0.703087 0.645759 0.070314 0.0995817
0 0.249472 0.1459 0.0519605 0.123634
0 0.424902 0.569488 0.0729858 0.0834659
0 0.890324 0.279298 0.0522844 0.0979092
0 0.68981 0.7365 0.0512985 0.121437
0 0.539061 0.759667 0.0466921 0.125398
0 0.610802 0.745346 0.0525846 0.11118
0 0.201299 0.15498 0.0475041 0.124621
0 0.361963 0.290201 0.0718927 0.118615
0 0.641837 0.427589 0.0632477 0.109809
0 0.81258 0.452331 0.0552246 0.125529
0 0.174788 0.703869 0.0627046 0.108655
0 0.389785 0.224564 0.0734577 0.0826842
0 0.13188 0.186008 0.0467122 0.058281
