0 0.269922 0.700694 0.086719 0.090278
0 0.408984 0.196528 0.050781 0.084722
0 0.126562 0.695139 0.051562 0.065278
0 0.254297 0.486111 0.058594 0.141667
0 0.662500 0.154861 0.042188 0.109722
0 0.166406 0.322222 0.051562 0.125000
0 0.135547 0.820139 0.041406 0.115278
0 0.442578 0.447222 0.049219 0.155556
0 0.225000 0.400694 0.056250 0.145833
0 0.524219 0.438194 0.053125 0.131944
0 0.550781 0.725694 0.057813 0.081944
0 0.137500 0.592361 0.050000 0.101389
0 0.171484 0.769444 0.060156 0.075000
0 0.141016 0.492361 0.055469 0.118056
0 0.873828 0.426389 0.033594 0.102778
0 0.817578 0.127083 0.042969 0.093056
0 0.606641 0.372917 0.085156 0.095833
0 0.885156 0.181250 0.056250 0.073611
0 0.255469 0.829167 0.067187 0.097222
0 0.188281 0.847917 0.050000 0.090278
0 0.403906 0.728472 0.078125 0.087500
0 0.672266 0.742361 0.050781 0.140278
0 0.119922 0.352083 0.044531 0.115278
0 0.276172 0.529861 0.072656 0.090278
0 0.352344 0.084722 0.057813 0.105556
0 0.149609 0.235417 0.042969 0.081944
