0 0.150000 0.582639 0.068750 0.095833
0 0.324609 0.342361 0.078906 0.151389
0 0.691016 0.167361 0.060156 0.168056
0 0.611328 0.625000 0.067969 0.130556
0 0.472656 0.270139 0.084375 0.120833
0 0.704297 0.072917 0.097656 0.109722
0 0.808594 0.682639 0.076563 0.123611
0 0.834766 0.594444 0.055469 0.138889
0 0.759375 0.450694 0.065625 0.165278
0 0.191016 0.283333 0.086719 0.113889
0 0.137109 0.139583 0.049219 0.179167
0 0.245312 0.525000 0.050000 0.136111
0 0.323437 0.520139 0.085938 0.151389
0 0.350000 0.215278 0.060937 0.180556
0 0.907813 0.790278 0.042188 0.100000
0 0.431641 0.545139 0.053906 0.104167
0 0.891016 0.390972 0.055469 0.173611
