0 0.814453 0.134028 0.080469 0.098611
0 0.230078 0.283333 0.064844 0.155556
0 0.179297 0.272222 0.049219 0.169444
0 0.135937 0.523611 0.078125 0.113889
0 0.616406 0.525000 0.051562 0.163889
0 0.578906 0.808333 0.093750 0.094444
0 0.829297 0.785417 0.044531 0.101389
0 0.576562 0.707639 0.076563 0.134722
0 0.743750 0.806944 0.048438 0.102778
0 0.792188 0.779861 0.039062 0.120833
0 0.883984 0.282639 0.053906 0.123611
0 0.687500 0.290972 0.082812 0.095833
0 0.239453 0.615278 0.061719 0.111111
0 0.646484 0.672222 0.077344 0.119444
0 0.850781 0.736111 0.059375 0.111111
0 0.390625 0.079861 0.078125 0.123611
0 0.853125 0.218750 0.076563 0.106944
0 0.881250 0.577083 0.051562 0.101389
0 0.141016 0.192361 0.038281 0.134722
