0 0.332031 0.645833 0.053125 0.127778
0 0.247266 0.136111 0.050781 0.102778
0 0.136328 0.795139 0.039844 0.115278
0 0.407031 0.378472 0.081250 0.084722
0 0.664453 0.150000 0.035156 0.111111
0 0.120313 0.450000 0.043750 0.125000
0 0.143359 0.671528 0.041406 0.106944
0 0.219141 0.829861 0.046094 0.093056
0 0.121875 0.314583 0.059375 0.084722
0 0.387891 0.100694 0.046094 0.118056
0 0.155078 0.911806 0.050781 0.076389
0 0.115234 0.885417 0.032031 0.098611
0 0.562891 0.459028 0.050781 0.156944
0 0.145313 0.533333 0.042188 0.119444
0 0.871875 0.504861 0.045312 0.145833
0 0.561719 0.788889 0.048438 0.127778
0 0.534766 0.390278 0.083594 0.097222
0 0.868750 0.315278 0.064062 0.091667
0 0.300781 0.777778 0.056250 0.127778
0 0.210156 0.601389 0.065625 0.091667
0 0.313281 0.145139 0.048438 0.137500
0 0.755859 0.107639 0.042969 0.079167
0 0.117578 0.256250 0.044531 0.115278
0 0.162891 0.220833 0.042969 0.127778
0 0.581641 0.570833 0.064844 0.086111
0 0.357422 0.103472 0.044531 0.131944
