0 0.173828 0.154861 0.050781 0.131944
0 0.125781 0.227778 0.057813 0.077778
0 0.131250 0.294444 0.057813 0.086111
0 0.295312 0.178472 0.046875 0.106944
0 0.348438 0.180556 0.060937 0.105556
0 0.422656 0.069444 0.059375 0.072222
0 0.140625 0.500694 0.042188 0.109722
0 0.110937 0.465972 0.026562 0.084722
0 0.118750 0.563889 0.039062 0.133333
0 0.196875 0.442361 0.057813 0.134722
0 0.224219 0.606944 0.067187 0.091667
0 0.152344 0.720833 0.037500 0.125000
0 0.260156 0.694444 0.084375 0.086111
0 0.162500 0.567361 0.046875 0.079167
0 0.144922 0.912500 0.050781 0.063889
0 0.135156 0.829861 0.054688 0.070833
0 0.351953 0.467361 0.060156 0.112500
0 0.441406 0.643750 0.082812 0.101389
0 0.803125 0.865278 0.057813 0.100000
0 0.806641 0.561806 0.041406 0.090278
0 0.770703 0.489583 0.058594 0.079167
0 0.541016 0.313194 0.047656 0.126389
0 0.762500 0.252083 0.042188 0.087500
0 0.599609 0.502778 0.066406 0.108333
0 0.583984 0.108333 0.057031 0.088889
0 0.791016 0.149306 0.069531 0.076389
