0 0.878516 0.117361 0.044531 0.068056
0 0.870313 0.164583 0.031250 0.093056
0 0.898047 0.169444 0.028906 0.102778
0 0.831250 0.170833 0.045312 0.061111
0 0.827734 0.232639 0.055469 0.076389
0 0.837500 0.314583 0.035937 0.115278
0 0.617578 0.086111 0.032031 0.113889
0 0.673828 0.192361 0.049219 0.081944
0 0.578125 0.081250 0.040625 0.126389
0 0.544922 0.061806 0.042969 0.081944
0 0.573828 0.375694 0.064844 0.084722
0 0.741797 0.637500 0.063281 0.063889
0 0.776953 0.693750 0.052344 0.062500
0 0.662500 0.632639 0.068750 0.068056
0 0.560937 0.699306 0.046875 0.115278
0 0.533203 0.644444 0.067969 0.061111
0 0.500000 0.576389 0.039062 0.127778
0 0.446875 0.606250 0.057813 0.081944
0 0.413672 0.666667 0.075781 0.066667
0 0.601953 0.920139 0.046094 0.095833
0 0.786328 0.925000 0.033594 0.077778
0 0.815234 0.916667 0.025781 0.086111
0 0.840234 0.906944 0.030469 0.075000
0 0.188672 0.537500 0.035156 0.111111
0 0.111719 0.609028 0.026562 0.068056
0 0.124219 0.645833 0.040625 0.072222
0 0.142187 0.684028 0.045312 0.068056
