0 0.146094 0.581944 0.071875 0.091667
0 0.232031 0.259722 0.081250 0.127778
0 0.697656 0.188889 0.067187 0.158333
0 0.612109 0.627778 0.066406 0.130556
0 0.454688 0.351389 0.065625 0.155556
0 0.692969 0.104861 0.075000 0.151389
0 0.809766 0.679861 0.075781 0.123611
0 0.853125 0.354861 0.056250 0.184722
0 0.764062 0.438889 0.065625 0.172222
0 0.158203 0.227778 0.055469 0.161111
0 0.153516 0.101389 0.086719 0.111111
0 0.298828 0.528472 0.063281 0.165278
0 0.331641 0.601389 0.058594 0.138889
0 0.883594 0.180556 0.056250 0.152778
0 0.311328 0.042361 0.080469 0.081944
0 0.800781 0.745833 0.059375 0.113889
0 0.434766 0.240278 0.082031 0.086111
