0 0.458984 0.304167 0.069531 0.186111
0 0.332813 0.196528 0.103125 0.098611
0 0.153906 0.248611 0.067187 0.111111
0 0.294141 0.284028 0.057031 0.195833
0 0.516016 0.279861 0.061719 0.168056
0 0.250000 0.250694 0.067187 0.129167
0 0.877344 0.400000 0.039062 0.150000
0 0.778906 0.370833 0.079687 0.113889
0 0.601953 0.747917 0.072656 0.104167
0 0.800391 0.681944 0.074219 0.116667
0 0.673047 0.257639 0.057031 0.165278
0 0.152344 0.161806 0.057813 0.081944
0 0.303125 0.136111 0.085938 0.122222
0 0.883594 0.622222 0.070312 0.086111
0 0.485156 0.598611 0.065625 0.150000
0 0.427734 0.203472 0.100781 0.115278
0 0.776172 0.770139 0.067969 0.079167
0 0.192188 0.100000 0.059375 0.183333
0 0.284766 0.090278 0.074219 0.130556
