0 0.515625 0.647917 0.096875 0.090278
0 0.246484 0.744444 0.055469 0.130556
0 0.522266 0.555556 0.091406 0.133333
0 0.333984 0.502083 0.061719 0.115278
0 0.875000 0.125000 0.064062 0.094444
0 0.863281 0.216667 0.073438 0.091667
0 0.385156 0.480556 0.046875 0.180556
0 0.549219 0.073611 0.062500 0.122222
0 0.339453 0.725694 0.071094 0.070833
0 0.185547 0.304861 0.052344 0.148611
0 0.252734 0.198611 0.071094 0.127778
0 0.680469 0.336806 0.053125 0.148611
0 0.769531 0.425694 0.050000 0.112500
0 0.901563 0.361806 0.048438 0.115278
0 0.801562 0.626389 0.046875 0.133333
0 0.814453 0.461806 0.052344 0.151389
0 0.522266 0.754167 0.072656 0.122222
0 0.760547 0.667361 0.060156 0.151389
0 0.886328 0.766667 0.057031 0.097222
0 0.833984 0.581944 0.052344 0.075000
0 0.876563 0.418056 0.075000 0.097222
