0 0.434375 0.593056 0.051562 0.102778
0 0.854688 0.089583 0.031250 0.098611
0 0.276562 0.474306 0.056250 0.084722
0 0.200000 0.443056 0.037500 0.097222
0 0.117578 0.467361 0.049219 0.095833
0 0.236328 0.567361 0.060156 0.115278
0 0.187109 0.620833 0.044531 0.094444
0 0.233594 0.478472 0.037500 0.118056
0 0.884766 0.690972 0.046094 0.090278
0 0.876563 0.180556 0.043750 0.086111
0 0.511719 0.649306 0.081250 0.087500
0 0.885156 0.737500 0.040625 0.075000
0 0.869141 0.286806 0.042969 0.098611
0 0.880078 0.388194 0.036719 0.104167
0 0.832422 0.261806 0.049219 0.087500
0 0.923438 0.754167 0.042188 0.066667
0 0.891016 0.315972 0.033594 0.087500
0 0.878125 0.250000 0.043750 0.072222
0 0.784375 0.136806 0.051562 0.070833
0 0.749609 0.638889 0.049219 0.061111
0 0.835156 0.110417 0.034375 0.112500
0 0.791406 0.078472 0.078125 0.065278
0 0.114062 0.400000 0.046875 0.063889
0 0.373047 0.666667 0.075781 0.086111
0 0.890234 0.131250 0.033594 0.076389
0 0.796094 0.197917 0.046875 0.056944
