0 0.241406 0.093750 0.062500 0.076389
0 0.195312 0.156944 0.067187 0.094444
0 0.112891 0.210417 0.060156 0.073611
0 0.105078 0.268750 0.047656 0.059722
0 0.169141 0.313194 0.064844 0.098611
0 0.112500 0.384722 0.054688 0.083333
0 0.112500 0.463194 0.046875 0.095833
0 0.117969 0.511806 0.053125 0.054167
0 0.145313 0.571528 0.043750 0.104167
0 0.137500 0.900000 0.040625 0.075000
0 0.475391 0.658333 0.063281 0.075000
0 0.562891 0.662500 0.074219 0.083333
0 0.519922 0.736111 0.061719 0.111111
0 0.471094 0.115278 0.054688 0.108333
0 0.317188 0.487500 0.056250 0.113889
0 0.140234 0.804861 0.036719 0.095833
0 0.871484 0.566667 0.041406 0.063889
0 0.844531 0.586111 0.039062 0.063889
0 0.892578 0.454861 0.033594 0.095833
0 0.853125 0.428472 0.040625 0.109722
0 0.619531 0.401389 0.073438 0.088889
0 0.721484 0.709028 0.036719 0.104167
0 0.771484 0.115972 0.057031 0.120833
0 0.609375 0.099306 0.053125 0.123611
0 0.878906 0.354167 0.040625 0.094444
0 0.125000 0.334028 0.048438 0.087500
