0 0.710547 0.848611 0.050781 0.072222
0 0.139453 0.875694 0.036719 0.115278
0 0.374609 0.922222 0.050781 0.091667
0 0.641406 0.580556 0.042188 0.133333
0 0.775000 0.698611 0.057813 0.088889
0 0.644922 0.909722 0.064844 0.077778
0 0.596484 0.600694 0.044531 0.106944
0 0.838672 0.433333 0.035156 0.091667
0 0.838672 0.310417 0.039844 0.120833
0 0.130469 0.675000 0.032813 0.091667
0 0.111719 0.855556 0.029687 0.088889
0 0.881250 0.348611 0.040625 0.072222
0 0.779297 0.593056 0.049219 0.122222
0 0.133203 0.760417 0.050781 0.093056
0 0.329688 0.917361 0.045312 0.090278
0 0.724219 0.593056 0.035937 0.105556
0 0.550781 0.298611 0.045312 0.116667
0 0.518359 0.643056 0.066406 0.072222
0 0.885547 0.240972 0.036719 0.090278
0 0.547656 0.711111 0.060937 0.080556
0 0.151562 0.260417 0.035937 0.090278
0 0.803516 0.470833 0.049219 0.163889
0 0.662500 0.697222 0.057813 0.091667
0 0.861719 0.383333 0.037500 0.075000
0 0.149609 0.354167 0.052344 0.111111
0 0.117578 0.526389 0.047656 0.094444
0 0.214453 0.417361 0.042969 0.106944
0 0.132031 0.597222 0.057813 0.072222
