0 0.132812 0.588194 0.067187 0.115278
0 0.319141 0.332639 0.078906 0.140278
0 0.692187 0.168750 0.059375 0.165278
0 0.366406 0.170833 0.053125 0.122222
0 0.507422 0.536111 0.071094 0.150000
0 0.610547 0.629861 0.061719 0.131944
0 0.492578 0.270139 0.082031 0.159722
0 0.681250 0.046528 0.107813 0.090278
0 0.808984 0.675000 0.075781 0.108333
0 0.853516 0.355556 0.055469 0.177778
0 0.748828 0.572917 0.067969 0.165278
0 0.169922 0.488194 0.061719 0.145833
0 0.214062 0.418056 0.056250 0.169444
0 0.716797 0.690972 0.053906 0.101389
0 0.153516 0.193056 0.066406 0.138889
0 0.198437 0.286806 0.093750 0.126389
0 0.787891 0.324306 0.057031 0.112500
0 0.153125 0.072222 0.054688 0.111111
