0 0.180689 0.47599 0.0593577 0.139188
0 0.292133 0.669061 0.0766107 0.103768
0 0.58753 0.653895 0.0951103 0.0965268
0 0.356576 0.586565 0.0676877 0.084621
0 0.6675 0.519445 0.0810808 0.118254
0 0.732406 0.275282 0.077318 0.0931387
0 0.654136 0.345577 0.103219 0.0968424
0 0.335799 0.357846 0.0576813 0.15014
0 0.419518 0.552909 0.0507274 0.122188
0 0.215161 0.211111 0.0530933 0.123931
0 0.345264 0.465731 0.08307 0.0873774
0 0.185731 0.692561 0.0764343 0.0935467
0 0.241145 0.0943754 0.0758411 0.0975688
0 0.147582 0.161539 0.0678056 0.116022
0 0.320139 0.15871 0.0821371 0.120936
0 0.749704 0.401859 0.0708169 0.116047
0 0.141716 0.353682 0.0627574 0.135429
0 0.257755 0.286237 0.0626321 0.0997041
0 0.222218 0.0332042 0.0737479 0.0664084
0 0.166239 0.607548 0.0618376 0.0957718
0 0.141377 0.706558 0.0447384 0.146029
0 0.880712 0.299093 0.0588533 0.105502
0 0.318831 0.0432288 0.0637247 0.0864575
