0 0.463281 0.309722 0.075000 0.180556
0 0.334375 0.196528 0.101562 0.109722
0 0.153906 0.248611 0.067187 0.111111
0 0.291406 0.286806 0.057813 0.195833
0 0.437891 0.104861 0.114844 0.104167
0 0.247266 0.248611 0.052344 0.138889
0 0.875781 0.391667 0.042188 0.133333
0 0.777734 0.370833 0.077344 0.113889
0 0.606250 0.756250 0.064062 0.120833
0 0.803125 0.679861 0.071875 0.123611
0 0.673438 0.254861 0.065625 0.179167
0 0.152344 0.161806 0.057813 0.081944
0 0.307812 0.133333 0.096875 0.130556
0 0.883203 0.622222 0.072656 0.083333
0 0.487500 0.692361 0.071875 0.176389
0 0.431641 0.202778 0.110156 0.111111
0 0.776172 0.770139 0.067969 0.079167
0 0.223828 0.086806 0.082031 0.159722
0 0.285547 0.086111 0.066406 0.141667
