0 0.369531 0.646528 0.078125 0.104167
0 0.212500 0.327083 0.045312 0.134722
0 0.420312 0.677778 0.051562 0.144444
0 0.872266 0.713194 0.036719 0.118056
0 0.166797 0.359028 0.050781 0.140278
0 0.635156 0.586806 0.073438 0.084722
0 0.335156 0.627083 0.040625 0.115278
0 0.753125 0.750694 0.068750 0.093056
0 0.888672 0.602778 0.053906 0.113889
0 0.264844 0.167361 0.056250 0.084722
0 0.657813 0.533333 0.064062 0.075000
0 0.350781 0.071528 0.079687 0.098611
0 0.543359 0.738194 0.047656 0.115278
0 0.263281 0.257639 0.057813 0.104167
0 0.760547 0.518056 0.074219 0.086111
0 0.776953 0.844444 0.074219 0.086111
0 0.814063 0.770139 0.070312 0.079167
0 0.845703 0.631944 0.066406 0.113889
0 0.814453 0.684028 0.058594 0.118056
0 0.868750 0.499306 0.065625 0.081944
0 0.803516 0.405556 0.067969 0.113889
0 0.900391 0.389583 0.071094 0.081944
