0 0.141406 0.425694 0.060937 0.112500
0 0.697656 0.134722 0.059375 0.175000
0 0.301953 0.404861 0.064844 0.201389
0 0.151953 0.232639 0.092969 0.095833
0 0.129688 0.360417 0.046875 0.131944
0 0.193359 0.367361 0.061719 0.168056
0 0.227734 0.430556 0.053906 0.166667
0 0.395703 0.084722 0.100781 0.130556
0 0.766797 0.426389 0.057031 0.155556
0 0.491016 0.137500 0.080469 0.152778
0 0.603516 0.759028 0.072656 0.118056
0 0.875391 0.631944 0.072656 0.122222
0 0.601562 0.059722 0.103125 0.102778
0 0.355078 0.197917 0.105469 0.112500
0 0.256250 0.108333 0.082812 0.119444
0 0.153516 0.309028 0.049219 0.084722
0 0.860938 0.381944 0.045312 0.125000
0 0.869141 0.277778 0.049219 0.113889
