0 0.478125 0.294444 0.068750 0.208333
0 0.292969 0.434722 0.057813 0.136111
0 0.149609 0.204861 0.061719 0.118056
0 0.232422 0.359028 0.080469 0.134722
0 0.190234 0.302778 0.082031 0.113889
0 0.855078 0.573611 0.050781 0.144444
0 0.773047 0.338889 0.063281 0.141667
0 0.800000 0.690278 0.064062 0.116667
0 0.578906 0.713194 0.059375 0.170833
0 0.144141 0.082639 0.038281 0.115278
0 0.455469 0.125000 0.084375 0.147222
0 0.872656 0.459028 0.057813 0.129167
0 0.385547 0.465972 0.078906 0.140278
0 0.777734 0.770833 0.064844 0.077778
0 0.194141 0.079861 0.069531 0.131944
0 0.247266 0.103472 0.053906 0.159722
0 0.194922 0.181944 0.066406 0.083333
0 0.412891 0.356944 0.064844 0.152778
