0 0.145703 0.788194 0.042969 0.104167
0 0.408984 0.786111 0.074219 0.094444
0 0.376172 0.869444 0.078906 0.105556
0 0.151172 0.365972 0.050781 0.118056
0 0.203516 0.190972 0.066406 0.081944
0 0.167969 0.592361 0.059375 0.095833
0 0.367188 0.307639 0.056250 0.140278
0 0.116016 0.294444 0.044531 0.097222
0 0.594141 0.077778 0.049219 0.088889
0 0.287500 0.522222 0.079687 0.094444
0 0.389453 0.604861 0.066406 0.115278
0 0.454688 0.381944 0.085938 0.091667
0 0.642578 0.093056 0.055469 0.122222
0 0.586719 0.141667 0.060937 0.088889
0 0.237109 0.383333 0.052344 0.138889
0 0.272656 0.613194 0.078125 0.101389
0 0.866406 0.359722 0.039062 0.125000
0 0.139844 0.914583 0.067187 0.070833
0 0.212109 0.108333 0.055469 0.086111
0 0.119531 0.465972 0.057813 0.087500
0 0.179297 0.262500 0.061719 0.069444
0 0.193750 0.831250 0.034375 0.079167
0 0.168750 0.478472 0.039062 0.115278
0 0.231641 0.835417 0.058594 0.076389
0 0.881250 0.263194 0.050000 0.106944
