0 0.617969 0.053472 0.042188 0.084722
0 0.578125 0.051389 0.037500 0.086111
0 0.532031 0.053472 0.050000 0.087500
0 0.664844 0.178472 0.045312 0.106944
0 0.829297 0.236111 0.044531 0.108333
0 0.852344 0.184028 0.034375 0.084722
0 0.876953 0.160417 0.041406 0.059722
0 0.883984 0.122222 0.047656 0.066667
0 0.839063 0.313194 0.035937 0.118056
0 0.711328 0.535417 0.050781 0.068056
0 0.563672 0.373611 0.066406 0.086111
0 0.654687 0.651389 0.070312 0.083333
0 0.591406 0.583333 0.051562 0.125000
0 0.571484 0.720833 0.049219 0.091667
0 0.533594 0.644444 0.060937 0.066667
0 0.509766 0.588889 0.049219 0.100000
0 0.809766 0.912500 0.033594 0.083333
0 0.838672 0.899306 0.032031 0.073611
0 0.596484 0.918056 0.049219 0.086111
0 0.282031 0.261806 0.040625 0.081944
0 0.185547 0.538889 0.030469 0.091667
0 0.115625 0.607639 0.028125 0.068056
0 0.123438 0.659028 0.040625 0.081944
0 0.149219 0.699306 0.043750 0.076389
0 0.134766 0.761111 0.049219 0.075000
