0 0.401352 0.734928 0.0540725 0.129023
0 0.479901 0.400114 0.0537092 0.135167
0 0.526218 0.250455 0.0578468 0.174406
0 0.194175 0.551309 0.0612998 0.102932
0 0.359666 0.424691 0.0631671 0.0874576
0 0.338919 0.668209 0.0573232 0.166508
0 0.475219 0.259592 0.0680483 0.111117
0 0.858544 0.772368 0.0561531 0.0940374
0 0.53747 0.403391 0.0658505 0.13828
0 0.284038 0.496672 0.0817646 0.0984777
0 0.231348 0.610967 0.077895 0.108177
0 0.173659 0.236027 0.0631915 0.0890724
0 0.432052 0.567759 0.0961445 0.106455
0 0.190921 0.139114 0.0549887 0.124322
0 0.866024 0.417124 0.054847 0.103661
0 0.582614 0.191444 0.0727241 0.105664
0 0.614414 0.407737 0.0754506 0.112488
0 0.605001 0.668725 0.0680677 0.0688564
0 0.14778 0.593621 0.0564965 0.132562
0 0.194791 0.334099 0.0598347 0.147104
0 0.220214 0.194691 0.0460001 0.119274
0 0.157589 0.720946 0.065901 0.0889264
0 0.24336 0.724438 0.0640784 0.108764
0 0.859658 0.573249 0.0516945 0.105654
0 0.132666 0.248457 0.0344852 0.100868
0 0.127546 0.184746 0.0390385 0.0569302
