0 0.315234 0.790278 0.052344 0.127778
0 0.392188 0.771528 0.056250 0.101389
0 0.508594 0.248611 0.056250 0.136111
0 0.232031 0.763889 0.053125 0.083333
0 0.291016 0.606944 0.053906 0.147222
0 0.230859 0.363194 0.053906 0.095833
0 0.432422 0.097222 0.072656 0.111111
0 0.446484 0.391667 0.055469 0.141667
0 0.234766 0.463889 0.069531 0.102778
0 0.255859 0.129861 0.055469 0.087500
0 0.137500 0.114583 0.050000 0.095833
0 0.149609 0.050694 0.046094 0.073611
0 0.171875 0.083333 0.043750 0.136111
0 0.252734 0.039583 0.061719 0.076389
0 0.371484 0.452083 0.057031 0.145833
0 0.331250 0.072917 0.051562 0.143056
0 0.258594 0.246528 0.053125 0.148611
0 0.524219 0.069444 0.089063 0.102778
0 0.391406 0.050000 0.053125 0.097222
0 0.619531 0.096528 0.057813 0.129167
0 0.673438 0.513889 0.065625 0.111111
0 0.780859 0.425000 0.071094 0.080556
0 0.772656 0.610417 0.081250 0.104167
0 0.449609 0.733333 0.047656 0.127778
0 0.676562 0.384722 0.039062 0.122222
0 0.832422 0.889583 0.047656 0.068056
