0 0.558203 0.723611 0.067969 0.130556
0 0.364453 0.533333 0.077344 0.155556
0 0.135937 0.247222 0.046875 0.088889
0 0.166797 0.207639 0.060156 0.084722
0 0.199609 0.127778 0.060156 0.108333
0 0.663672 0.728472 0.050781 0.120833
0 0.502734 0.236806 0.078906 0.104167
0 0.151562 0.683333 0.073438 0.105556
0 0.383984 0.128472 0.066406 0.154167
0 0.141016 0.335417 0.053906 0.095833
0 0.420312 0.784722 0.051562 0.116667
0 0.203125 0.625000 0.071875 0.116667
0 0.341797 0.608333 0.063281 0.138889
0 0.493750 0.497917 0.089063 0.109722
0 0.478125 0.413194 0.067187 0.068056
0 0.243750 0.715278 0.062500 0.105556
0 0.211328 0.385417 0.060156 0.081944
0 0.307422 0.131944 0.063281 0.113889
0 0.147656 0.488889 0.048438 0.133333
0 0.513672 0.588889 0.049219 0.147222
0 0.320312 0.701389 0.067187 0.100000
0 0.756641 0.397222 0.088281 0.086111
0 0.786719 0.606944 0.053125 0.136111
0 0.265625 0.795139 0.068750 0.076389
0 0.827734 0.834028 0.067969 0.079167
0 0.860156 0.713194 0.045312 0.126389
