0 0.309375 0.095833 0.067187 0.080556
0 0.443750 0.681250 0.070312 0.081944
0 0.178516 0.276389 0.046094 0.119444
0 0.111719 0.407639 0.042188 0.106944
0 0.150000 0.559722 0.040625 0.094444
0 0.113281 0.485417 0.042188 0.112500
0 0.141016 0.905556 0.036719 0.072222
0 0.561328 0.490972 0.050781 0.090278
0 0.273828 0.936806 0.063281 0.073611
0 0.528906 0.762500 0.065625 0.077778
0 0.517969 0.102083 0.076563 0.093056
0 0.334766 0.208333 0.069531 0.091667
0 0.158594 0.825694 0.043750 0.084722
0 0.869531 0.561806 0.054688 0.073611
0 0.869531 0.619444 0.046875 0.061111
0 0.650000 0.315972 0.075000 0.087500
0 0.829297 0.424306 0.052344 0.079167
0 0.593359 0.605556 0.046094 0.133333
0 0.583203 0.530556 0.063281 0.100000
0 0.535937 0.657639 0.076563 0.073611
0 0.606250 0.115972 0.054688 0.123611
0 0.829297 0.340972 0.057031 0.076389
0 0.116016 0.202083 0.055469 0.073611
0 0.395313 0.743750 0.042188 0.090278
0 0.099609 0.254167 0.027344 0.077778
0 0.170313 0.377083 0.068750 0.073611
0 0.558594 0.060417 0.054688 0.070833
