0 0.134375 0.580556 0.065625 0.108333
0 0.244922 0.328472 0.086719 0.137500
0 0.258594 0.183333 0.093750 0.108333
0 0.200391 0.052778 0.049219 0.102778
0 0.476953 0.381944 0.053906 0.147222
0 0.416016 0.388194 0.071094 0.087500
0 0.604297 0.545139 0.055469 0.148611
0 0.658594 0.529167 0.059375 0.150000
0 0.566406 0.232639 0.103125 0.118056
0 0.691406 0.102778 0.087500 0.111111
0 0.804688 0.685417 0.064062 0.126389
0 0.856250 0.364583 0.051562 0.173611
0 0.793750 0.503472 0.089063 0.106944
0 0.231250 0.465972 0.079687 0.081944
0 0.400000 0.144444 0.057813 0.194444
0 0.341406 0.042361 0.064062 0.081944
