0 0.634784 0.375105 0.0929163 0.1119
0 0.41623 0.11721 0.091775 0.106685
0 0.157902 0.696109 0.0760053 0.0910329
0 0.48922 0.443598 0.0789307 0.103545
0 0.525285 0.255995 0.0944504 0.104937
0 0.536763 0.574768 0.0673335 0.0862819
0 0.316268 0.657754 0.0584226 0.139115
0 0.450174 0.218949 0.078727 0.0914611
0 0.260323 0.30552 0.063113 0.112343
0 0.220375 0.198948 0.0476563 0.138006
0 0.150009 0.206166 0.0580192 0.101377
0 0.487486 0.138183 0.09112 0.0975806
0 0.221839 0.684337 0.0735989 0.0958357
0 0.858351 0.77286 0.0564152 0.0924121
0 0.29315 0.240072 0.0869321 0.0947855
0 0.36246 0.43202 0.0522235 0.115244
0 0.466014 0.776715 0.09331 0.113125
0 0.210161 0.501822 0.0617157 0.0827591
0 0.499932 0.542214 0.0571851 0.126507
0 0.133701 0.257875 0.0425092 0.102911
0 0.815576 0.251012 0.0537584 0.145132
0 0.175599 0.593101 0.0652436 0.103676
0 0.192108 0.138352 0.0479374 0.144237
0 0.864958 0.468917 0.0483368 0.0913467
0 0.83821 0.420529 0.0439396 0.123503
