0 0.866797 0.081944 0.030469 0.094444
0 0.806250 0.068056 0.042188 0.061111
0 0.755078 0.116667 0.041406 0.088889
0 0.798047 0.151389 0.042969 0.094444
0 0.833984 0.123611 0.028906 0.102778
0 0.841016 0.286111 0.046094 0.102778
0 0.876172 0.331250 0.039844 0.106944
0 0.711328 0.309028 0.049219 0.123611
0 0.630078 0.393056 0.041406 0.116667
0 0.554688 0.357639 0.056250 0.106944
0 0.585547 0.588889 0.036719 0.119444
0 0.620313 0.604167 0.031250 0.094444
0 0.657031 0.590278 0.045312 0.111111
0 0.758203 0.541667 0.044531 0.091667
0 0.869141 0.593056 0.046094 0.111111
0 0.535156 0.706944 0.070312 0.052778
0 0.751563 0.797222 0.051562 0.072222
0 0.705859 0.935417 0.047656 0.073611
0 0.747656 0.913889 0.037500 0.097222
0 0.787500 0.940278 0.046875 0.061111
0 0.808984 0.911806 0.039844 0.079167
0 0.822656 0.839583 0.046875 0.084722
0 0.884766 0.779861 0.058594 0.065278
0 0.877344 0.836806 0.043750 0.059722
0 0.421875 0.530556 0.062500 0.091667
0 0.452344 0.356250 0.048438 0.084722
0 0.342578 0.252083 0.042969 0.112500
