0 0.298828 0.463889 0.071094 0.158333
0 0.320312 0.325694 0.073438 0.112500
0 0.153125 0.265278 0.043750 0.080556
0 0.436328 0.119444 0.063281 0.113889
0 0.193359 0.125694 0.050781 0.140278
0 0.485938 0.480556 0.068750 0.075000
0 0.511328 0.279861 0.060156 0.137500
0 0.204297 0.381944 0.050781 0.158333
0 0.130469 0.208333 0.043750 0.097222
0 0.159375 0.352083 0.059375 0.109722
0 0.487891 0.188194 0.097656 0.104167
0 0.163281 0.725694 0.067187 0.093056
0 0.203516 0.709028 0.049219 0.143056
0 0.478125 0.561806 0.095312 0.106944
0 0.623828 0.665278 0.064844 0.083333
0 0.612109 0.363194 0.092969 0.087500
0 0.184766 0.579861 0.042969 0.120833
0 0.134766 0.661111 0.041406 0.111111
0 0.477344 0.404167 0.085938 0.077778
0 0.402344 0.592361 0.073438 0.126389
0 0.312109 0.638889 0.058594 0.163889
0 0.880859 0.461111 0.057031 0.080556
0 0.749609 0.695833 0.049219 0.136111
0 0.123438 0.292361 0.028125 0.104167
0 0.822266 0.839583 0.052344 0.084722
0 0.876172 0.725694 0.053906 0.101389
