0 0.729297 0.854861 0.060156 0.065278
0 0.416406 0.102083 0.065625 0.073611
0 0.143359 0.805556 0.036719 0.100000
0 0.463672 0.315972 0.075781 0.073611
0 0.374609 0.922222 0.050781 0.091667
0 0.644141 0.587500 0.041406 0.122222
0 0.786328 0.799306 0.052344 0.065278
0 0.737500 0.930556 0.057813 0.080556
0 0.594141 0.593750 0.044531 0.118056
0 0.845313 0.387500 0.040625 0.069444
0 0.838672 0.309028 0.038281 0.109722
0 0.119531 0.587500 0.046875 0.061111
0 0.113281 0.853472 0.029687 0.090278
0 0.685937 0.803472 0.056250 0.076389
0 0.879297 0.348611 0.044531 0.072222
0 0.796875 0.462500 0.039062 0.152778
0 0.126172 0.645833 0.047656 0.077778
0 0.335156 0.917361 0.048438 0.081944
0 0.725391 0.594444 0.038281 0.111111
0 0.632422 0.335417 0.049219 0.118056
0 0.519922 0.643750 0.066406 0.068056
0 0.805078 0.312500 0.044531 0.075000
0 0.622656 0.209722 0.071875 0.086111
0 0.564844 0.719444 0.039062 0.113889
0 0.112109 0.520139 0.033594 0.070833
0 0.761719 0.388889 0.056250 0.069444
0 0.650000 0.700000 0.039062 0.141667
0 0.221094 0.187500 0.040625 0.066667
