0 0.822656 0.554861 0.060937 0.162500
0 0.227734 0.315972 0.063281 0.123611
0 0.878516 0.382639 0.077344 0.109722
0 0.128906 0.381250 0.071875 0.090278
0 0.391406 0.141667 0.053125 0.152778
0 0.466406 0.150000 0.095312 0.105556
0 0.911719 0.189583 0.035937 0.118056
0 0.636719 0.404861 0.082812 0.098611
0 0.184766 0.293056 0.055469 0.102778
0 0.909766 0.511111 0.055469 0.116667
0 0.926562 0.329861 0.054688 0.095833
0 0.752734 0.236806 0.075781 0.068056
0 0.910937 0.715972 0.050000 0.104167
0 0.217969 0.488194 0.059375 0.118056
0 0.498828 0.243750 0.086719 0.098611
0 0.892578 0.320833 0.064844 0.141667
0 0.898438 0.592361 0.034375 0.118056
0 0.933984 0.260417 0.066406 0.076389
0 0.391016 0.347222 0.055469 0.172222
0 0.930859 0.485417 0.049219 0.131944
0 0.778906 0.575694 0.070312 0.095833
0 0.870313 0.663889 0.043750 0.180556
