0 0.265234 0.555556 0.071094 0.097222
0 0.375000 0.230556 0.059375 0.088889
0 0.135547 0.716667 0.044531 0.111111
0 0.270703 0.320833 0.066406 0.116667
0 0.664453 0.152083 0.039844 0.115278
0 0.124609 0.393750 0.055469 0.112500
0 0.216797 0.603472 0.036719 0.123611
0 0.355469 0.659722 0.071875 0.105556
0 0.174609 0.416667 0.050781 0.163889
0 0.383984 0.103472 0.039844 0.131944
0 0.319922 0.568750 0.049219 0.084722
0 0.249219 0.647222 0.056250 0.147222
0 0.634375 0.640972 0.076563 0.079167
0 0.139844 0.509722 0.040625 0.125000
0 0.878906 0.254167 0.050000 0.100000
0 0.816797 0.132639 0.042969 0.106944
0 0.607031 0.372917 0.085938 0.095833
0 0.887109 0.181250 0.060156 0.070833
0 0.254688 0.821528 0.073438 0.093056
0 0.167578 0.823611 0.050781 0.075000
0 0.242578 0.209028 0.077344 0.093056
0 0.670703 0.947222 0.058594 0.080556
0 0.125781 0.270833 0.042188 0.113889
0 0.317188 0.263889 0.053125 0.144444
0 0.154688 0.751389 0.045312 0.069444
0 0.344922 0.089583 0.055469 0.104167
