0 0.205859 0.431944 0.082031 0.108333
0 0.198047 0.047917 0.041406 0.093056
0 0.383984 0.579167 0.071094 0.138889
0 0.303125 0.406944 0.068750 0.172222
0 0.139453 0.365972 0.042969 0.118056
0 0.133984 0.494444 0.067969 0.122222
0 0.163672 0.090278 0.053906 0.177778
0 0.317578 0.293750 0.080469 0.095833
0 0.432812 0.292361 0.090625 0.109722
0 0.240625 0.082639 0.065625 0.162500
0 0.138672 0.222222 0.050781 0.136111
0 0.335547 0.107639 0.066406 0.195833
0 0.788281 0.378472 0.073438 0.115278
0 0.775781 0.484028 0.067187 0.165278
0 0.907031 0.792361 0.045312 0.068056
0 0.872266 0.675694 0.055469 0.095833
0 0.653906 0.081944 0.082812 0.113889
0 0.603906 0.748611 0.075000 0.094444
0 0.814844 0.679167 0.087500 0.094444
