0 0.133984 0.584028 0.060156 0.106944
0 0.303906 0.314583 0.064062 0.170833
0 0.691406 0.184722 0.060937 0.136111
0 0.365625 0.177083 0.056250 0.129167
0 0.508203 0.530556 0.074219 0.150000
0 0.610547 0.629861 0.061719 0.131944
0 0.471875 0.255556 0.085938 0.130556
0 0.700000 0.079861 0.070312 0.156944
0 0.810156 0.675000 0.078125 0.108333
0 0.855469 0.352778 0.053125 0.183333
0 0.750781 0.575694 0.068750 0.159722
0 0.171875 0.484028 0.067187 0.090278
0 0.219141 0.372917 0.077344 0.126389
0 0.715625 0.694444 0.054688 0.097222
0 0.155078 0.184722 0.063281 0.136111
0 0.193359 0.279861 0.085156 0.118056
0 0.789453 0.299306 0.063281 0.112500
