0 0.265625 0.550000 0.054688 0.116667
0 0.378125 0.227778 0.062500 0.080556
0 0.133984 0.718056 0.049219 0.102778
0 0.246484 0.321528 0.063281 0.106944
0 0.662891 0.154861 0.042969 0.109722
0 0.166797 0.331944 0.055469 0.105556
0 0.224609 0.609722 0.039844 0.102778
0 0.427344 0.481250 0.042188 0.148611
0 0.196484 0.447917 0.063281 0.131944
0 0.382031 0.127083 0.053125 0.115278
0 0.317578 0.570139 0.052344 0.079167
0 0.175781 0.593750 0.045312 0.115278
0 0.325391 0.650000 0.082031 0.077778
0 0.139453 0.497917 0.049219 0.106944
0 0.868750 0.326389 0.032813 0.091667
0 0.814453 0.136111 0.041406 0.091667
0 0.606250 0.374306 0.084375 0.098611
0 0.885156 0.180556 0.056250 0.072222
0 0.261328 0.805556 0.074219 0.091667
0 0.165625 0.822222 0.054688 0.075000
0 0.164062 0.226389 0.078125 0.080556
0 0.732812 0.556250 0.043750 0.134722
0 0.136328 0.302083 0.041406 0.145833
0 0.242188 0.450694 0.054688 0.106944
0 0.177344 0.675694 0.039062 0.120833
0 0.344922 0.092361 0.053906 0.098611
