0 0.310156 0.776389 0.050000 0.127778
0 0.398438 0.770833 0.065625 0.102778
0 0.510156 0.243750 0.064062 0.129167
0 0.252734 0.741667 0.047656 0.088889
0 0.289062 0.631944 0.082812 0.091667
0 0.221484 0.361111 0.053906 0.130556
0 0.360938 0.154167 0.053125 0.150000
0 0.450781 0.571528 0.060937 0.129167
0 0.176172 0.313889 0.049219 0.108333
0 0.214453 0.187500 0.038281 0.125000
0 0.146094 0.140972 0.057813 0.070833
0 0.156250 0.047222 0.050000 0.072222
0 0.167578 0.076389 0.053906 0.122222
0 0.210938 0.045833 0.070312 0.088889
0 0.292578 0.381250 0.082031 0.095833
0 0.313672 0.058333 0.050781 0.113889
0 0.273438 0.254861 0.084375 0.109722
0 0.445703 0.166667 0.066406 0.141667
0 0.650000 0.550000 0.081250 0.072222
0 0.675391 0.054167 0.047656 0.097222
0 0.650781 0.469444 0.070312 0.102778
0 0.781641 0.423611 0.071094 0.077778
0 0.688672 0.583333 0.089844 0.083333
0 0.744922 0.660417 0.041406 0.145833
0 0.678906 0.384722 0.040625 0.127778
