0 0.145703 0.205556 0.042969 0.136111
0 0.108984 0.203472 0.044531 0.065278
0 0.110547 0.309722 0.044531 0.116667
0 0.129297 0.541667 0.038281 0.130556
0 0.108594 0.592361 0.031250 0.079167
0 0.120313 0.647917 0.054688 0.070833
0 0.151953 0.695139 0.049219 0.068056
0 0.160938 0.759028 0.062500 0.076389
0 0.307422 0.204861 0.058594 0.123611
0 0.488672 0.379861 0.046094 0.156944
0 0.446875 0.380556 0.045312 0.138889
0 0.363672 0.382639 0.071094 0.104167
0 0.608203 0.534722 0.074219 0.086111
0 0.582031 0.661806 0.060937 0.076389
0 0.628125 0.665278 0.071875 0.066667
0 0.463281 0.730556 0.046875 0.130556
0 0.434766 0.786806 0.049219 0.109722
0 0.394141 0.729167 0.047656 0.125000
0 0.499219 0.861111 0.057813 0.088889
0 0.464062 0.939583 0.064062 0.090278
0 0.704297 0.575694 0.058594 0.093056
0 0.857812 0.686806 0.042188 0.112500
0 0.883984 0.691667 0.027344 0.119444
0 0.710156 0.312500 0.073438 0.083333
0 0.715234 0.376389 0.061719 0.113889
0 0.641797 0.125694 0.061719 0.101389
0 0.590234 0.125694 0.053906 0.095833
