0 0.359722 0.507538 0.0668731 0.125625
0 0.476613 0.430271 0.0588377 0.140604
0 0.667415 0.528818 0.075695 0.139796
0 0.359131 0.299347 0.0824128 0.117269
0 0.202283 0.154176 0.0713197 0.096026
0 0.296772 0.642957 0.0696863 0.102856
0 0.38007 0.0652118 0.0652959 0.130424
0 0.615436 0.2078 0.0572847 0.152849
0 0.561754 0.497567 0.0579848 0.177463
0 0.143467 0.630458 0.0552949 0.131217
0 0.29282 0.734911 0.0634801 0.0924047
0 0.193002 0.262326 0.0727361 0.0957019
0 0.28457 0.463894 0.0621775 0.133056
0 0.740102 0.542827 0.0622795 0.128888
0 0.68015 0.357253 0.0969706 0.107637
0 0.272515 0.0840941 0.0834226 0.104285
0 0.137618 0.345769 0.0533091 0.085753
0 0.195709 0.678831 0.0457418 0.0975047
0 0.708705 0.669013 0.0491957 0.147547
0 0.144553 0.170939 0.0481315 0.128006
0 0.328709 0.575175 0.052246 0.15731
0 0.257394 0.0266968 0.0878478 0.0533936
0 0.309678 0.030825 0.0615593 0.06165
