0 0.209766 0.431250 0.074219 0.106944
0 0.364453 0.436111 0.067969 0.191667
0 0.301953 0.437500 0.063281 0.152778
0 0.139063 0.353472 0.045312 0.126389
0 0.131641 0.502083 0.072656 0.126389
0 0.173437 0.206944 0.064062 0.177778
0 0.297656 0.321528 0.054688 0.159722
0 0.437109 0.292361 0.096094 0.104167
0 0.254297 0.102083 0.067969 0.162500
0 0.137500 0.227083 0.046875 0.137500
0 0.323828 0.121528 0.071094 0.195833
0 0.858984 0.389583 0.046094 0.129167
0 0.757422 0.504167 0.083594 0.111111
0 0.909375 0.794444 0.045312 0.077778
0 0.873047 0.684722 0.049219 0.080556
0 0.650000 0.069444 0.101562 0.108333
0 0.609766 0.756944 0.063281 0.111111
0 0.820703 0.675694 0.083594 0.104167
0 0.137109 0.100694 0.039844 0.090278
