0 0.818359 0.149306 0.075781 0.098611
0 0.224609 0.286111 0.064844 0.133333
0 0.144922 0.278472 0.069531 0.109722
0 0.153125 0.522917 0.071875 0.098611
0 0.610938 0.519444 0.067187 0.130556
0 0.580469 0.811806 0.084375 0.093056
0 0.793750 0.363889 0.071875 0.088889
0 0.746875 0.781250 0.043750 0.112500
0 0.790234 0.768750 0.046094 0.120833
0 0.886719 0.280556 0.048438 0.127778
0 0.685547 0.293750 0.092969 0.095833
0 0.132812 0.562500 0.034375 0.094444
0 0.614062 0.645139 0.054688 0.173611
0 0.850781 0.738889 0.059375 0.111111
0 0.390625 0.080556 0.078125 0.122222
0 0.842578 0.238889 0.058594 0.130556
0 0.882422 0.577778 0.060156 0.108333
0 0.142578 0.188194 0.061719 0.118056
0 0.226172 0.608333 0.069531 0.113889
0 0.710547 0.697222 0.060156 0.125000
0 0.377344 0.634028 0.075000 0.109722
