0 0.232031 0.455556 0.062500 0.094444
0 0.191406 0.238889 0.057813 0.158333
0 0.234766 0.313194 0.050781 0.134722
0 0.152344 0.368750 0.064062 0.095833
0 0.226953 0.154167 0.082031 0.097222
0 0.330469 0.240972 0.059375 0.148611
0 0.349219 0.087500 0.082812 0.080556
0 0.432422 0.275000 0.071094 0.161111
0 0.806250 0.623611 0.059375 0.086111
0 0.543750 0.295139 0.095312 0.126389
0 0.321484 0.561806 0.044531 0.168056
0 0.352344 0.565972 0.057813 0.095833
0 0.534766 0.703472 0.057031 0.126389
0 0.509766 0.614583 0.046094 0.106944
0 0.883984 0.745139 0.055469 0.084722
0 0.383594 0.422917 0.056250 0.126389
0 0.611719 0.122222 0.073438 0.127778
0 0.823828 0.260417 0.075781 0.106944
0 0.860156 0.518750 0.062500 0.154167
0 0.879687 0.186806 0.059375 0.101389
0 0.388672 0.309722 0.088281 0.113889
0 0.550781 0.066667 0.057813 0.130556
