0 0.155469 0.159028 0.048438 0.126389
0 0.294531 0.736111 0.062500 0.086111
0 0.321875 0.061806 0.065625 0.120833
0 0.561719 0.491667 0.060937 0.163889
0 0.697656 0.515278 0.071875 0.147222
0 0.341016 0.240972 0.080469 0.106944
0 0.417969 0.553472 0.067187 0.120833
0 0.351562 0.342361 0.071875 0.101389
0 0.235156 0.216667 0.054688 0.138889
0 0.297266 0.641667 0.074219 0.105556
0 0.664062 0.347222 0.059375 0.163889
0 0.347656 0.536806 0.070312 0.129167
0 0.476953 0.426389 0.058594 0.138889
0 0.448828 0.046528 0.077344 0.090278
0 0.147656 0.634028 0.054688 0.126389
0 0.283203 0.475000 0.069531 0.116667
0 0.656250 0.669444 0.078125 0.086111
0 0.138281 0.351389 0.056250 0.088889
0 0.198047 0.678472 0.041406 0.098611
0 0.756641 0.527778 0.072656 0.086111
0 0.230859 0.087500 0.058594 0.122222
0 0.204297 0.028472 0.060156 0.054167
0 0.383594 0.043056 0.079687 0.083333
