0 0.343089 0.30904 0.0919003 0.106997
0 0.675634 0.522739 0.0617884 0.1618
0 0.522082 0.391948 0.10111 0.112882
0 0.733262 0.533746 0.0557985 0.146609
0 0.297463 0.127455 0.0765726 0.107371
0 0.445041 0.492012 0.0624257 0.12921
0 0.164896 0.459871 0.0455726 0.136328
0 0.158437 0.178162 0.0646965 0.103797
0 0.279401 0.47376 0.067243 0.102777
0 0.202968 0.585803 0.0680538 0.0950955
0 0.358981 0.13579 0.0558727 0.168081
0 0.35907 0.573171 0.0617914 0.11431
0 0.582479 0.330369 0.0654034 0.097023
0 0.651552 0.348614 0.088987 0.117086
0 0.140794 0.634738 0.0498941 0.14178
0 0.325677 0.51181 0.0575223 0.138484
0 0.137422 0.306718 0.0459901 0.158545
0 0.735462 0.236951 0.0623232 0.123608
0 0.849011 0.785171 0.0436922 0.0711979
0 0.222158 0.0457852 0.0671415 0.0915704
0 0.223705 0.504513 0.0502903 0.0994926
0 0.323769 0.0437336 0.0626969 0.0874671
0 0.208379 0.0400413 0.0426672 0.0800827
