0 0.823047 0.150694 0.067969 0.112500
0 0.215625 0.281250 0.075000 0.112500
0 0.155469 0.245139 0.059375 0.126389
0 0.142187 0.465278 0.053125 0.141667
0 0.619922 0.504167 0.094531 0.105556
0 0.741406 0.540278 0.062500 0.152778
0 0.227344 0.527778 0.056250 0.138889
0 0.495312 0.254167 0.095312 0.102778
0 0.730859 0.789583 0.046094 0.104167
0 0.599609 0.609028 0.077344 0.104167
0 0.878906 0.281944 0.051562 0.125000
0 0.895312 0.495139 0.054688 0.112500
0 0.235156 0.655556 0.073438 0.088889
0 0.837500 0.675000 0.079687 0.086111
0 0.852344 0.750694 0.056250 0.101389
0 0.175781 0.503472 0.035937 0.115278
0 0.148047 0.671528 0.050781 0.093056
0 0.239063 0.428472 0.073438 0.079167
0 0.856641 0.214583 0.074219 0.087500
0 0.882031 0.580556 0.053125 0.088889
