0 0.13466 0.196041 0.0439468 0.136969
0 0.215164 0.210967 0.0633106 0.102026
0 0.574546 0.486088 0.0792278 0.13152
0 0.33488 0.362931 0.0575113 0.16162
0 0.59919 0.657303 0.0871045 0.109541
0 0.316493 0.164093 0.0895751 0.109017
0 0.252483 0.281936 0.0710252 0.0920268
0 0.209621 0.110341 0.0597314 0.117751
0 0.4067 0.486501 0.0825381 0.0937841
0 0.150337 0.37686 0.0490597 0.121622
0 0.572868 0.331675 0.0727782 0.126684
0 0.252548 0.509587 0.0860291 0.101278
0 0.342622 0.61621 0.0747621 0.0789077
0 0.184947 0.705956 0.0790872 0.0953118
0 0.41039 0.595743 0.0522455 0.144945
0 0.735341 0.266855 0.0760517 0.0912693
0 0.340288 0.696458 0.0637738 0.0964333
0 0.831692 0.473182 0.0608849 0.0854435
0 0.6532 0.406873 0.0621609 0.146978
0 0.207051 0.0287171 0.0739758 0.0574342
0 0.172354 0.608238 0.0551123 0.104761
0 0.32416 0.0441008 0.0738216 0.0882015
0 0.14077 0.721376 0.041442 0.116492
