0 0.615234 0.658333 0.063281 0.108333
0 0.401172 0.577778 0.086719 0.097222
0 0.517578 0.567361 0.080469 0.118056
0 0.555469 0.771528 0.064062 0.093056
0 0.676562 0.355556 0.056250 0.152778
0 0.221875 0.250000 0.053125 0.141667
0 0.231250 0.556944 0.071875 0.091667
0 0.144531 0.731250 0.053125 0.073611
0 0.672266 0.531944 0.052344 0.138889
0 0.779687 0.575694 0.067187 0.104167
0 0.290625 0.372222 0.056250 0.113889
0 0.562109 0.515278 0.057031 0.175000
0 0.671875 0.646528 0.064062 0.095833
0 0.139844 0.647917 0.060937 0.104167
0 0.128516 0.147917 0.052344 0.129167
0 0.751953 0.364583 0.083594 0.112500
0 0.242578 0.047222 0.082031 0.091667
0 0.468750 0.444444 0.057813 0.147222
0 0.600391 0.595833 0.058594 0.069444
0 0.636328 0.288889 0.088281 0.094444
0 0.446875 0.034028 0.048438 0.065278
0 0.197656 0.049306 0.048438 0.095833
0 0.804297 0.268056 0.052344 0.061111
0 0.576172 0.196528 0.055469 0.093056
