0 0.150000 0.582639 0.068750 0.095833
0 0.324609 0.342361 0.078906 0.151389
0 0.689063 0.165972 0.062500 0.173611
0 0.611328 0.625000 0.067969 0.130556
0 0.472266 0.271528 0.088281 0.120833
0 0.704297 0.072917 0.097656 0.109722
0 0.809375 0.682639 0.076563 0.123611
0 0.834766 0.594444 0.055469 0.138889
0 0.760938 0.447222 0.068750 0.172222
0 0.184766 0.279861 0.086719 0.134722
0 0.134375 0.130556 0.054688 0.161111
0 0.245703 0.534028 0.050781 0.118056
0 0.323828 0.515278 0.085156 0.161111
0 0.347266 0.211111 0.055469 0.172222
0 0.907813 0.790278 0.042188 0.100000
0 0.432422 0.546528 0.055469 0.106944
0 0.891406 0.391667 0.051562 0.172222
