0 0.819141 0.141667 0.080469 0.111111
0 0.219531 0.277083 0.075000 0.115278
0 0.149609 0.279861 0.066406 0.112500
0 0.136328 0.522222 0.080469 0.094444
0 0.862500 0.643056 0.059375 0.083333
0 0.578516 0.804861 0.092969 0.093056
0 0.776172 0.488889 0.061719 0.100000
0 0.790234 0.772917 0.046094 0.123611
0 0.887500 0.285417 0.050000 0.129167
0 0.685937 0.286111 0.090625 0.100000
0 0.260937 0.635417 0.106250 0.098611
0 0.849609 0.745139 0.049219 0.137500
0 0.392188 0.075694 0.075000 0.131944
0 0.841797 0.218056 0.050781 0.166667
0 0.885547 0.570833 0.057031 0.100000
0 0.143359 0.189583 0.060156 0.123611
0 0.216406 0.600000 0.068750 0.105556
0 0.447266 0.568750 0.094531 0.109722
0 0.751172 0.795139 0.039844 0.112500
