0 0.459494 0.0545513 0.0762957 0.109103
0 0.675622 0.518102 0.0632082 0.171591
0 0.302666 0.832733 0.0658786 0.075175
0 0.359333 0.135411 0.0570359 0.171631
0 0.324223 0.517988 0.0560554 0.148832
0 0.29793 0.120714 0.0776862 0.110964
0 0.648508 0.339453 0.0852156 0.135143
0 0.524036 0.392318 0.101387 0.115805
0 0.280464 0.475401 0.0675463 0.111552
0 0.445779 0.491586 0.0627785 0.134692
0 0.202426 0.586453 0.0683165 0.096648
0 0.155411 0.451446 0.0596392 0.11467
0 0.731522 0.234017 0.0618246 0.125781
0 0.583854 0.330975 0.0609187 0.0891456
0 0.159857 0.175987 0.0647695 0.103439
0 0.231855 0.0541782 0.0481704 0.108356
0 0.137911 0.63849 0.05422 0.139555
0 0.75826 0.544815 0.0521103 0.127893
0 0.368518 0.56489 0.0865873 0.105243
0 0.12882 0.220997 0.0421077 0.132684
0 0.13792 0.549477 0.060583 0.071975
0 0.32243 0.0441093 0.0708027 0.0882186
