0 0.421875 0.261111 0.057813 0.169444
0 0.345313 0.510417 0.084375 0.106944
0 0.378125 0.063889 0.075000 0.097222
0 0.195312 0.087500 0.048438 0.163889
0 0.674219 0.326389 0.059375 0.125000
0 0.673438 0.084722 0.075000 0.100000
0 0.869922 0.575000 0.055469 0.102778
0 0.798047 0.625000 0.077344 0.111111
0 0.779687 0.094444 0.073438 0.113889
0 0.213672 0.265278 0.082031 0.080556
0 0.879687 0.501389 0.048438 0.083333
0 0.334375 0.604861 0.042188 0.112500
0 0.752344 0.763889 0.054688 0.144444
0 0.773828 0.677083 0.063281 0.120833
0 0.244922 0.201389 0.075781 0.094444
0 0.894141 0.156250 0.060156 0.087500
0 0.781641 0.272917 0.088281 0.079167
0 0.889062 0.387500 0.035937 0.100000
0 0.815234 0.529861 0.071094 0.148611
0 0.840234 0.665972 0.057031 0.104167
