0 0.195703 0.440278 0.069531 0.091667
0 0.121484 0.244444 0.049219 0.111111
0 0.178906 0.188889 0.056250 0.116667
0 0.147656 0.781250 0.060937 0.104167
0 0.449609 0.327083 0.055469 0.098611
0 0.369922 0.663194 0.067969 0.115278
0 0.883984 0.352778 0.042969 0.063889
0 0.120703 0.504861 0.042969 0.106944
0 0.130859 0.654167 0.038281 0.097222
0 0.379688 0.798611 0.048438 0.125000
0 0.124609 0.427778 0.053906 0.100000
0 0.382031 0.097222 0.059375 0.088889
0 0.146484 0.914583 0.053906 0.070833
0 0.134766 0.832639 0.052344 0.068056
0 0.430078 0.459722 0.057031 0.127778
0 0.465234 0.772222 0.055469 0.158333
0 0.844531 0.752083 0.037500 0.109722
0 0.624609 0.379861 0.078906 0.084722
0 0.732812 0.713194 0.057813 0.070833
0 0.763281 0.247222 0.040625 0.091667
0 0.515234 0.436806 0.053906 0.118056
0 0.417969 0.097222 0.056250 0.102778
0 0.869531 0.297222 0.057813 0.075000
0 0.277344 0.730556 0.076563 0.097222
0 0.119141 0.345139 0.039844 0.115278
0 0.279687 0.186111 0.064062 0.116667
