0 0.398047 0.313194 0.078906 0.076389
0 0.126172 0.716667 0.041406 0.080556
0 0.251172 0.343750 0.060156 0.095833
0 0.664453 0.148611 0.038281 0.111111
0 0.131641 0.313889 0.063281 0.083333
0 0.443750 0.381250 0.084375 0.079167
0 0.354687 0.189583 0.054688 0.137500
0 0.528125 0.439583 0.050000 0.126389
0 0.550000 0.722222 0.060937 0.077778
0 0.174609 0.593750 0.053906 0.104167
0 0.276172 0.934722 0.064844 0.083333
0 0.143750 0.489583 0.040625 0.115278
0 0.760547 0.659028 0.046094 0.120833
0 0.810937 0.123611 0.045312 0.102778
0 0.597656 0.684722 0.043750 0.113889
0 0.592578 0.461806 0.050781 0.120833
0 0.180078 0.368056 0.052344 0.130556
0 0.258203 0.620833 0.064844 0.072222
0 0.396875 0.831250 0.076563 0.093056
0 0.871094 0.364583 0.039062 0.120833
0 0.261719 0.559722 0.054688 0.102778
0 0.187891 0.122222 0.074219 0.091667
0 0.292578 0.487500 0.078906 0.094444
0 0.340234 0.759722 0.050781 0.111111
0 0.555469 0.088194 0.084375 0.095833
0 0.321875 0.397917 0.067187 0.093056
