0 0.56274 0.520769 0.0585861 0.15107
0 0.671862 0.34373 0.0959642 0.102537
0 0.240461 0.727601 0.0667474 0.081563
0 0.559713 0.331639 0.045344 0.132889
0 0.256322 0.266022 0.0606221 0.13835
0 0.363565 0.540828 0.0628348 0.122378
0 0.611664 0.20397 0.0835655 0.113625
0 0.221986 0.048535 0.053819 0.09707
0 0.327192 0.578343 0.0515408 0.16637
0 0.289216 0.0941758 0.074947 0.112606
0 0.378024 0.0675488 0.0622232 0.135098
0 0.176087 0.54543 0.0663822 0.0921444
0 0.283523 0.472059 0.0641393 0.11814
0 0.527817 0.769394 0.0906855 0.0878571
0 0.146941 0.651407 0.0661845 0.120041
0 0.446332 0.49187 0.0648096 0.130502
0 0.745746 0.523631 0.0673615 0.113284
0 0.642181 0.494886 0.0704274 0.143263
0 0.152386 0.145442 0.0698425 0.0845067
0 0.671013 0.525419 0.0595571 0.136777
0 0.178221 0.35278 0.0367069 0.122575
0 0.158143 0.273902 0.0645182 0.127496
0 0.310142 0.0307412 0.0540711 0.0614824
0 0.329133 0.0523869 0.043982 0.104774
0 0.321477 0.0561744 0.0581348 0.112349
