0 0.317578 0.783333 0.053906 0.113889
0 0.394922 0.764583 0.057031 0.112500
0 0.505859 0.240972 0.057031 0.126389
0 0.250391 0.736806 0.050781 0.081944
0 0.287891 0.610417 0.050781 0.140278
0 0.233594 0.366667 0.043750 0.111111
0 0.361328 0.158333 0.053906 0.141667
0 0.446484 0.397222 0.055469 0.141667
0 0.224219 0.458333 0.065625 0.088889
0 0.213281 0.185417 0.035937 0.129167
0 0.136328 0.119444 0.049219 0.097222
0 0.151562 0.049306 0.042188 0.070833
0 0.169141 0.076389 0.046094 0.122222
0 0.213281 0.057639 0.059375 0.112500
0 0.374609 0.468750 0.060156 0.156944
0 0.313281 0.060417 0.060937 0.118056
0 0.258594 0.244444 0.050000 0.144444
0 0.443750 0.163889 0.071875 0.169444
0 0.483203 0.040972 0.053906 0.079167
0 0.630078 0.122222 0.044531 0.133333
0 0.675000 0.508333 0.065625 0.100000
0 0.782422 0.427778 0.072656 0.086111
0 0.728125 0.612500 0.056250 0.130556
0 0.452344 0.727083 0.043750 0.148611
0 0.678125 0.379167 0.037500 0.130556
0 0.773047 0.706250 0.061719 0.076389
