0 0.771094 0.677083 0.064062 0.098611
0 0.375000 0.652778 0.067187 0.116667
0 0.212109 0.325000 0.044531 0.130556
0 0.420312 0.677778 0.051562 0.144444
0 0.871094 0.713194 0.039062 0.106944
0 0.167969 0.363194 0.048438 0.148611
0 0.630859 0.572222 0.067969 0.105556
0 0.335156 0.627083 0.040625 0.115278
0 0.750000 0.795833 0.056250 0.127778
0 0.886328 0.609722 0.052344 0.119444
0 0.262109 0.164583 0.061719 0.090278
0 0.654297 0.534028 0.071094 0.076389
0 0.566797 0.732639 0.046094 0.134722
0 0.348047 0.065972 0.083594 0.087500
0 0.556641 0.593056 0.063281 0.172222
0 0.263672 0.252778 0.058594 0.094444
0 0.767969 0.508333 0.067187 0.083333
0 0.810156 0.838889 0.070312 0.083333
0 0.791016 0.754167 0.046094 0.127778
0 0.842969 0.638889 0.067187 0.097222
0 0.835547 0.739583 0.047656 0.104167
0 0.866406 0.503472 0.065625 0.076389
