0 0.41852 0.734239 0.081684 0.0876523
0 0.30517 0.349819 0.0744803 0.102717
0 0.515707 0.166769 0.0744425 0.124944
0 0.530984 0.572444 0.0476023 0.131292
0 0.346034 0.24737 0.0734547 0.127617
0 0.218057 0.108187 0.0656275 0.103651
0 0.62775 0.426748 0.0853021 0.0879381
0 0.204351 0.553449 0.0623415 0.11651
0 0.356914 0.486643 0.0727472 0.0892923
0 0.252004 0.876416 0.0756472 0.0916875
0 0.322786 0.719967 0.0651665 0.113984
0 0.378115 0.876444 0.046753 0.13493
0 0.25362 0.193698 0.067335 0.109167
0 0.851568 0.758154 0.0480587 0.0938207
0 0.309268 0.115743 0.0564626 0.123128
0 0.138956 0.497975 0.0605387 0.150371
0 0.407741 0.104843 0.0866268 0.0993081
0 0.488652 0.611533 0.0871628 0.105127
0 0.419429 0.807739 0.0935951 0.0845673
0 0.485769 0.517094 0.0547515 0.105639
0 0.172711 0.223144 0.0483606 0.114882
0 0.85169 0.453065 0.0597061 0.081611
0 0.135605 0.226792 0.0436697 0.101139
0 0.159049 0.365927 0.0557128 0.117727
0 0.12403 0.326685 0.0378311 0.132596
0 0.814066 0.436253 0.0676461 0.080904
