0 0.581641 0.738889 0.077344 0.086111
0 0.483594 0.207639 0.085938 0.112500
0 0.503516 0.083333 0.077344 0.108333
0 0.477344 0.718750 0.059375 0.084722
0 0.236719 0.702778 0.048438 0.122222
0 0.335938 0.638194 0.062500 0.068056
0 0.283984 0.569444 0.067969 0.102778
0 0.307422 0.165278 0.057031 0.141667
0 0.426172 0.774306 0.049219 0.112500
0 0.145313 0.883333 0.042188 0.091667
0 0.417187 0.868750 0.081250 0.084722
0 0.166016 0.426389 0.046094 0.108333
0 0.133203 0.450694 0.036719 0.112500
0 0.112109 0.419444 0.041406 0.100000
0 0.566797 0.375694 0.083594 0.095833
0 0.170313 0.329167 0.056250 0.097222
0 0.225781 0.181944 0.050000 0.125000
0 0.665625 0.090278 0.046875 0.105556
0 0.634375 0.120833 0.046875 0.111111
0 0.146094 0.223611 0.057813 0.077778
0 0.168359 0.154167 0.041406 0.105556
0 0.254297 0.523611 0.061719 0.083333
0 0.866797 0.404167 0.044531 0.105556
0 0.118359 0.541667 0.035156 0.116667
0 0.253516 0.261111 0.077344 0.077778
0 0.130469 0.728472 0.039062 0.120833
