0 0.509766 0.646528 0.071094 0.076389
0 0.273828 0.477778 0.052344 0.100000
0 0.338672 0.927778 0.047656 0.091667
0 0.148438 0.695139 0.043750 0.093056
0 0.152344 0.393750 0.053125 0.098611
0 0.202734 0.583333 0.046094 0.105556
0 0.149609 0.627778 0.036719 0.080556
0 0.885547 0.681944 0.049219 0.080556
0 0.128125 0.487500 0.040625 0.119444
0 0.881641 0.752083 0.033594 0.090278
0 0.878516 0.387500 0.038281 0.111111
0 0.924219 0.753472 0.043750 0.065278
0 0.124219 0.334722 0.050000 0.088889
0 0.878906 0.532639 0.037500 0.095833
0 0.716016 0.642361 0.074219 0.079167
0 0.895312 0.134722 0.026562 0.083333
0 0.876172 0.103472 0.038281 0.034722
0 0.753906 0.589583 0.045312 0.112500
0 0.873047 0.305556 0.030469 0.097222
0 0.885156 0.208333 0.037500 0.069444
0 0.469531 0.617361 0.051562 0.087500
0 0.771875 0.322222 0.042188 0.102778
0 0.847266 0.059722 0.039844 0.044444
0 0.852734 0.215972 0.044531 0.073611
0 0.816797 0.108333 0.050781 0.102778
0 0.866797 0.147222 0.044531 0.069444
0 0.850000 0.109722 0.028125 0.083333
