0 0.431250 0.636806 0.068750 0.095833
0 0.319531 0.436806 0.057813 0.134722
0 0.135156 0.502083 0.054688 0.090278
0 0.674609 0.143056 0.044531 0.111111
0 0.539844 0.447222 0.054688 0.150000
0 0.719531 0.601389 0.062500 0.116667
0 0.244922 0.702778 0.063281 0.077778
0 0.363281 0.855556 0.075000 0.083333
0 0.179297 0.439583 0.064844 0.101389
0 0.155859 0.658333 0.055469 0.083333
0 0.621094 0.199306 0.065625 0.112500
0 0.312500 0.663889 0.068750 0.116667
0 0.661328 0.073611 0.064844 0.080556
0 0.150391 0.377083 0.050781 0.106944
0 0.859766 0.179861 0.041406 0.109722
0 0.288672 0.508333 0.075781 0.094444
0 0.478125 0.462500 0.062500 0.091667
0 0.242578 0.815972 0.039844 0.109722
0 0.457031 0.792361 0.046875 0.123611
0 0.356250 0.443056 0.032813 0.127778
0 0.613672 0.102083 0.064844 0.076389
0 0.518750 0.379167 0.093750 0.088889
0 0.349219 0.325694 0.071875 0.123611
0 0.221484 0.625000 0.077344 0.094444
0 0.405078 0.126389 0.058594 0.077778
0 0.164453 0.133333 0.047656 0.091667
