0 0.168750 0.529861 0.051562 0.106944
0 0.132422 0.259028 0.053906 0.090278
0 0.178906 0.188889 0.056250 0.116667
0 0.147266 0.778472 0.058594 0.101389
0 0.445312 0.321528 0.040625 0.112500
0 0.373047 0.658333 0.074219 0.105556
0 0.885547 0.356250 0.046094 0.056944
0 0.120703 0.504861 0.042969 0.106944
0 0.130859 0.654167 0.038281 0.097222
0 0.379297 0.792361 0.047656 0.137500
0 0.124609 0.427778 0.053906 0.100000
0 0.379688 0.097222 0.043750 0.111111
0 0.148047 0.913194 0.057031 0.068056
0 0.134766 0.832639 0.052344 0.068056
0 0.430078 0.459722 0.057031 0.127778
0 0.460156 0.832639 0.056250 0.115278
0 0.844531 0.747917 0.037500 0.101389
0 0.624609 0.379861 0.078906 0.084722
0 0.734375 0.715278 0.054688 0.075000
0 0.765234 0.247222 0.044531 0.091667
0 0.500391 0.430556 0.072656 0.155556
0 0.414062 0.106250 0.045312 0.137500
0 0.872656 0.297222 0.064062 0.075000
0 0.278906 0.731250 0.079687 0.095833
0 0.119141 0.342361 0.039844 0.109722
0 0.280859 0.186806 0.061719 0.118056
