0 0.427745 0.718297 0.0757544 0.0828484
0 0.240865 0.133788 0.0609804 0.119413
0 0.546577 0.73929 0.0522074 0.118416
0 0.362789 0.401968 0.0669867 0.113515
0 0.135986 0.259264 0.0466774 0.117913
0 0.521305 0.182206 0.0815958 0.0896333
0 0.681085 0.732127 0.0518862 0.140345
0 0.417923 0.571207 0.0732178 0.0784246
0 0.350605 0.61617 0.0552928 0.162765
0 0.857584 0.775815 0.0547298 0.0930393
0 0.564775 0.343948 0.0887041 0.0990646
0 0.502165 0.728374 0.0466341 0.102661
0 0.360752 0.286422 0.065503 0.135035
0 0.598518 0.717852 0.054229 0.11969
0 0.481105 0.484397 0.0627121 0.144896
0 0.198358 0.13931 0.044485 0.113112
0 0.297337 0.425476 0.0772281 0.0872338
0 0.227608 0.248512 0.0823234 0.100455
0 0.72912 0.202004 0.0636221 0.108431
0 0.204481 0.539045 0.0564899 0.136901
0 0.156805 0.70689 0.0647412 0.0861511
0 0.526064 0.545318 0.0607312 0.122577
0 0.531474 0.278883 0.0492689 0.118226
0 0.182541 0.636675 0.0541898 0.136366
0 0.809497 0.454114 0.0553818 0.126646
0 0.13054 0.184667 0.0491178 0.0568525
