0 0.123047 0.646528 0.035156 0.095833
0 0.157812 0.652083 0.045312 0.090278
0 0.510547 0.561111 0.067969 0.072222
0 0.414062 0.933333 0.060937 0.077778
0 0.407031 0.846528 0.060937 0.081944
0 0.800000 0.907639 0.037500 0.090278
0 0.654687 0.647917 0.075000 0.079167
0 0.460156 0.935417 0.060937 0.076389
0 0.641797 0.768056 0.055469 0.108333
0 0.814844 0.261111 0.043750 0.111111
0 0.557031 0.648611 0.054688 0.080556
0 0.810937 0.836806 0.029687 0.084722
0 0.850000 0.812500 0.045312 0.061111
0 0.593359 0.653472 0.055469 0.062500
0 0.848047 0.154167 0.049219 0.061111
0 0.853906 0.109722 0.051562 0.069444
0 0.442188 0.350694 0.048438 0.115278
0 0.838281 0.313889 0.037500 0.122222
0 0.423828 0.224306 0.044531 0.134722
0 0.873437 0.204167 0.035937 0.111111
0 0.527344 0.382639 0.075000 0.084722
0 0.508594 0.079861 0.057813 0.095833
0 0.559375 0.065278 0.059375 0.094444
0 0.614844 0.068056 0.053125 0.100000
0 0.674219 0.181944 0.043750 0.105556
0 0.832422 0.909028 0.039844 0.062500
0 0.885938 0.127778 0.031250 0.094444
0 0.948438 0.318056 0.032813 0.091667
