0 0.372965 0.90138 0.0613394 0.081694
0 0.717844 0.381844 0.0866739 0.0976913
0 0.358024 0.528431 0.0738208 0.104278
0 0.309891 0.482176 0.0865834 0.103073
0 0.210137 0.265565 0.087862 0.106943
0 0.67796 0.824618 0.0517937 0.12138
0 0.238821 0.102064 0.0842863 0.0847887
0 0.753482 0.70853 0.0530687 0.109721
0 0.567349 0.724698 0.076975 0.0869578
0 0.511245 0.439697 0.0623957 0.1633
0 0.575721 0.19598 0.0640638 0.116985
0 0.5302 0.587503 0.0717632 0.0802517
0 0.317994 0.10547 0.078279 0.0993499
0 0.126603 0.201679 0.074947 0.0773517
0 0.323577 0.217691 0.0543771 0.107041
0 0.856527 0.777814 0.053507 0.0960968
0 0.804672 0.715885 0.0636379 0.0915721
0 0.136819 0.411144 0.0588697 0.11364
0 0.687068 0.615159 0.0642643 0.115198
0 0.456546 0.560804 0.0488213 0.120789
0 0.406956 0.574317 0.0584598 0.115834
0 0.273427 0.212532 0.0518794 0.135777
0 0.244389 0.337507 0.0763291 0.124269
0 0.195367 0.741923 0.0605645 0.117308
0 0.1324 0.269347 0.0422016 0.0958259
0 0.167878 0.698382 0.0640436 0.0888484
