0 0.173828 0.549306 0.042969 0.120833
0 0.139453 0.809028 0.041406 0.120833
0 0.567187 0.374306 0.075000 0.068056
0 0.150000 0.229167 0.043750 0.138889
0 0.307812 0.393056 0.076563 0.105556
0 0.205469 0.170833 0.054688 0.105556
0 0.548438 0.723611 0.057813 0.077778
0 0.396484 0.299306 0.053906 0.151389
0 0.332031 0.641667 0.064062 0.116667
0 0.669141 0.075694 0.082031 0.076389
0 0.433594 0.630556 0.079687 0.100000
0 0.121875 0.573611 0.043750 0.102778
0 0.400000 0.837500 0.059375 0.105556
0 0.866016 0.356944 0.035156 0.127778
0 0.446875 0.288889 0.048438 0.125000
0 0.401953 0.717361 0.075781 0.079167
0 0.337109 0.478472 0.053906 0.148611
0 0.130469 0.648611 0.057813 0.075000
0 0.278906 0.586111 0.050000 0.155556
0 0.358984 0.168750 0.057031 0.126389
0 0.724219 0.066667 0.054688 0.047222
0 0.877734 0.481944 0.039844 0.102778
0 0.127344 0.485417 0.051562 0.073611
0 0.296484 0.802778 0.055469 0.122222
0 0.251172 0.474306 0.046094 0.087500
0 0.226562 0.629167 0.046875 0.108333
