0 0.514062 0.052778 0.068750 0.080556
0 0.582812 0.068750 0.046875 0.112500
0 0.618359 0.059028 0.044531 0.087500
0 0.675000 0.181250 0.045312 0.109722
0 0.535547 0.375000 0.082031 0.080556
0 0.459375 0.938889 0.070312 0.069444
0 0.348047 0.760417 0.049219 0.106944
0 0.655859 0.648611 0.078906 0.086111
0 0.818359 0.867361 0.030469 0.073611
0 0.817578 0.261111 0.044531 0.127778
0 0.839453 0.311111 0.036719 0.113889
0 0.832812 0.088889 0.054688 0.069444
0 0.876563 0.218056 0.043750 0.083333
0 0.862891 0.103472 0.047656 0.054167
0 0.437891 0.373611 0.078906 0.083333
0 0.405078 0.687500 0.052344 0.130556
0 0.662500 0.771528 0.051562 0.104167
0 0.802344 0.917361 0.037500 0.070833
0 0.828516 0.913194 0.033594 0.070833
0 0.843359 0.838194 0.036719 0.084722
0 0.182812 0.574306 0.037500 0.084722
0 0.122266 0.631944 0.039844 0.091667
0 0.584766 0.693056 0.039844 0.111111
0 0.648438 0.377778 0.045312 0.066667
0 0.864453 0.147222 0.036719 0.063889
0 0.892188 0.117361 0.034375 0.065278
0 0.552344 0.709028 0.051562 0.095833
