0 0.819531 0.149306 0.078125 0.098611
0 0.226172 0.279167 0.064844 0.127778
0 0.137891 0.293750 0.075781 0.101389
0 0.153125 0.522917 0.071875 0.098611
0 0.613281 0.520833 0.062500 0.130556
0 0.582812 0.809028 0.084375 0.093056
0 0.830078 0.779861 0.044531 0.087500
0 0.877344 0.449306 0.056250 0.154167
0 0.745703 0.800694 0.046094 0.101389
0 0.791406 0.781250 0.035937 0.123611
0 0.887891 0.288194 0.047656 0.134722
0 0.682422 0.293056 0.089844 0.091667
0 0.132812 0.562500 0.034375 0.094444
0 0.645312 0.665972 0.085938 0.115278
0 0.852734 0.735417 0.063281 0.104167
0 0.394531 0.078472 0.070312 0.126389
0 0.846094 0.236806 0.056250 0.140278
0 0.884375 0.574306 0.056250 0.101389
0 0.142969 0.194444 0.054688 0.133333
