0 0.315234 0.790278 0.052344 0.127778
0 0.390625 0.776389 0.056250 0.100000
0 0.508203 0.242361 0.055469 0.123611
0 0.225391 0.760417 0.057031 0.079167
0 0.289062 0.607639 0.056250 0.143056
0 0.205078 0.288889 0.047656 0.136111
0 0.447266 0.075000 0.061719 0.144444
0 0.446484 0.391667 0.055469 0.141667
0 0.234766 0.463889 0.069531 0.102778
0 0.253125 0.126389 0.050000 0.080556
0 0.133594 0.115278 0.050000 0.105556
0 0.149609 0.050694 0.046094 0.073611
0 0.171875 0.083333 0.043750 0.136111
0 0.248047 0.038194 0.071094 0.073611
0 0.371484 0.452083 0.057031 0.145833
0 0.334766 0.209028 0.066406 0.112500
0 0.257031 0.252778 0.057813 0.136111
0 0.526953 0.072222 0.091406 0.105556
0 0.385547 0.048611 0.057031 0.094444
0 0.618750 0.086806 0.056250 0.148611
0 0.675781 0.513194 0.070312 0.109722
0 0.780859 0.425000 0.071094 0.080556
0 0.764453 0.619444 0.071094 0.108333
0 0.417578 0.736111 0.061719 0.097222
0 0.675781 0.378472 0.037500 0.129167
0 0.703906 0.914583 0.057813 0.056944
