0 0.315234 0.790278 0.052344 0.127778
0 0.396875 0.773611 0.065625 0.102778
0 0.508203 0.244444 0.055469 0.127778
0 0.232031 0.763889 0.053125 0.083333
0 0.291016 0.606944 0.053906 0.147222
0 0.229687 0.364583 0.068750 0.101389
0 0.357422 0.168750 0.046094 0.140278
0 0.446484 0.391667 0.055469 0.141667
0 0.240234 0.462500 0.067969 0.094444
0 0.255859 0.129861 0.055469 0.087500
0 0.137500 0.114583 0.050000 0.095833
0 0.149609 0.050694 0.046094 0.073611
0 0.171875 0.083333 0.043750 0.136111
0 0.207422 0.050694 0.067969 0.098611
0 0.370312 0.451389 0.054688 0.144444
0 0.331250 0.069444 0.053125 0.136111
0 0.257812 0.243056 0.053125 0.150000
0 0.519141 0.080556 0.086719 0.091667
0 0.397656 0.068750 0.064062 0.087500
0 0.617969 0.093056 0.051562 0.125000
0 0.672656 0.509722 0.064062 0.102778
0 0.782422 0.427778 0.072656 0.086111
0 0.743750 0.596528 0.078125 0.109722
0 0.456641 0.736111 0.047656 0.127778
0 0.677344 0.381944 0.039062 0.122222
0 0.865625 0.877083 0.051562 0.065278
