0 0.462500 0.316667 0.070312 0.169444
0 0.307812 0.220833 0.085938 0.105556
0 0.153906 0.248611 0.067187 0.111111
0 0.280078 0.339583 0.067969 0.154167
0 0.373047 0.250694 0.061719 0.173611
0 0.220312 0.202083 0.067187 0.093056
0 0.876953 0.400694 0.041406 0.151389
0 0.777344 0.366667 0.076563 0.105556
0 0.800391 0.695833 0.067969 0.127778
0 0.675781 0.259722 0.065625 0.161111
0 0.149219 0.161806 0.057813 0.081944
0 0.310547 0.108333 0.097656 0.108333
0 0.880859 0.618056 0.067969 0.086111
0 0.564453 0.589583 0.061719 0.173611
0 0.433984 0.207639 0.110156 0.109722
0 0.778516 0.770139 0.060156 0.076389
0 0.203125 0.094444 0.073438 0.133333
0 0.264453 0.086806 0.063281 0.170833
0 0.587891 0.733333 0.061719 0.136111
