0 0.722656 0.090278 0.046875 0.127778
0 0.742188 0.136806 0.031250 0.118056
0 0.771875 0.079167 0.034375 0.080556
0 0.811719 0.137500 0.039062 0.094444
0 0.872266 0.280556 0.050781 0.075000
0 0.874609 0.500694 0.039844 0.109722
0 0.686328 0.656944 0.049219 0.072222
0 0.636719 0.653472 0.042188 0.084722
0 0.546484 0.637500 0.057031 0.069444
0 0.505859 0.570833 0.041406 0.100000
0 0.506250 0.729167 0.068750 0.066667
0 0.873828 0.606250 0.039844 0.079167
0 0.895312 0.650000 0.034375 0.080556
0 0.898438 0.708333 0.043750 0.063889
0 0.882812 0.830556 0.025000 0.077778
0 0.855469 0.903472 0.048438 0.065278
0 0.810156 0.918056 0.054688 0.088889
0 0.405469 0.797917 0.060937 0.076389
0 0.404687 0.678472 0.065625 0.079167
0 0.425391 0.427083 0.038281 0.084722
0 0.240625 0.510417 0.043750 0.068056
0 0.140234 0.726389 0.046094 0.083333
0 0.138281 0.784028 0.032813 0.056944
0 0.134766 0.829167 0.038281 0.061111
0 0.173828 0.898611 0.053906 0.058333
