0 0.885547 0.123611 0.046094 0.077778
0 0.876172 0.161111 0.038281 0.075000
0 0.831250 0.166667 0.043750 0.052778
0 0.828906 0.233333 0.048438 0.086111
0 0.835938 0.311806 0.037500 0.112500
0 0.857812 0.413889 0.046875 0.072222
0 0.728906 0.102083 0.048438 0.073611
0 0.587891 0.085417 0.050781 0.106944
0 0.574219 0.380556 0.071875 0.083333
0 0.578516 0.585417 0.044531 0.084722
0 0.615234 0.588889 0.050781 0.108333
0 0.637500 0.641667 0.057813 0.080556
0 0.587500 0.654167 0.057813 0.061111
0 0.509375 0.636111 0.062500 0.072222
0 0.741797 0.636806 0.067969 0.070833
0 0.764844 0.692361 0.064062 0.070833
0 0.784375 0.921528 0.037500 0.073611
0 0.812500 0.911806 0.029687 0.087500
0 0.837109 0.916667 0.025781 0.077778
0 0.642578 0.909722 0.041406 0.083333
0 0.601562 0.913889 0.040625 0.097222
0 0.193359 0.543750 0.036719 0.104167
0 0.128906 0.516667 0.039062 0.055556
0 0.175000 0.609722 0.045312 0.108333
0 0.126172 0.612500 0.049219 0.086111
0 0.142578 0.684722 0.047656 0.069444
