0 0.187500 0.541667 0.037500 0.105556
0 0.126953 0.518750 0.035156 0.056944
0 0.125391 0.611806 0.047656 0.076389
0 0.141406 0.679861 0.048438 0.084722
0 0.499609 0.591667 0.041406 0.105556
0 0.488672 0.716667 0.041406 0.141667
0 0.451562 0.790278 0.039062 0.091667
0 0.600391 0.913889 0.046094 0.094444
0 0.531250 0.656250 0.035937 0.090278
0 0.573438 0.583333 0.045312 0.097222
0 0.579297 0.650000 0.066406 0.075000
0 0.673047 0.631944 0.071094 0.100000
0 0.746094 0.648611 0.045312 0.072222
0 0.788672 0.920833 0.052344 0.058333
0 0.817578 0.913194 0.027344 0.084722
0 0.843750 0.913194 0.031250 0.081944
0 0.574609 0.370139 0.069531 0.090278
0 0.484766 0.439583 0.074219 0.056944
0 0.587500 0.265972 0.059375 0.076389
0 0.589063 0.092361 0.053125 0.106944
0 0.730859 0.099306 0.047656 0.079167
0 0.832031 0.169444 0.042188 0.061111
0 0.836328 0.233333 0.057031 0.077778
0 0.889453 0.112500 0.057031 0.058333
0 0.874609 0.163194 0.035156 0.090278
0 0.906641 0.159722 0.036719 0.061111
0 0.842578 0.311111 0.039844 0.116667
