0 0.270313 0.279861 0.056250 0.098611
0 0.137500 0.720833 0.043750 0.102778
0 0.572656 0.376389 0.073438 0.066667
0 0.147656 0.235417 0.037500 0.120833
0 0.444141 0.386111 0.035156 0.122222
0 0.239063 0.153472 0.062500 0.118056
0 0.605469 0.502083 0.075000 0.081944
0 0.551562 0.724306 0.056250 0.079167
0 0.156641 0.491667 0.069531 0.094444
0 0.133594 0.331250 0.060937 0.084722
0 0.318750 0.412500 0.079687 0.111111
0 0.117578 0.284028 0.036719 0.065278
0 0.429688 0.779861 0.043750 0.112500
0 0.603906 0.681250 0.039062 0.109722
0 0.647656 0.093056 0.070312 0.097222
0 0.185938 0.240972 0.053125 0.143056
0 0.155078 0.588194 0.057031 0.087500
0 0.385547 0.837500 0.060156 0.122222
0 0.870703 0.360417 0.038281 0.123611
0 0.312109 0.175694 0.046094 0.145833
0 0.168359 0.790972 0.052344 0.079167
0 0.227344 0.459028 0.065625 0.093056
0 0.350391 0.716667 0.078906 0.091667
0 0.254297 0.560417 0.077344 0.070833
