0 0.134683 0.198614 0.0441749 0.131536
0 0.572878 0.486517 0.0782228 0.132424
0 0.252564 0.281991 0.070085 0.091644
0 0.314417 0.164796 0.0878652 0.109152
0 0.185219 0.705886 0.0779679 0.0963893
0 0.252085 0.50895 0.0862361 0.101765
0 0.15054 0.378169 0.0487739 0.125323
0 0.209412 0.115708 0.0628303 0.110538
0 0.599 0.655363 0.0803658 0.121652
0 0.57272 0.332404 0.0718677 0.126452
0 0.343334 0.700029 0.0627665 0.0946896
0 0.214236 0.210235 0.0651359 0.102524
0 0.410501 0.59392 0.0521663 0.145477
0 0.336201 0.36271 0.0576966 0.155669
0 0.735342 0.267706 0.0788689 0.090939
0 0.407015 0.486537 0.0812111 0.094659
0 0.340508 0.616898 0.0742757 0.0804679
0 0.825967 0.48304 0.0673317 0.079027
0 0.650313 0.412173 0.0595886 0.142263
0 0.20224 0.0304896 0.0889591 0.0609792
0 0.17242 0.609158 0.0540595 0.106306
0 0.138709 0.722212 0.0388879 0.115269
0 0.324704 0.0433405 0.0764701 0.086681
0 0.141033 0.118371 0.0544049 0.0541692
