0 0.821094 0.134028 0.085938 0.101389
0 0.219922 0.277778 0.078906 0.111111
0 0.146484 0.284722 0.078906 0.100000
0 0.144141 0.520833 0.082031 0.086111
0 0.864844 0.629167 0.065625 0.086111
0 0.582031 0.804167 0.082812 0.100000
0 0.803125 0.788889 0.051562 0.122222
0 0.885156 0.313889 0.073438 0.100000
0 0.691406 0.295139 0.071875 0.101389
0 0.296875 0.691667 0.068750 0.163889
0 0.843359 0.751389 0.057031 0.108333
0 0.394922 0.076389 0.069531 0.133333
0 0.841406 0.222917 0.060937 0.112500
0 0.889062 0.570833 0.057813 0.100000
0 0.146094 0.190972 0.060937 0.120833
0 0.191797 0.597917 0.072656 0.095833
0 0.220312 0.523611 0.057813 0.152778
0 0.744531 0.797222 0.057813 0.080556
0 0.867969 0.697917 0.050000 0.081944
0 0.132422 0.602778 0.035156 0.105556
