0 0.280078 0.736111 0.067969 0.072222
0 0.136328 0.818750 0.044531 0.090278
0 0.561719 0.378472 0.078125 0.076389
0 0.148047 0.224306 0.039844 0.148611
0 0.300391 0.387500 0.069531 0.108333
0 0.191797 0.238889 0.049219 0.147222
0 0.549219 0.724306 0.060937 0.079167
0 0.399609 0.303472 0.058594 0.148611
0 0.329688 0.637500 0.073438 0.113889
0 0.670312 0.075694 0.070312 0.076389
0 0.460156 0.633333 0.076563 0.100000
0 0.120313 0.566667 0.042188 0.100000
0 0.396094 0.845833 0.051562 0.116667
0 0.633203 0.377083 0.064844 0.059722
0 0.376953 0.097917 0.055469 0.095833
0 0.401172 0.702778 0.074219 0.102778
0 0.332031 0.481250 0.056250 0.148611
0 0.130469 0.648611 0.057813 0.075000
0 0.271875 0.656250 0.060937 0.093056
0 0.345703 0.148611 0.060156 0.111111
0 0.724219 0.066667 0.054688 0.047222
0 0.863281 0.359028 0.040625 0.123611
0 0.125781 0.485417 0.051562 0.073611
0 0.281641 0.935417 0.050781 0.112500
0 0.246875 0.469444 0.053125 0.080556
0 0.176563 0.608333 0.059375 0.083333
