0 0.472656 0.327083 0.051562 0.098611
0 0.126562 0.712500 0.039062 0.080556
0 0.663672 0.148611 0.039844 0.111111
0 0.134766 0.312500 0.057031 0.080556
0 0.443359 0.381250 0.082031 0.081944
0 0.251953 0.222917 0.080469 0.087500
0 0.528125 0.439583 0.050000 0.126389
0 0.549219 0.723611 0.059375 0.075000
0 0.167969 0.505556 0.057813 0.105556
0 0.167969 0.577778 0.068750 0.069444
0 0.142187 0.429167 0.042188 0.127778
0 0.741016 0.894444 0.055469 0.080556
0 0.762891 0.102778 0.060156 0.075000
0 0.596094 0.681250 0.040625 0.106944
0 0.593750 0.447222 0.054688 0.136111
0 0.179688 0.365278 0.051562 0.136111
0 0.318359 0.646528 0.052344 0.123611
0 0.395703 0.820139 0.055469 0.115278
0 0.871094 0.365278 0.039062 0.119444
0 0.279687 0.322917 0.051562 0.145833
0 0.185547 0.126389 0.064844 0.102778
0 0.288281 0.556250 0.082812 0.084722
0 0.331250 0.761111 0.057813 0.102778
0 0.551172 0.083333 0.080469 0.097222
0 0.252734 0.120139 0.064844 0.087500
0 0.424219 0.651389 0.050000 0.141667
