0 0.123828 0.684028 0.039844 0.056944
0 0.124609 0.591667 0.053906 0.075000
0 0.268750 0.479167 0.051562 0.077778
0 0.235156 0.525000 0.051562 0.069444
0 0.356641 0.747222 0.055469 0.088889
0 0.461719 0.343056 0.048438 0.094444
0 0.130469 0.754861 0.043750 0.076389
0 0.146484 0.718056 0.055469 0.080556
0 0.319531 0.437500 0.043750 0.136111
0 0.880469 0.702083 0.048438 0.073611
0 0.852734 0.115972 0.041406 0.065278
0 0.521875 0.645833 0.075000 0.075000
0 0.840234 0.070139 0.060156 0.059722
0 0.361328 0.888889 0.050781 0.113889
0 0.885938 0.756250 0.039062 0.090278
0 0.812891 0.710417 0.061719 0.065278
0 0.889844 0.297917 0.031250 0.095833
0 0.865234 0.264583 0.035156 0.112500
0 0.919922 0.772222 0.046094 0.058333
0 0.698438 0.581250 0.050000 0.129167
0 0.751172 0.325694 0.052344 0.081944
0 0.773047 0.057639 0.061719 0.065278
0 0.792969 0.096528 0.032813 0.065278
0 0.753906 0.634722 0.053125 0.061111
0 0.864062 0.064583 0.039062 0.051389
0 0.747266 0.113194 0.057031 0.073611
0 0.128906 0.645833 0.046875 0.050000
0 0.322266 0.160417 0.053906 0.087500
