0 0.309766 0.538889 0.083594 0.088889
0 0.345703 0.315972 0.058594 0.154167
0 0.261719 0.086806 0.064062 0.134722
0 0.571094 0.468056 0.064062 0.163889
0 0.152734 0.159722 0.058594 0.116667
0 0.225781 0.243750 0.051562 0.148611
0 0.352734 0.835417 0.042969 0.134722
0 0.276953 0.443750 0.053906 0.134722
0 0.505078 0.509028 0.053906 0.154167
0 0.654687 0.536806 0.056250 0.140278
0 0.321484 0.722917 0.064844 0.084722
0 0.667188 0.340972 0.057813 0.159722
0 0.462891 0.434028 0.069531 0.112500
0 0.147266 0.630556 0.052344 0.127778
0 0.392969 0.047222 0.084375 0.091667
0 0.754687 0.550000 0.059375 0.133333
0 0.321484 0.063889 0.072656 0.125000
0 0.355078 0.645139 0.072656 0.106944
0 0.210938 0.036111 0.075000 0.069444
0 0.197656 0.683333 0.040625 0.100000
0 0.123438 0.413194 0.046875 0.129167
0 0.583594 0.129167 0.065625 0.086111
0 0.614062 0.086111 0.078125 0.080556
0 0.717578 0.376389 0.064844 0.136111
0 0.723047 0.240972 0.088281 0.059722
