0 0.506035 0.40657 0.0765114 0.139075
0 0.524476 0.182508 0.0810795 0.0881204
0 0.135989 0.257261 0.0470206 0.117582
0 0.430491 0.719908 0.0741336 0.0864736
0 0.295108 0.469443 0.079936 0.0956931
0 0.6477 0.416054 0.0682627 0.125166
0 0.68076 0.737008 0.0481136 0.147949
0 0.237878 0.13565 0.0589648 0.130347
0 0.582154 0.722335 0.0504597 0.135062
0 0.238637 0.248715 0.0805664 0.113638
0 0.857363 0.777874 0.0525005 0.0958032
0 0.361954 0.405385 0.0669299 0.116194
0 0.36065 0.291868 0.067226 0.117185
0 0.8859 0.233342 0.0564852 0.0824683
0 0.349147 0.622701 0.0604445 0.141571
0 0.490235 0.747852 0.0724394 0.0803146
0 0.570007 0.818775 0.0691054 0.0850427
0 0.421367 0.570574 0.0780908 0.0814423
0 0.157953 0.45886 0.0466163 0.140039
0 0.198644 0.136087 0.0450047 0.124686
0 0.167457 0.582799 0.0647529 0.127034
0 0.793401 0.420226 0.067681 0.0821547
0 0.527124 0.552893 0.06105 0.121015
0 0.503518 0.250467 0.0622238 0.0822603
0 0.154054 0.705534 0.0713653 0.0862932
0 0.13416 0.18367 0.0451557 0.0549872
0 0.236822 0.15764 0.060341 0.0922338
