0 0.428778 0.719152 0.0753914 0.0842936
0 0.504859 0.404755 0.0731403 0.141597
0 0.492692 0.745472 0.0653141 0.0832726
0 0.582244 0.721774 0.0506378 0.133653
0 0.134878 0.258186 0.0482143 0.117435
0 0.885155 0.234915 0.0547432 0.0841969
0 0.292633 0.471025 0.0774796 0.0954681
0 0.522587 0.183803 0.0835375 0.0928506
0 0.680665 0.749183 0.0482294 0.12277
0 0.238014 0.248792 0.0803536 0.113702
0 0.856719 0.778074 0.0522549 0.0944349
0 0.361267 0.290511 0.0698205 0.119723
0 0.361147 0.405617 0.0662638 0.116603
0 0.240827 0.138265 0.0639091 0.123853
0 0.167567 0.583261 0.0623838 0.124764
0 0.349685 0.624965 0.059786 0.139047
0 0.569502 0.820222 0.069633 0.0849455
0 0.419497 0.570188 0.0752108 0.080295
0 0.1573 0.458229 0.0467994 0.142136
0 0.646947 0.417616 0.0678495 0.122194
0 0.797434 0.42851 0.0579574 0.0888713
0 0.521445 0.545444 0.044259 0.146511
0 0.198881 0.136475 0.0441606 0.125642
0 0.432597 0.227435 0.0655535 0.0712249
0 0.152707 0.705715 0.0710576 0.0859119
0 0.133619 0.183824 0.046353 0.0562099
0 0.237584 0.164322 0.0611574 0.0788192
