0 0.238281 0.461111 0.067187 0.100000
0 0.189453 0.252083 0.053906 0.154167
0 0.233984 0.313194 0.053906 0.131944
0 0.151172 0.370139 0.066406 0.098611
0 0.230469 0.137500 0.095312 0.108333
0 0.354687 0.069444 0.093750 0.105556
0 0.418750 0.111111 0.059375 0.158333
0 0.368359 0.174306 0.107031 0.106944
0 0.804297 0.635417 0.038281 0.106944
0 0.525000 0.386806 0.067187 0.173611
0 0.324219 0.539583 0.051562 0.145833
0 0.358203 0.557639 0.058594 0.090278
0 0.539453 0.688889 0.055469 0.144444
0 0.498047 0.727083 0.044531 0.095833
0 0.878516 0.402083 0.044531 0.145833
0 0.391406 0.354861 0.064062 0.151389
0 0.610547 0.109722 0.069531 0.152778
0 0.820703 0.263889 0.072656 0.105556
0 0.879687 0.546528 0.060937 0.134722
0 0.878516 0.195833 0.058594 0.102778
0 0.387891 0.269444 0.089844 0.100000
0 0.557422 0.068750 0.063281 0.115278
