0 0.132422 0.582639 0.060156 0.106944
0 0.292187 0.220139 0.085938 0.118056
0 0.692187 0.197917 0.096875 0.093056
0 0.353516 0.190278 0.052344 0.127778
0 0.540625 0.588194 0.085938 0.101389
0 0.608594 0.627083 0.060937 0.129167
0 0.473828 0.261111 0.096094 0.116667
0 0.699219 0.076389 0.070312 0.150000
0 0.807813 0.673611 0.073438 0.113889
0 0.856250 0.362500 0.051562 0.180556
0 0.749609 0.575694 0.066406 0.162500
0 0.173437 0.485417 0.073438 0.093056
0 0.223828 0.376389 0.082031 0.105556
0 0.715625 0.694444 0.054688 0.097222
0 0.160156 0.178472 0.050000 0.145833
0 0.196875 0.290972 0.093750 0.126389
0 0.787891 0.296528 0.060156 0.104167
