0 0.573178 0.656821 0.100928 0.0961547
0 0.242666 0.615439 0.0698862 0.101358
0 0.340565 0.112765 0.0981646 0.1096
0 0.68832 0.219753 0.0536312 0.148208
0 0.132708 0.173355 0.0441013 0.141217
0 0.445848 0.495225 0.0636105 0.126506
0 0.263014 0.31652 0.0495044 0.162063
0 0.358151 0.504057 0.0619088 0.157726
0 0.687852 0.521727 0.0577751 0.159786
0 0.895489 0.774909 0.0595556 0.0729711
0 0.1812 0.335792 0.0503728 0.127536
0 0.139627 0.716581 0.0453318 0.0803231
0 0.236166 0.528056 0.0811975 0.0940458
0 0.732589 0.475895 0.0671767 0.105284
0 0.185296 0.162604 0.0652122 0.116797
0 0.55258 0.380921 0.046874 0.114067
0 0.230015 0.0749939 0.083878 0.115378
0 0.330262 0.268895 0.0560805 0.159272
0 0.171079 0.621046 0.0515804 0.144982
0 0.209068 0.257371 0.0603184 0.130172
0 0.317114 0.0371505 0.0564529 0.074301
0 0.219162 0.0268944 0.083312 0.0537887
