0 0.301563 0.463889 0.065625 0.158333
0 0.320312 0.325694 0.073438 0.112500
0 0.153125 0.265278 0.043750 0.080556
0 0.489063 0.145139 0.073438 0.112500
0 0.193359 0.125694 0.050781 0.140278
0 0.485938 0.480556 0.068750 0.075000
0 0.510547 0.272917 0.058594 0.151389
0 0.204297 0.381944 0.050781 0.158333
0 0.130469 0.208333 0.043750 0.097222
0 0.159375 0.352083 0.059375 0.109722
0 0.564063 0.200000 0.084375 0.136111
0 0.163281 0.725694 0.067187 0.093056
0 0.207813 0.697917 0.043750 0.123611
0 0.478125 0.561806 0.095312 0.106944
0 0.623828 0.665278 0.064844 0.083333
0 0.613281 0.354167 0.090625 0.100000
0 0.183984 0.572917 0.041406 0.134722
0 0.134766 0.661111 0.041406 0.111111
0 0.482422 0.402083 0.075781 0.073611
0 0.401172 0.581944 0.071094 0.133333
0 0.312891 0.634722 0.060156 0.155556
0 0.864062 0.443056 0.062500 0.069444
0 0.749609 0.695833 0.049219 0.136111
0 0.120703 0.335417 0.025781 0.159722
0 0.817969 0.822222 0.053125 0.155556
0 0.876172 0.725694 0.053906 0.101389
