0 0.121875 0.212500 0.040625 0.058333
0 0.108984 0.319444 0.049219 0.091667
0 0.108203 0.402778 0.047656 0.130556
0 0.220703 0.457639 0.066406 0.095833
0 0.112891 0.470139 0.039844 0.073611
0 0.541406 0.766667 0.071875 0.066667
0 0.125000 0.627083 0.043750 0.081944
0 0.121094 0.763194 0.032813 0.098611
0 0.110156 0.886806 0.042188 0.093056
0 0.446484 0.833333 0.055469 0.111111
0 0.509766 0.845833 0.049219 0.116667
0 0.608594 0.659722 0.062500 0.080556
0 0.875781 0.638889 0.045312 0.091667
0 0.774219 0.818056 0.053125 0.061111
0 0.776563 0.488194 0.071875 0.093056
0 0.853125 0.450694 0.064062 0.073611
0 0.530078 0.377778 0.041406 0.133333
0 0.552734 0.582639 0.053906 0.151389
0 0.407422 0.672917 0.066406 0.070833
0 0.464453 0.604167 0.055469 0.116667
0 0.578906 0.065278 0.051562 0.086111
0 0.744141 0.093056 0.066406 0.075000
0 0.780469 0.168750 0.054688 0.098611
0 0.625391 0.104167 0.060156 0.072222
0 0.476562 0.238194 0.042188 0.151389
0 0.591797 0.243056 0.052344 0.138889
0 0.257812 0.095139 0.067187 0.079167
