0 0.580859 0.736111 0.077344 0.088889
0 0.630469 0.641667 0.070312 0.102778
0 0.546094 0.128472 0.067187 0.090278
0 0.421484 0.333333 0.042969 0.105556
0 0.487891 0.126389 0.055469 0.130556
0 0.402344 0.650694 0.062500 0.129167
0 0.445703 0.719444 0.075781 0.066667
0 0.263281 0.593750 0.081250 0.093056
0 0.295703 0.446528 0.053906 0.151389
0 0.189062 0.780556 0.043750 0.091667
0 0.155859 0.763889 0.035156 0.105556
0 0.148828 0.643056 0.047656 0.113889
0 0.217578 0.659722 0.055469 0.111111
0 0.164062 0.430556 0.045312 0.127778
0 0.133203 0.414583 0.050781 0.095833
0 0.121875 0.297917 0.056250 0.081944
0 0.180469 0.277778 0.035937 0.119444
0 0.128516 0.215972 0.066406 0.081944
0 0.157812 0.519444 0.035937 0.080556
0 0.266797 0.287500 0.052344 0.158333
0 0.850000 0.817361 0.034375 0.101389
0 0.601562 0.080556 0.073438 0.094444
0 0.391406 0.098611 0.057813 0.091667
0 0.220703 0.304167 0.041406 0.144444
0 0.296875 0.213889 0.054688 0.113889
0 0.364844 0.437500 0.032813 0.125000
