0 0.558984 0.312500 0.057031 0.213889
0 0.277344 0.433333 0.057813 0.186111
0 0.123438 0.208333 0.071875 0.152778
0 0.148828 0.254861 0.039844 0.123611
0 0.150781 0.548611 0.056250 0.144444
0 0.480078 0.268056 0.058594 0.169444
0 0.338281 0.112500 0.068750 0.172222
0 0.861719 0.368750 0.051562 0.148611
0 0.776172 0.461111 0.082031 0.100000
0 0.597266 0.741667 0.083594 0.088889
0 0.874219 0.631250 0.070312 0.120833
0 0.696484 0.131250 0.057031 0.148611
0 0.332813 0.450000 0.076563 0.138889
0 0.610547 0.071528 0.096094 0.104167
0 0.313672 0.245139 0.052344 0.123611
0 0.792578 0.377083 0.064844 0.109722
0 0.129688 0.445139 0.064062 0.109722
0 0.461328 0.456944 0.080469 0.138889
