0 0.665625 0.211806 0.104688 0.101389
0 0.271094 0.420139 0.057813 0.190278
0 0.140625 0.345833 0.056250 0.147222
0 0.313281 0.336111 0.095312 0.083333
0 0.155078 0.545139 0.057031 0.137500
0 0.478906 0.292361 0.060937 0.190278
0 0.494922 0.121528 0.099219 0.129167
0 0.863672 0.369444 0.053906 0.152778
0 0.760156 0.625000 0.087500 0.100000
0 0.597656 0.743056 0.076563 0.091667
0 0.871875 0.628472 0.068750 0.118056
0 0.694922 0.126389 0.058594 0.138889
0 0.339062 0.259028 0.046875 0.101389
0 0.642969 0.087500 0.093750 0.094444
0 0.794531 0.481250 0.053125 0.145833
0 0.129297 0.444444 0.064844 0.108333
0 0.507812 0.597917 0.056250 0.176389
0 0.385156 0.206250 0.114062 0.095833
