0 0.285938 0.121528 0.034375 0.104167
0 0.391406 0.176389 0.053125 0.102778
0 0.344531 0.214583 0.035937 0.101389
0 0.294531 0.224306 0.046875 0.081944
0 0.245312 0.184028 0.035937 0.087500
0 0.121094 0.573611 0.037500 0.069444
0 0.135547 0.614583 0.033594 0.087500
0 0.115234 0.669444 0.024219 0.052778
0 0.128906 0.713889 0.050000 0.061111
0 0.130469 0.770139 0.037500 0.065278
0 0.398438 0.663194 0.064062 0.079167
0 0.545312 0.648611 0.071875 0.075000
0 0.663281 0.352083 0.073438 0.076389
0 0.736719 0.934028 0.050000 0.059722
0 0.784766 0.923611 0.038281 0.075000
0 0.824219 0.915278 0.037500 0.072222
0 0.865625 0.891667 0.042188 0.063889
0 0.889062 0.765972 0.043750 0.054167
0 0.889062 0.714583 0.046875 0.062500
0 0.877344 0.492361 0.040625 0.090278
0 0.872266 0.286111 0.046094 0.088889
0 0.853516 0.115972 0.033594 0.087500
0 0.779297 0.070833 0.032031 0.072222
0 0.753516 0.073611 0.032031 0.100000
0 0.719922 0.060417 0.032031 0.095833
0 0.735156 0.129167 0.040625 0.083333
0 0.592187 0.047917 0.057813 0.070833
