0 0.251214 0.283171 0.0748788 0.0942613
0 0.336111 0.366526 0.057851 0.165701
0 0.340104 0.688851 0.056387 0.0987352
0 0.251287 0.51107 0.089591 0.103773
0 0.404571 0.485073 0.0854049 0.0959021
0 0.132932 0.196081 0.0439359 0.133895
0 0.568209 0.680455 0.0588213 0.149614
0 0.571347 0.48763 0.072061 0.131567
0 0.573415 0.338628 0.0734985 0.109722
0 0.15063 0.378032 0.0471783 0.131775
0 0.409717 0.59518 0.0514465 0.140481
0 0.312635 0.168173 0.0843092 0.107271
0 0.268553 0.103529 0.0756048 0.0910049
0 0.73009 0.257447 0.0719755 0.0977269
0 0.296974 0.60042 0.0463179 0.115948
0 0.209036 0.0782787 0.0487765 0.144748
0 0.172206 0.704566 0.0756789 0.0941076
0 0.881515 0.403961 0.0404766 0.116267
0 0.649115 0.397256 0.060154 0.164905
0 0.171145 0.603585 0.0487107 0.100787
0 0.243893 0.0322536 0.0666726 0.0645072
0 0.323884 0.0440428 0.0766579 0.0880856
0 0.139024 0.118305 0.051929 0.0535282
