0 0.665863 0.531489 0.0746504 0.141119
0 0.690272 0.661653 0.0540712 0.142665
0 0.535297 0.182048 0.0914198 0.109336
0 0.674261 0.357279 0.0907145 0.107405
0 0.476083 0.426477 0.0589478 0.143191
0 0.233076 0.0854051 0.0606009 0.127395
0 0.285161 0.473832 0.0629045 0.118645
0 0.299907 0.63823 0.0806913 0.0979187
0 0.56191 0.490108 0.0585903 0.160528
0 0.344653 0.343607 0.0875806 0.103695
0 0.150591 0.161182 0.049086 0.123076
0 0.742713 0.531401 0.0676025 0.102387
0 0.358008 0.511023 0.0627597 0.121887
0 0.293249 0.735443 0.0646633 0.0862866
0 0.274478 0.281507 0.0658585 0.114516
0 0.231163 0.232247 0.0524651 0.148808
0 0.145545 0.629617 0.0538012 0.131959
0 0.13785 0.348041 0.0562445 0.0821202
0 0.376573 0.076511 0.0596299 0.153022
0 0.321365 0.0757593 0.0645906 0.109706
0 0.327945 0.588506 0.0522313 0.146141
0 0.195405 0.679592 0.0449578 0.0939334
0 0.254715 0.0164765 0.0729821 0.0329531
