0 0.27313 0.477651 0.0682935 0.100376
0 0.330012 0.376608 0.0682271 0.118508
0 0.367517 0.508064 0.0972941 0.106487
0 0.446753 0.490993 0.064476 0.128965
0 0.676886 0.525272 0.0625073 0.152694
0 0.29646 0.12346 0.0790615 0.102273
0 0.571126 0.325249 0.0583655 0.118472
0 0.142869 0.646322 0.0563507 0.127253
0 0.158047 0.181202 0.0647285 0.105194
0 0.263848 0.257207 0.0719964 0.111947
0 0.354697 0.616504 0.0613308 0.117307
0 0.649011 0.339172 0.0811982 0.135247
0 0.734288 0.529416 0.0554878 0.142203
0 0.893026 0.819688 0.0387117 0.0817508
0 0.220039 0.0501423 0.0607852 0.100285
0 0.131001 0.416721 0.0424895 0.138178
0 0.358998 0.14134 0.0569952 0.156959
0 0.73403 0.233432 0.0551178 0.114153
0 0.1799 0.617437 0.0589246 0.129267
0 0.167951 0.426105 0.0586877 0.099673
0 0.320811 0.044972 0.0566502 0.0899439
