0 0.318359 0.786111 0.052344 0.138889
0 0.398438 0.770833 0.065625 0.102778
0 0.505859 0.241667 0.055469 0.125000
0 0.250000 0.739583 0.053125 0.084722
0 0.296094 0.644444 0.076563 0.088889
0 0.237109 0.378472 0.042969 0.123611
0 0.360938 0.154167 0.053125 0.150000
0 0.453125 0.552083 0.068750 0.095833
0 0.164453 0.329167 0.049219 0.125000
0 0.214453 0.187500 0.038281 0.125000
0 0.146484 0.136806 0.057031 0.079167
0 0.156250 0.047222 0.050000 0.072222
0 0.167578 0.076389 0.053906 0.122222
0 0.210938 0.045833 0.070312 0.088889
0 0.292578 0.381250 0.082031 0.095833
0 0.313672 0.058333 0.050781 0.113889
0 0.257422 0.245833 0.047656 0.152778
0 0.444922 0.161806 0.064844 0.151389
0 0.649219 0.550000 0.082812 0.072222
0 0.675391 0.054167 0.047656 0.097222
0 0.650781 0.471528 0.070312 0.098611
0 0.781641 0.423611 0.071094 0.077778
0 0.688672 0.583333 0.089844 0.083333
0 0.707812 0.815278 0.081250 0.072222
0 0.678906 0.384722 0.040625 0.127778
