0 0.239863 0.72555 0.0652291 0.0845315
0 0.664805 0.527276 0.0736614 0.145769
0 0.615262 0.209689 0.0537349 0.160087
0 0.377322 0.0664413 0.0598109 0.132883
0 0.179439 0.544556 0.0699647 0.0921542
0 0.515115 0.372504 0.0864492 0.122878
0 0.364785 0.633774 0.0742496 0.0802285
0 0.257086 0.26881 0.058581 0.126246
0 0.741394 0.530068 0.059091 0.116258
0 0.460144 0.443887 0.0704676 0.106668
0 0.148787 0.648052 0.0573227 0.132309
0 0.284751 0.467473 0.0639782 0.127784
0 0.899921 0.779437 0.0644859 0.0865455
0 0.56325 0.522198 0.0621597 0.151652
0 0.131109 0.207124 0.0440522 0.140236
0 0.357811 0.51907 0.0662522 0.115453
0 0.329846 0.586447 0.0477993 0.156475
0 0.679429 0.356535 0.0941547 0.10858
0 0.177838 0.348965 0.0444302 0.128322
0 0.163344 0.149742 0.0686895 0.106551
0 0.289613 0.0894377 0.0875422 0.0961666
0 0.251798 0.0328543 0.0696775 0.0657086
0 0.31227 0.0291583 0.0617586 0.0583166
