0 0.173828 0.154861 0.050781 0.131944
0 0.125781 0.229167 0.057813 0.075000
0 0.130859 0.299306 0.060156 0.081944
0 0.376172 0.659722 0.066406 0.086111
0 0.377734 0.258333 0.055469 0.141667
0 0.424609 0.070139 0.063281 0.073611
0 0.139844 0.505556 0.040625 0.119444
0 0.111328 0.468056 0.027344 0.080556
0 0.118359 0.561111 0.039844 0.138889
0 0.196875 0.442361 0.057813 0.134722
0 0.283203 0.706944 0.039844 0.138889
0 0.153516 0.720833 0.039844 0.125000
0 0.248047 0.700000 0.049219 0.102778
0 0.171875 0.582639 0.057813 0.065278
0 0.147266 0.913194 0.055469 0.065278
0 0.137500 0.831250 0.054688 0.070833
0 0.352734 0.456250 0.053906 0.134722
0 0.444922 0.648611 0.074219 0.094444
0 0.707812 0.920139 0.057813 0.104167
0 0.806250 0.562500 0.039062 0.102778
0 0.773047 0.493056 0.063281 0.088889
0 0.568750 0.315972 0.051562 0.118056
0 0.767188 0.261806 0.051562 0.068056
0 0.648047 0.488889 0.067969 0.097222
0 0.580859 0.102778 0.067969 0.102778
0 0.794141 0.150694 0.064844 0.079167
