0 0.123047 0.643056 0.035156 0.088889
0 0.152734 0.648611 0.050781 0.080556
0 0.599219 0.552778 0.073438 0.075000
0 0.414844 0.934722 0.059375 0.080556
0 0.522656 0.716667 0.059375 0.147222
0 0.801953 0.911111 0.035156 0.097222
0 0.655859 0.650694 0.075781 0.081944
0 0.462109 0.933333 0.058594 0.077778
0 0.658984 0.783333 0.058594 0.097222
0 0.817187 0.268056 0.043750 0.116667
0 0.830469 0.912500 0.025000 0.083333
0 0.819922 0.838194 0.042969 0.065278
0 0.850391 0.809722 0.047656 0.063889
0 0.453906 0.379861 0.034375 0.104167
0 0.839453 0.313889 0.036719 0.116667
0 0.862109 0.108333 0.046094 0.058333
0 0.835938 0.088889 0.048438 0.066667
0 0.864844 0.139583 0.057813 0.070833
0 0.891797 0.119444 0.024219 0.075000
0 0.637500 0.597917 0.043750 0.104167
0 0.892188 0.162500 0.032813 0.113889
0 0.874609 0.209028 0.042969 0.104167
0 0.527734 0.370833 0.075781 0.080556
0 0.507812 0.062500 0.057813 0.097222
0 0.580859 0.068750 0.057031 0.073611
0 0.623828 0.061806 0.053906 0.076389
0 0.674609 0.184722 0.044531 0.108333
0 0.869141 0.894444 0.036719 0.061111
