0 0.671094 0.819444 0.045312 0.097222
0 0.314844 0.910417 0.073438 0.070833
0 0.373828 0.921528 0.050781 0.090278
0 0.647656 0.581250 0.042188 0.131944
0 0.760547 0.829861 0.042969 0.104167
0 0.591406 0.581250 0.065625 0.095833
0 0.831250 0.497917 0.032813 0.095833
0 0.837891 0.310417 0.038281 0.109722
0 0.112891 0.856250 0.028906 0.090278
0 0.877734 0.346528 0.046094 0.070833
0 0.690625 0.586111 0.051562 0.122222
0 0.138672 0.741667 0.039844 0.077778
0 0.758594 0.725000 0.035937 0.091667
0 0.724219 0.593056 0.035937 0.105556
0 0.638281 0.440972 0.048438 0.134722
0 0.518359 0.641667 0.063281 0.075000
0 0.547656 0.709722 0.067187 0.080556
0 0.150781 0.250694 0.031250 0.101389
0 0.692969 0.429861 0.050000 0.076389
0 0.662500 0.702083 0.062500 0.079167
0 0.764062 0.571528 0.039062 0.131944
0 0.741406 0.922917 0.060937 0.081944
0 0.124609 0.538889 0.049219 0.083333
0 0.575781 0.374306 0.082812 0.068056
0 0.132031 0.617361 0.051562 0.073611
0 0.184375 0.883333 0.035937 0.102778
0 0.872656 0.122222 0.046875 0.075000
0 0.460938 0.268750 0.079687 0.068056
