0 0.305469 0.461111 0.073438 0.180556
0 0.363672 0.251389 0.091406 0.083333
0 0.153125 0.265278 0.043750 0.080556
0 0.489063 0.145139 0.073438 0.112500
0 0.193359 0.125694 0.050781 0.140278
0 0.485156 0.491667 0.065625 0.086111
0 0.510547 0.272917 0.058594 0.151389
0 0.202344 0.388889 0.046875 0.161111
0 0.130469 0.208333 0.043750 0.097222
0 0.155859 0.367361 0.049219 0.112500
0 0.623437 0.258333 0.085938 0.111111
0 0.163281 0.725694 0.067187 0.093056
0 0.211328 0.660417 0.050781 0.148611
0 0.476953 0.582639 0.092969 0.120833
0 0.626172 0.666667 0.069531 0.086111
0 0.617969 0.351389 0.090625 0.100000
0 0.182422 0.595139 0.050781 0.137500
0 0.137500 0.603472 0.040625 0.137500
0 0.482031 0.397917 0.075000 0.065278
0 0.394531 0.568750 0.075000 0.090278
0 0.321094 0.627778 0.079687 0.102778
0 0.862891 0.441667 0.060156 0.066667
0 0.749609 0.695833 0.049219 0.136111
0 0.120703 0.335417 0.025781 0.159722
0 0.817969 0.822222 0.053125 0.155556
0 0.876172 0.725694 0.053906 0.101389
