0 0.153516 0.108333 0.078906 0.091667
0 0.233594 0.284722 0.050000 0.105556
0 0.530078 0.296528 0.067969 0.179167
0 0.399219 0.306944 0.060937 0.144444
0 0.668359 0.313889 0.099219 0.100000
0 0.354297 0.544444 0.064844 0.086111
0 0.503516 0.600000 0.053906 0.100000
0 0.332031 0.700694 0.048438 0.131944
0 0.878516 0.125694 0.069531 0.098611
0 0.882031 0.219444 0.079687 0.094444
0 0.377734 0.440278 0.091406 0.111111
0 0.545312 0.072917 0.073438 0.129167
0 0.381250 0.679167 0.050000 0.155556
0 0.186719 0.301389 0.051562 0.166667
0 0.799609 0.556944 0.058594 0.075000
0 0.809766 0.204861 0.058594 0.151389
0 0.895312 0.308333 0.045312 0.113889
0 0.198437 0.145833 0.070312 0.113889
0 0.867969 0.659028 0.056250 0.079167
0 0.523828 0.434722 0.083594 0.130556
0 0.755859 0.640278 0.050781 0.125000
