0 0.459766 0.305556 0.064844 0.205556
0 0.250000 0.391667 0.079687 0.127778
0 0.144531 0.206250 0.056250 0.134722
0 0.881641 0.338889 0.075781 0.080556
0 0.543359 0.622222 0.057031 0.197222
0 0.323047 0.138194 0.053906 0.115278
0 0.148047 0.097222 0.100781 0.102778
0 0.625781 0.616667 0.073438 0.127778
0 0.775000 0.769444 0.064062 0.091667
0 0.175000 0.259722 0.054688 0.138889
0 0.211719 0.097917 0.079687 0.151389
0 0.523047 0.295139 0.088281 0.115278
0 0.589063 0.727778 0.064062 0.102778
0 0.348828 0.475000 0.080469 0.119444
0 0.766797 0.443750 0.058594 0.162500
0 0.825391 0.202778 0.083594 0.125000
0 0.386328 0.418750 0.066406 0.095833
0 0.771484 0.329861 0.063281 0.095833
0 0.310937 0.302778 0.100000 0.111111
