0 0.372656 0.645139 0.071875 0.101389
0 0.211719 0.329861 0.043750 0.140278
0 0.420312 0.677778 0.051562 0.144444
0 0.878125 0.731250 0.028125 0.098611
0 0.166797 0.359028 0.050781 0.140278
0 0.630469 0.579861 0.067187 0.126389
0 0.335156 0.627083 0.040625 0.115278
0 0.750000 0.804861 0.056250 0.145833
0 0.890625 0.600694 0.057813 0.109722
0 0.264844 0.167361 0.056250 0.084722
0 0.654297 0.534028 0.071094 0.076389
0 0.347266 0.070833 0.082031 0.097222
0 0.526563 0.762500 0.045312 0.152778
0 0.263281 0.257639 0.057813 0.104167
0 0.757812 0.518056 0.079687 0.086111
0 0.798438 0.844444 0.070312 0.086111
0 0.811719 0.759722 0.068750 0.075000
0 0.850391 0.640972 0.069531 0.098611
0 0.814453 0.684028 0.055469 0.129167
0 0.868359 0.504861 0.061719 0.081944
0 0.810937 0.419444 0.075000 0.097222
0 0.863281 0.395139 0.071875 0.109722
