0 0.199609 0.415972 0.083594 0.106944
0 0.712109 0.107639 0.064844 0.173611
0 0.301953 0.411111 0.066406 0.180556
0 0.137109 0.350000 0.046094 0.133333
0 0.137500 0.504167 0.062500 0.125000
0 0.295312 0.268750 0.098437 0.118056
0 0.247266 0.338194 0.075781 0.109722
0 0.130859 0.207639 0.052344 0.137500
0 0.258594 0.121528 0.089063 0.120833
0 0.860938 0.397917 0.070312 0.106944
0 0.775781 0.523611 0.070312 0.141667
0 0.912891 0.804861 0.057031 0.076389
0 0.864453 0.716667 0.053906 0.105556
0 0.650391 0.136806 0.088281 0.095833
0 0.608984 0.761111 0.061719 0.119444
0 0.820312 0.652778 0.079687 0.113889
0 0.157031 0.063889 0.057813 0.080556
0 0.216016 0.052083 0.089844 0.098611
0 0.410156 0.197222 0.106250 0.108333
