0 0.228125 0.179861 0.076563 0.104167
0 0.124609 0.228472 0.061719 0.079167
0 0.172656 0.181944 0.040625 0.127778
0 0.256250 0.552083 0.064062 0.068056
0 0.428125 0.069444 0.070312 0.077778
0 0.379297 0.665278 0.074219 0.111111
0 0.123828 0.460417 0.042969 0.065278
0 0.119141 0.531944 0.038281 0.144444
0 0.131641 0.641667 0.057031 0.083333
0 0.161328 0.773611 0.050781 0.094444
0 0.276953 0.700694 0.078906 0.079167
0 0.468750 0.330556 0.060937 0.108333
0 0.148047 0.913194 0.055469 0.065278
0 0.135156 0.829167 0.057813 0.069444
0 0.414453 0.476389 0.052344 0.125000
0 0.450000 0.650000 0.085938 0.097222
0 0.828516 0.165278 0.052344 0.086111
0 0.805859 0.557639 0.039844 0.093056
0 0.634375 0.381250 0.076563 0.081944
0 0.522266 0.317361 0.049219 0.140278
0 0.767578 0.259722 0.053906 0.080556
0 0.513281 0.438889 0.062500 0.116667
0 0.570312 0.099306 0.070312 0.095833
0 0.791406 0.144444 0.067187 0.080556
0 0.194531 0.685417 0.045312 0.106944
0 0.308984 0.113889 0.074219 0.088889
