0 0.309766 0.200000 0.042969 0.088889
0 0.394531 0.179861 0.054688 0.090278
0 0.588672 0.052083 0.055469 0.059722
0 0.712109 0.081944 0.032031 0.111111
0 0.741797 0.125694 0.027344 0.081944
0 0.744141 0.065972 0.028906 0.076389
0 0.770312 0.065278 0.042188 0.080556
0 0.856250 0.117361 0.034375 0.095833
0 0.870703 0.271528 0.047656 0.073611
0 0.660937 0.352778 0.076563 0.083333
0 0.876563 0.490278 0.035937 0.094444
0 0.891016 0.702778 0.038281 0.063889
0 0.882422 0.762500 0.039844 0.052778
0 0.861328 0.895139 0.039844 0.065278
0 0.821484 0.914583 0.042969 0.062500
0 0.779297 0.922917 0.035156 0.059722
0 0.730859 0.933333 0.049219 0.063889
0 0.538281 0.648611 0.071875 0.080556
0 0.399609 0.657639 0.069531 0.070833
0 0.248047 0.509028 0.036719 0.068056
0 0.121484 0.528472 0.046094 0.062500
0 0.120313 0.584722 0.040625 0.055556
0 0.141797 0.654167 0.033594 0.086111
0 0.128906 0.724306 0.050000 0.051389
0 0.133594 0.775000 0.040625 0.055556
0 0.121094 0.683333 0.026562 0.077778
