0 0.525626 0.335942 0.0948108 0.0911314
0 0.673261 0.370561 0.0904524 0.0989585
0 0.256418 0.334113 0.0505535 0.147854
0 0.183959 0.655352 0.0746966 0.102204
0 0.85752 0.775408 0.0543396 0.0963472
0 0.416831 0.119181 0.0913837 0.117042
0 0.143945 0.199221 0.0731226 0.0780696
0 0.764392 0.15694 0.071962 0.092678
0 0.593321 0.397607 0.0850141 0.103382
0 0.176423 0.275647 0.0690982 0.0909406
0 0.402138 0.561894 0.0732224 0.0863139
0 0.188193 0.751899 0.0694934 0.0846344
0 0.325096 0.529062 0.0773516 0.133175
0 0.193644 0.36661 0.0756044 0.100107
0 0.369699 0.443023 0.0638515 0.0954874
0 0.209131 0.491959 0.075305 0.0773017
0 0.249236 0.215012 0.0515216 0.150219
0 0.879767 0.532815 0.067627 0.0718362
0 0.22264 0.577004 0.0722977 0.113058
0 0.84964 0.410526 0.0634752 0.0874322
0 0.524541 0.533665 0.0649502 0.106558
0 0.191005 0.133364 0.0514566 0.14496
0 0.21539 0.199055 0.0486339 0.134585
0 0.129872 0.25994 0.0361117 0.103631
