0 0.581250 0.731944 0.079687 0.088889
0 0.630469 0.645833 0.068750 0.102778
0 0.541016 0.086111 0.074219 0.102778
0 0.573047 0.382639 0.061719 0.104167
0 0.489844 0.127083 0.060937 0.126389
0 0.403125 0.650694 0.062500 0.129167
0 0.445703 0.719444 0.075781 0.066667
0 0.262891 0.590278 0.080469 0.100000
0 0.322656 0.431250 0.054688 0.112500
0 0.189062 0.787500 0.043750 0.105556
0 0.155859 0.763889 0.035156 0.105556
0 0.148047 0.646528 0.050781 0.109722
0 0.218359 0.661806 0.053906 0.115278
0 0.164062 0.430556 0.045312 0.127778
0 0.133203 0.414583 0.050781 0.095833
0 0.124219 0.299306 0.053125 0.084722
0 0.181641 0.277778 0.035156 0.113889
0 0.129688 0.218056 0.065625 0.086111
0 0.158203 0.522917 0.035156 0.073611
0 0.266797 0.287500 0.052344 0.158333
0 0.864453 0.807639 0.049219 0.101389
0 0.603906 0.079167 0.076563 0.094444
0 0.391406 0.098611 0.057813 0.091667
0 0.223047 0.299306 0.042969 0.151389
0 0.298828 0.208333 0.053906 0.125000
0 0.362109 0.441667 0.032031 0.097222
