0 0.149609 0.801389 0.038281 0.102778
0 0.395313 0.796528 0.068750 0.109722
0 0.379297 0.861806 0.085156 0.090278
0 0.141797 0.355556 0.066406 0.097222
0 0.203906 0.190972 0.067187 0.079167
0 0.169141 0.593056 0.069531 0.091667
0 0.369141 0.321528 0.072656 0.106944
0 0.113281 0.291667 0.050000 0.077778
0 0.601562 0.077778 0.065625 0.097222
0 0.283203 0.522222 0.071094 0.094444
0 0.389844 0.604167 0.067187 0.127778
0 0.453516 0.380556 0.094531 0.091667
0 0.642188 0.095139 0.050000 0.118056
0 0.590234 0.144444 0.052344 0.086111
0 0.238281 0.386806 0.051562 0.140278
0 0.275391 0.612500 0.078906 0.100000
0 0.877734 0.325000 0.058594 0.077778
0 0.139453 0.915278 0.066406 0.069444
0 0.114844 0.220833 0.037500 0.072222
0 0.122656 0.459028 0.048438 0.104167
0 0.175781 0.263194 0.053125 0.065278
0 0.195703 0.836806 0.033594 0.090278
0 0.167578 0.487500 0.035156 0.111111
0 0.231250 0.837500 0.053125 0.077778
