0 0.173437 0.281250 0.060937 0.104167
0 0.507812 0.380556 0.054688 0.097222
0 0.117578 0.623611 0.036719 0.102778
0 0.139844 0.188194 0.028125 0.084722
0 0.126953 0.815972 0.028906 0.126389
0 0.156250 0.836806 0.031250 0.095833
0 0.773828 0.311111 0.052344 0.091667
0 0.109375 0.415278 0.035937 0.116667
0 0.563672 0.591667 0.052344 0.136111
0 0.171094 0.125694 0.060937 0.070833
0 0.394531 0.379861 0.053125 0.143056
0 0.676953 0.795833 0.049219 0.086111
0 0.341406 0.630556 0.050000 0.136111
0 0.535547 0.443750 0.066406 0.084722
0 0.866406 0.548611 0.029687 0.080556
0 0.854297 0.595139 0.046094 0.109722
0 0.712109 0.659028 0.074219 0.065278
0 0.485938 0.841667 0.075000 0.077778
0 0.549219 0.713194 0.048438 0.106944
0 0.575781 0.058333 0.059375 0.069444
0 0.450000 0.309722 0.078125 0.102778
0 0.401953 0.752778 0.060156 0.122222
0 0.112500 0.504167 0.048438 0.077778
0 0.691406 0.162500 0.062500 0.105556
0 0.554297 0.238194 0.069531 0.076389
0 0.109766 0.203472 0.030469 0.070833
