0 0.441406 0.593056 0.050000 0.105556
0 0.276562 0.474306 0.056250 0.084722
0 0.198437 0.448611 0.034375 0.086111
0 0.118359 0.465278 0.047656 0.100000
0 0.232422 0.564583 0.049219 0.112500
0 0.188281 0.616667 0.045312 0.091667
0 0.244141 0.418056 0.046094 0.113889
0 0.884766 0.690972 0.046094 0.090278
0 0.513281 0.648611 0.071875 0.088889
0 0.885156 0.737500 0.040625 0.075000
0 0.877344 0.386111 0.048438 0.091667
0 0.831641 0.248611 0.050781 0.077778
0 0.923438 0.754167 0.042188 0.066667
0 0.528516 0.502778 0.050781 0.066667
0 0.111719 0.398611 0.051562 0.066667
0 0.368359 0.667361 0.066406 0.087500
0 0.891016 0.136111 0.030469 0.091667
0 0.752344 0.371528 0.032813 0.106944
0 0.784766 0.086111 0.063281 0.069444
0 0.834766 0.076389 0.035156 0.044444
0 0.858594 0.105556 0.029687 0.097222
0 0.821484 0.133333 0.052344 0.105556
0 0.779297 0.150694 0.041406 0.079167
0 0.889844 0.307639 0.032813 0.090278
0 0.867188 0.284028 0.035937 0.115278
0 0.877734 0.240278 0.042969 0.061111
0 0.673438 0.130556 0.057813 0.075000
