0 0.137109 0.591667 0.053906 0.122222
0 0.300391 0.311806 0.060156 0.168056
0 0.692187 0.170833 0.059375 0.161111
0 0.364844 0.173611 0.054688 0.125000
0 0.507812 0.536111 0.070312 0.150000
0 0.610547 0.629861 0.061719 0.131944
0 0.491016 0.263194 0.091406 0.129167
0 0.683203 0.050000 0.100781 0.097222
0 0.807422 0.680556 0.072656 0.119444
0 0.853906 0.350694 0.056250 0.184722
0 0.751563 0.561111 0.068750 0.188889
0 0.169531 0.486806 0.062500 0.095833
0 0.214062 0.429167 0.057813 0.175000
0 0.716016 0.693056 0.052344 0.097222
0 0.158203 0.184028 0.058594 0.156944
0 0.198437 0.286806 0.098437 0.126389
0 0.789062 0.297917 0.062500 0.104167
