0 0.291553 0.47008 0.079697 0.0965893
0 0.240499 0.13768 0.0617175 0.120231
0 0.547118 0.73682 0.0529168 0.129897
0 0.238122 0.251247 0.0820552 0.117147
0 0.42756 0.718694 0.0752018 0.0864465
0 0.520293 0.184371 0.083695 0.0918396
0 0.134976 0.257983 0.0476545 0.120325
0 0.85685 0.775879 0.0533968 0.0960615
0 0.349574 0.624441 0.0567872 0.144644
0 0.487543 0.714143 0.0651505 0.0750927
0 0.887547 0.239573 0.0551121 0.0800546
0 0.361653 0.285901 0.0687544 0.130594
0 0.35604 0.416598 0.0714564 0.110296
0 0.154476 0.696684 0.0698796 0.0907754
0 0.681121 0.73908 0.0520634 0.14114
0 0.418973 0.570001 0.0729828 0.0817239
0 0.602606 0.721368 0.0481495 0.140895
0 0.66596 0.42328 0.0558061 0.14134
0 0.531626 0.290381 0.0446117 0.126209
0 0.526222 0.549497 0.0626198 0.1216
0 0.198085 0.566499 0.059119 0.144969
0 0.198629 0.138278 0.0449274 0.12109
0 0.48096 0.488915 0.0649576 0.159689
0 0.79319 0.337748 0.0551523 0.0874344
0 0.172541 0.6118 0.0465295 0.137166
0 0.13165 0.184489 0.0477907 0.0560897
