0 0.197266 0.083333 0.085156 0.100000
0 0.189844 0.179167 0.068750 0.116667
0 0.127734 0.386806 0.066406 0.087500
0 0.130078 0.538889 0.072656 0.086111
0 0.195703 0.496528 0.055469 0.148611
0 0.180469 0.672222 0.073438 0.086111
0 0.278906 0.485417 0.062500 0.123611
0 0.492578 0.250694 0.097656 0.109722
0 0.569141 0.494444 0.044531 0.144444
0 0.665625 0.132639 0.064062 0.120833
0 0.599609 0.338194 0.057031 0.179167
0 0.880859 0.279861 0.057031 0.134722
0 0.897656 0.475000 0.060937 0.102778
0 0.878906 0.570139 0.050000 0.129167
0 0.837891 0.690278 0.071094 0.088889
0 0.856250 0.754861 0.060937 0.098611
0 0.589844 0.827083 0.064062 0.106944
0 0.236328 0.608333 0.061719 0.080556
0 0.135156 0.462500 0.062500 0.080556
