0 0.257031 0.583333 0.053125 0.136111
0 0.337500 0.215278 0.071875 0.075000
0 0.125000 0.681944 0.056250 0.091667
0 0.300391 0.336111 0.080469 0.100000
0 0.664844 0.154167 0.039062 0.111111
0 0.128516 0.409028 0.039844 0.120833
0 0.218750 0.606944 0.039062 0.105556
0 0.213672 0.840278 0.047656 0.083333
0 0.183984 0.420833 0.063281 0.119444
0 0.385547 0.102778 0.039844 0.122222
0 0.320312 0.568750 0.046875 0.081944
0 0.133594 0.896528 0.051562 0.087500
0 0.643750 0.479167 0.087500 0.077778
0 0.137891 0.509028 0.041406 0.123611
0 0.881641 0.259028 0.042969 0.098611
0 0.848437 0.238889 0.032813 0.111111
0 0.608203 0.384722 0.086719 0.105556
0 0.858203 0.145833 0.067969 0.100000
0 0.269922 0.829167 0.049219 0.102778
0 0.167969 0.804861 0.042188 0.120833
0 0.260156 0.196528 0.070312 0.095833
0 0.737109 0.763194 0.039844 0.101389
0 0.156641 0.324306 0.060156 0.079167
0 0.269141 0.106250 0.075781 0.093056
0 0.130469 0.823611 0.042188 0.091667
0 0.339453 0.090278 0.064844 0.100000
