0 0.666804 0.527276 0.0754362 0.133642
0 0.691028 0.66425 0.054944 0.150429
0 0.356994 0.510291 0.0620509 0.123115
0 0.476511 0.429415 0.0596257 0.136867
0 0.361607 0.292899 0.079215 0.123743
0 0.741797 0.534013 0.0665616 0.109549
0 0.382323 0.065658 0.070507 0.131316
0 0.250203 0.169929 0.0600846 0.129613
0 0.614975 0.207344 0.0603575 0.137532
0 0.29397 0.736746 0.0648583 0.0850905
0 0.152393 0.16569 0.0485268 0.126246
0 0.67696 0.357188 0.0941356 0.108398
0 0.299783 0.638498 0.0784395 0.0932807
0 0.561341 0.492608 0.0584333 0.151084
0 0.27656 0.279998 0.064253 0.1305
0 0.283591 0.474579 0.068602 0.114461
0 0.138472 0.353254 0.0513082 0.10757
0 0.14565 0.628656 0.0533806 0.134468
0 0.273177 0.0868338 0.0837486 0.0952904
0 0.328669 0.590611 0.0524652 0.155451
0 0.194988 0.675801 0.0448312 0.0863875
0 0.255732 0.0281216 0.0863375 0.0562433
0 0.308137 0.0323107 0.0582085 0.0646215
