0 0.356959 0.512207 0.0627479 0.122603
0 0.294561 0.736015 0.0626707 0.0851591
0 0.690679 0.65963 0.0538384 0.144469
0 0.152417 0.160196 0.0479903 0.128751
0 0.492517 0.156433 0.0669958 0.125978
0 0.477825 0.427078 0.0587332 0.141551
0 0.349337 0.617657 0.0775404 0.095722
0 0.668885 0.531824 0.0756241 0.138912
0 0.298707 0.641765 0.0764629 0.103522
0 0.442998 0.0634681 0.073893 0.122261
0 0.7454 0.533585 0.0655394 0.103503
0 0.270927 0.276418 0.0591037 0.117228
0 0.561996 0.491322 0.0591958 0.165679
0 0.236609 0.223529 0.050146 0.158718
0 0.14771 0.628019 0.0534128 0.130466
0 0.231509 0.0832184 0.0610049 0.127194
0 0.284177 0.473571 0.0658044 0.122207
0 0.136554 0.350695 0.0612884 0.0862639
0 0.347773 0.342089 0.0787638 0.103462
0 0.197713 0.67698 0.0415912 0.103899
0 0.203349 0.0385189 0.058894 0.0770378
0 0.544063 0.202382 0.0694525 0.0774492
0 0.380042 0.0619493 0.0756549 0.0617422
