0 0.315234 0.790278 0.052344 0.127778
0 0.392969 0.781944 0.070312 0.100000
0 0.508594 0.245139 0.056250 0.129167
0 0.225391 0.760417 0.057031 0.079167
0 0.291406 0.634028 0.046875 0.129167
0 0.205859 0.272917 0.052344 0.137500
0 0.447266 0.078472 0.074219 0.126389
0 0.446484 0.388194 0.055469 0.148611
0 0.234766 0.463889 0.069531 0.102778
0 0.253125 0.126389 0.050000 0.080556
0 0.134375 0.112500 0.046875 0.100000
0 0.149609 0.050694 0.046094 0.073611
0 0.173437 0.087500 0.046875 0.127778
0 0.249219 0.040972 0.073438 0.079167
0 0.371875 0.454167 0.057813 0.141667
0 0.336328 0.221528 0.077344 0.145833
0 0.259766 0.253472 0.052344 0.137500
0 0.526953 0.075000 0.091406 0.105556
0 0.386719 0.050000 0.056250 0.097222
0 0.617188 0.095833 0.053125 0.130556
0 0.675781 0.510417 0.070312 0.104167
0 0.782813 0.427083 0.071875 0.084722
0 0.763672 0.620139 0.064844 0.112500
0 0.332031 0.638194 0.051562 0.148611
0 0.676562 0.381250 0.039062 0.123611
0 0.641016 0.881944 0.057031 0.063889
