0 0.462109 0.301389 0.069531 0.191667
0 0.257031 0.089583 0.071875 0.162500
0 0.153906 0.248611 0.067187 0.111111
0 0.314453 0.294444 0.067969 0.208333
0 0.525781 0.279861 0.057813 0.176389
0 0.260156 0.248611 0.057813 0.127778
0 0.876953 0.401389 0.039844 0.152778
0 0.778516 0.361806 0.080469 0.109722
0 0.606641 0.754167 0.069531 0.111111
0 0.803125 0.679167 0.071875 0.119444
0 0.676953 0.256944 0.069531 0.183333
0 0.155469 0.161806 0.057813 0.081944
0 0.310547 0.122222 0.078906 0.138889
0 0.880078 0.625000 0.067969 0.088889
0 0.417969 0.462500 0.101562 0.111111
0 0.469141 0.631250 0.067969 0.151389
0 0.430078 0.200000 0.102344 0.113889
0 0.780078 0.771528 0.064844 0.081944
0 0.212891 0.233333 0.055469 0.191667
