0 0.124219 0.695139 0.040625 0.065278
0 0.144922 0.627083 0.050781 0.065278
0 0.266016 0.482639 0.058594 0.079167
0 0.236719 0.523611 0.045312 0.069444
0 0.126562 0.561806 0.056250 0.070833
0 0.134766 0.745833 0.057031 0.069444
0 0.628906 0.695833 0.046875 0.119444
0 0.294141 0.552083 0.075781 0.068056
0 0.885156 0.678472 0.043750 0.081944
0 0.891406 0.140972 0.039062 0.070833
0 0.513281 0.648611 0.078125 0.080556
0 0.820312 0.096528 0.031250 0.109722
0 0.363672 0.664583 0.060156 0.101389
0 0.892188 0.740972 0.050000 0.062500
0 0.782422 0.334722 0.044531 0.100000
0 0.889453 0.347222 0.041406 0.102778
0 0.865625 0.258333 0.042188 0.111111
0 0.924219 0.766667 0.045312 0.063889
0 0.894922 0.258333 0.035156 0.094444
0 0.796484 0.075694 0.028906 0.093056
0 0.760156 0.054167 0.059375 0.052778
0 0.749219 0.637500 0.054688 0.058333
0 0.871484 0.074306 0.039844 0.062500
0 0.758203 0.113194 0.064844 0.076389
0 0.121484 0.645833 0.044531 0.055556
0 0.507031 0.290278 0.064062 0.077778
0 0.863672 0.102083 0.038281 0.081944
0 0.786719 0.107639 0.023438 0.070833
