0 0.200781 0.462500 0.070312 0.108333
0 0.214844 0.238194 0.053125 0.098611
0 0.375391 0.602083 0.072656 0.120833
0 0.303516 0.390972 0.063281 0.173611
0 0.142187 0.424306 0.056250 0.095833
0 0.135156 0.496528 0.059375 0.126389
0 0.174219 0.276389 0.064062 0.161111
0 0.257031 0.417361 0.051562 0.151389
0 0.433203 0.290972 0.088281 0.109722
0 0.231641 0.147917 0.067969 0.112500
0 0.138281 0.215278 0.048438 0.144444
0 0.288672 0.096528 0.085156 0.162500
0 0.832031 0.230556 0.085938 0.077778
0 0.780078 0.366667 0.077344 0.116667
0 0.816797 0.766667 0.064844 0.100000
0 0.858984 0.386806 0.071094 0.112500
0 0.648828 0.080556 0.085156 0.111111
0 0.605078 0.748611 0.072656 0.094444
0 0.817187 0.684722 0.071875 0.119444
