0 0.332392 0.166458 0.078761 0.125803
0 0.858304 0.775701 0.0552975 0.091173
0 0.141178 0.334357 0.055318 0.0943022
0 0.241512 0.550939 0.0520529 0.14654
0 0.205334 0.235416 0.0705741 0.0987698
0 0.259495 0.308065 0.0652328 0.108813
0 0.441024 0.212985 0.0813934 0.0842093
0 0.51166 0.595229 0.0676644 0.0724324
0 0.547887 0.160417 0.0787676 0.104568
0 0.224781 0.685222 0.0693977 0.093523
0 0.44578 0.562085 0.0684452 0.124156
0 0.525404 0.25656 0.0944235 0.102704
0 0.159508 0.697961 0.074487 0.0801818
0 0.602997 0.353837 0.096313 0.101507
0 0.304108 0.696508 0.0697996 0.113864
0 0.517447 0.520561 0.0812425 0.100485
0 0.13598 0.246065 0.0445822 0.0915243
0 0.603457 0.718735 0.0641273 0.110094
0 0.359493 0.418023 0.0540359 0.0872506
0 0.869318 0.590419 0.0523899 0.109644
0 0.844762 0.462577 0.042181 0.120453
0 0.162675 0.608507 0.0719213 0.118102
0 0.17206 0.162483 0.0833977 0.112135
0 0.878203 0.457852 0.0431061 0.106022
0 0.386698 0.221871 0.0600712 0.138793
0 0.135892 0.186887 0.0474301 0.0632195
