0 0.471094 0.290972 0.073438 0.184722
0 0.201953 0.166667 0.064844 0.086111
0 0.155078 0.202778 0.052344 0.116667
0 0.151562 0.290278 0.065625 0.105556
0 0.902734 0.432639 0.053906 0.109722
0 0.876563 0.589583 0.067187 0.101389
0 0.526563 0.618056 0.054688 0.172222
0 0.145313 0.080556 0.037500 0.113889
0 0.453125 0.131250 0.096875 0.126389
0 0.877344 0.355556 0.065625 0.138889
0 0.354297 0.584028 0.061719 0.148611
0 0.788672 0.775000 0.052344 0.083333
0 0.196484 0.077778 0.067969 0.147222
0 0.249219 0.104167 0.056250 0.163889
0 0.539453 0.291667 0.075781 0.125000
0 0.223828 0.352778 0.085156 0.163889
0 0.600781 0.724306 0.054688 0.126389
0 0.307812 0.290972 0.095312 0.090278
0 0.763281 0.301389 0.048438 0.155556
