0 0.169531 0.600694 0.040625 0.101389
0 0.405859 0.861806 0.078906 0.090278
0 0.221484 0.611111 0.053906 0.105556
0 0.348828 0.138194 0.069531 0.093056
0 0.303906 0.853472 0.051562 0.109722
0 0.294922 0.577778 0.058594 0.108333
0 0.485156 0.797222 0.084375 0.102778
0 0.625000 0.079167 0.071875 0.080556
0 0.360547 0.674306 0.075781 0.120833
0 0.611328 0.131944 0.071094 0.066667
0 0.357031 0.467361 0.053125 0.115278
0 0.876953 0.412500 0.046094 0.130556
0 0.203125 0.920139 0.046875 0.081944
0 0.405859 0.071528 0.064844 0.081944
0 0.282813 0.253472 0.051562 0.104167
0 0.126562 0.891667 0.037500 0.086111
0 0.233203 0.835417 0.060156 0.076389
0 0.430078 0.650694 0.058594 0.143056
0 0.142187 0.562500 0.045312 0.119444
0 0.254688 0.568750 0.040625 0.112500
0 0.551562 0.950000 0.073438 0.083333
0 0.263281 0.474306 0.059375 0.120833
0 0.848828 0.470139 0.053906 0.076389
0 0.426563 0.509028 0.064062 0.115278
0 0.632031 0.191667 0.068750 0.100000
0 0.838672 0.402778 0.036719 0.122222
