0 0.474609 0.299306 0.080469 0.204167
0 0.190234 0.450000 0.067969 0.122222
0 0.150000 0.206944 0.051562 0.130556
0 0.189453 0.304861 0.075781 0.118056
0 0.846094 0.672917 0.048438 0.120833
0 0.767969 0.322222 0.067187 0.130556
0 0.784375 0.677778 0.062500 0.108333
0 0.574219 0.718750 0.067187 0.129167
0 0.142578 0.092361 0.039844 0.098611
0 0.458594 0.123611 0.100000 0.105556
0 0.862109 0.784028 0.077344 0.087500
0 0.249609 0.616667 0.074219 0.136111
0 0.785156 0.775000 0.053125 0.075000
0 0.199219 0.077778 0.062500 0.113889
0 0.247266 0.112500 0.055469 0.152778
0 0.193359 0.181250 0.061719 0.084722
0 0.478516 0.431250 0.099219 0.112500
0 0.607422 0.718750 0.044531 0.134722
