0 0.415625 0.577778 0.054688 0.061111
0 0.509375 0.591667 0.048438 0.108333
0 0.532813 0.645139 0.060937 0.059722
0 0.576172 0.710417 0.047656 0.123611
0 0.591406 0.586111 0.045312 0.119444
0 0.643359 0.517361 0.042969 0.123611
0 0.564063 0.375000 0.067187 0.083333
0 0.659766 0.644444 0.066406 0.069444
0 0.710156 0.464583 0.035937 0.093056
0 0.814453 0.903472 0.035156 0.084722
0 0.839063 0.900694 0.023438 0.062500
0 0.600391 0.918750 0.042969 0.093056
0 0.827344 0.231250 0.043750 0.090278
0 0.840234 0.314583 0.036719 0.112500
0 0.887891 0.115278 0.052344 0.066667
0 0.867969 0.159028 0.048438 0.062500
0 0.667188 0.182639 0.046875 0.104167
0 0.618359 0.089583 0.035156 0.109722
0 0.585156 0.065972 0.042188 0.112500
0 0.323047 0.775000 0.042969 0.050000
0 0.188672 0.538194 0.036719 0.112500
0 0.114844 0.607639 0.029687 0.062500
0 0.124219 0.645833 0.039062 0.075000
0 0.144141 0.684028 0.049219 0.076389
