0 0.533594 0.056944 0.064062 0.091667
0 0.577344 0.053472 0.037500 0.098611
0 0.617188 0.067361 0.035937 0.106944
0 0.664062 0.186111 0.043750 0.108333
0 0.832422 0.250000 0.032031 0.091667
0 0.852344 0.187500 0.031250 0.108333
0 0.883594 0.118750 0.053125 0.062500
0 0.563672 0.373611 0.072656 0.088889
0 0.509375 0.586806 0.054688 0.120833
0 0.592969 0.577083 0.046875 0.140278
0 0.656250 0.650694 0.073438 0.076389
0 0.539453 0.725694 0.061719 0.079167
0 0.654297 0.766667 0.057031 0.055556
0 0.785937 0.915278 0.048438 0.055556
0 0.827344 0.930556 0.031250 0.091667
0 0.849609 0.903472 0.022656 0.073611
0 0.597656 0.922222 0.046875 0.097222
0 0.394141 0.854861 0.035156 0.093056
0 0.120313 0.581250 0.037500 0.051389
0 0.128125 0.635417 0.039062 0.065278
0 0.147266 0.698611 0.049219 0.055556
0 0.188281 0.559028 0.045312 0.076389
0 0.196094 0.218056 0.059375 0.047222
