0 0.246094 0.473611 0.050000 0.127778
0 0.127344 0.718056 0.034375 0.094444
0 0.659375 0.135417 0.037500 0.109722
0 0.126172 0.318750 0.067969 0.076389
0 0.444531 0.450694 0.037500 0.109722
0 0.217578 0.220139 0.053906 0.101389
0 0.529297 0.447917 0.047656 0.137500
0 0.547656 0.722917 0.062500 0.073611
0 0.169141 0.500694 0.060156 0.095833
0 0.115234 0.447222 0.035156 0.127778
0 0.147656 0.425000 0.042188 0.136111
0 0.660937 0.756944 0.037500 0.111111
0 0.545312 0.311111 0.043750 0.127778
0 0.596875 0.684028 0.042188 0.109722
0 0.624219 0.081250 0.048438 0.112500
0 0.178906 0.308333 0.053125 0.116667
0 0.220312 0.620833 0.050000 0.113889
0 0.395313 0.818750 0.056250 0.120833
0 0.870703 0.363194 0.038281 0.123611
0 0.311328 0.204861 0.047656 0.120833
0 0.117969 0.234028 0.051562 0.098611
0 0.260937 0.554861 0.065625 0.101389
0 0.332031 0.761806 0.054688 0.104167
0 0.556250 0.088889 0.084375 0.088889
0 0.325781 0.642361 0.056250 0.151389
0 0.409375 0.665972 0.046875 0.120833
