0 0.121875 0.585417 0.046875 0.051389
0 0.164062 0.668750 0.035937 0.106944
0 0.579297 0.592361 0.049219 0.109722
0 0.654297 0.436806 0.050781 0.120833
0 0.381641 0.924306 0.049219 0.095833
0 0.821484 0.723611 0.046094 0.105556
0 0.648047 0.642361 0.071094 0.073611
0 0.457031 0.936806 0.064062 0.076389
0 0.635156 0.758333 0.051562 0.100000
0 0.814453 0.258333 0.046094 0.122222
0 0.353906 0.709028 0.031250 0.090278
0 0.794531 0.818056 0.040625 0.072222
0 0.745313 0.654167 0.053125 0.091667
0 0.591797 0.652778 0.066406 0.058333
0 0.856250 0.157639 0.048438 0.048611
0 0.856641 0.106250 0.057031 0.068056
0 0.598828 0.379861 0.069531 0.059722
0 0.838281 0.314583 0.037500 0.120833
0 0.522266 0.651389 0.083594 0.080556
0 0.780078 0.588889 0.050781 0.097222
0 0.527344 0.377083 0.076563 0.076389
0 0.501563 0.097917 0.067187 0.070833
0 0.550000 0.059722 0.054688 0.094444
0 0.617188 0.065972 0.042188 0.112500
0 0.673438 0.183333 0.048438 0.105556
0 0.836328 0.558333 0.046094 0.102778
0 0.883203 0.136806 0.027344 0.095833
0 0.117188 0.666667 0.039062 0.105556
