0 0.134766 0.682639 0.046094 0.109722
0 0.572656 0.648611 0.064062 0.122222
0 0.400000 0.869444 0.073438 0.086111
0 0.243359 0.659722 0.049219 0.133333
0 0.281250 0.137500 0.071875 0.088889
0 0.181250 0.665278 0.053125 0.130556
0 0.284766 0.530556 0.074219 0.122222
0 0.172266 0.139583 0.049219 0.115278
0 0.600391 0.083333 0.074219 0.091667
0 0.391016 0.603472 0.067969 0.118056
0 0.632031 0.106944 0.048438 0.113889
0 0.595703 0.150694 0.052344 0.068056
0 0.248047 0.327083 0.060156 0.115278
0 0.355469 0.672917 0.078125 0.118056
0 0.872656 0.430556 0.043750 0.105556
0 0.147656 0.920139 0.051562 0.079167
0 0.341797 0.300694 0.050781 0.095833
0 0.282031 0.245833 0.045312 0.105556
0 0.117578 0.859722 0.028906 0.080556
0 0.234375 0.835417 0.062500 0.073611
0 0.864453 0.348611 0.052344 0.094444
0 0.475781 0.487500 0.065625 0.088889
0 0.136719 0.545833 0.042188 0.119444
0 0.205859 0.320139 0.041406 0.109722
0 0.358984 0.485417 0.078906 0.090278
