0 0.44522 0.49419 0.0618764 0.130178
0 0.268394 0.647256 0.0768181 0.0920947
0 0.18433 0.352196 0.0495636 0.120849
0 0.235403 0.530446 0.0752202 0.104121
0 0.657378 0.365379 0.0607995 0.178424
0 0.180411 0.600716 0.0465148 0.14563
0 0.340974 0.114521 0.0931968 0.108029
0 0.146515 0.642215 0.0644175 0.114113
0 0.688561 0.521288 0.063129 0.14042
0 0.178507 0.165804 0.0672892 0.107615
0 0.357155 0.509877 0.0651053 0.149762
0 0.541132 0.387458 0.0478281 0.107878
0 0.287479 0.374827 0.0495262 0.147693
0 0.138616 0.175159 0.0441133 0.134257
0 0.688702 0.217288 0.0540661 0.146608
0 0.13904 0.722725 0.0428364 0.0979682
0 0.881474 0.178962 0.0403112 0.120276
0 0.734516 0.472755 0.0772062 0.086223
0 0.332584 0.268618 0.0569284 0.152784
0 0.234313 0.0272719 0.0788458 0.0545438
0 0.220001 0.308463 0.0597918 0.141827
0 0.316207 0.0366548 0.0541924 0.0733095
0 0.818838 0.33924 0.0472036 0.0755492
