0 0.768750 0.684028 0.065625 0.106944
0 0.378125 0.649306 0.060937 0.109722
0 0.211719 0.326389 0.043750 0.133333
0 0.420312 0.677778 0.051562 0.144444
0 0.872266 0.699306 0.039844 0.123611
0 0.167969 0.363194 0.048438 0.148611
0 0.652734 0.489583 0.082031 0.106944
0 0.335156 0.627083 0.040625 0.115278
0 0.750391 0.796528 0.055469 0.131944
0 0.886328 0.528472 0.069531 0.118056
0 0.261719 0.164583 0.062500 0.076389
0 0.843750 0.454861 0.050000 0.120833
0 0.664844 0.587500 0.054688 0.108333
0 0.355859 0.065278 0.091406 0.086111
0 0.613672 0.458333 0.052344 0.150000
0 0.252734 0.245833 0.074219 0.086111
0 0.768750 0.506944 0.068750 0.077778
0 0.833203 0.791667 0.038281 0.127778
0 0.796094 0.784722 0.042188 0.150000
0 0.844922 0.639583 0.067969 0.093056
0 0.818359 0.671528 0.057031 0.115278
0 0.826562 0.548611 0.062500 0.100000
