0 0.826562 0.150000 0.075000 0.100000
0 0.216406 0.279167 0.073438 0.108333
0 0.154297 0.243750 0.061719 0.126389
0 0.133203 0.331250 0.080469 0.070833
0 0.597266 0.508333 0.063281 0.141667
0 0.744141 0.559722 0.075781 0.116667
0 0.778125 0.661806 0.084375 0.118056
0 0.491016 0.253472 0.091406 0.115278
0 0.747656 0.801389 0.059375 0.075000
0 0.639062 0.625694 0.060937 0.118056
0 0.880469 0.281944 0.054688 0.125000
0 0.772656 0.377778 0.098437 0.094444
0 0.244922 0.347222 0.089844 0.102778
0 0.842969 0.670833 0.078125 0.083333
0 0.850000 0.755556 0.051562 0.111111
0 0.179297 0.466667 0.049219 0.108333
0 0.807031 0.772917 0.043750 0.106944
0 0.237891 0.434722 0.064844 0.108333
0 0.861328 0.222222 0.074219 0.069444
0 0.883594 0.572222 0.056250 0.105556
