0 0.817187 0.138889 0.079687 0.097222
0 0.214844 0.280556 0.067187 0.111111
0 0.157812 0.242361 0.056250 0.131944
0 0.183984 0.607639 0.042969 0.143056
0 0.616797 0.497917 0.053906 0.162500
0 0.615234 0.786806 0.060156 0.140278
0 0.827734 0.780556 0.047656 0.088889
0 0.492188 0.251389 0.090625 0.113889
0 0.744922 0.800000 0.050781 0.088889
0 0.791016 0.790972 0.041406 0.131944
0 0.882812 0.280556 0.051562 0.127778
0 0.680078 0.293056 0.086719 0.094444
0 0.234375 0.599306 0.087500 0.104167
0 0.632422 0.668056 0.078906 0.105556
0 0.848437 0.734722 0.054688 0.108333
0 0.133594 0.560417 0.037500 0.090278
0 0.396875 0.074306 0.076563 0.123611
0 0.851953 0.227778 0.049219 0.144444
0 0.883984 0.574306 0.057031 0.106944
