0 0.144531 0.786111 0.045312 0.097222
0 0.412109 0.797917 0.085156 0.112500
0 0.405859 0.869444 0.085156 0.086111
0 0.182812 0.433333 0.056250 0.088889
0 0.208984 0.192361 0.071094 0.079167
0 0.158203 0.600000 0.058594 0.102778
0 0.239063 0.434722 0.054688 0.122222
0 0.145313 0.195139 0.040625 0.087500
0 0.603516 0.075694 0.064844 0.090278
0 0.281641 0.643056 0.071094 0.097222
0 0.391406 0.605556 0.065625 0.119444
0 0.636719 0.106944 0.062500 0.108333
0 0.589063 0.140278 0.060937 0.094444
0 0.248438 0.311806 0.057813 0.151389
0 0.354297 0.677778 0.082031 0.100000
0 0.886719 0.404167 0.060937 0.111111
0 0.139844 0.913194 0.068750 0.068056
0 0.305859 0.147222 0.058594 0.086111
0 0.224609 0.252083 0.064844 0.070833
0 0.191797 0.829167 0.039844 0.083333
0 0.232422 0.835417 0.060156 0.073611
0 0.855078 0.309028 0.047656 0.104167
0 0.476562 0.490972 0.062500 0.087500
0 0.135547 0.516667 0.041406 0.119444
0 0.205469 0.357639 0.050000 0.090278
0 0.303906 0.434722 0.053125 0.136111
