0 0.819531 0.137500 0.085938 0.108333
0 0.225781 0.286111 0.062500 0.133333
0 0.146094 0.279167 0.071875 0.111111
0 0.153906 0.521528 0.070312 0.101389
0 0.612500 0.527083 0.065625 0.123611
0 0.581250 0.807639 0.087500 0.087500
0 0.790625 0.371528 0.073438 0.104167
0 0.790625 0.777778 0.042188 0.141667
0 0.887500 0.279861 0.050000 0.129167
0 0.685547 0.293750 0.092969 0.095833
0 0.132812 0.562500 0.034375 0.094444
0 0.610938 0.652083 0.053125 0.145833
0 0.847656 0.741667 0.053125 0.138889
0 0.392969 0.077083 0.073438 0.129167
0 0.848437 0.231944 0.054688 0.138889
0 0.882422 0.579167 0.060156 0.105556
0 0.144141 0.189583 0.058594 0.123611
0 0.221094 0.595833 0.064062 0.119444
0 0.467578 0.496528 0.077344 0.112500
0 0.749219 0.791667 0.043750 0.105556
