0 0.326953 0.772222 0.047656 0.136111
0 0.394922 0.777083 0.057031 0.106944
0 0.209375 0.615972 0.057813 0.098611
0 0.257422 0.739583 0.047656 0.079167
0 0.291016 0.634028 0.078906 0.090278
0 0.251563 0.484028 0.053125 0.120833
0 0.311719 0.295833 0.076563 0.105556
0 0.448828 0.554167 0.067969 0.108333
0 0.174219 0.311806 0.053125 0.106944
0 0.257422 0.215972 0.055469 0.148611
0 0.207813 0.190972 0.045312 0.084722
0 0.152734 0.050000 0.042969 0.066667
0 0.166016 0.094444 0.044531 0.125000
0 0.216016 0.070833 0.050781 0.108333
0 0.268750 0.106944 0.092188 0.097222
0 0.314453 0.063194 0.053906 0.123611
0 0.398438 0.233333 0.078125 0.138889
0 0.510938 0.221528 0.064062 0.168056
0 0.578125 0.234722 0.056250 0.152778
0 0.676172 0.061111 0.049219 0.094444
0 0.650391 0.472222 0.058594 0.119444
0 0.780469 0.426389 0.070312 0.086111
0 0.693750 0.588889 0.062500 0.091667
0 0.617188 0.693750 0.062500 0.065278
0 0.802734 0.813889 0.044531 0.069444
0 0.847266 0.797222 0.047656 0.077778
