0 0.456827 0.0498961 0.0855095 0.0997922
0 0.624889 0.142904 0.0855037 0.109414
0 0.521019 0.388277 0.0948647 0.118915
0 0.681388 0.534335 0.0861971 0.132223
0 0.139123 0.633154 0.0561537 0.135806
0 0.201085 0.701298 0.0611885 0.0925634
0 0.681963 0.360211 0.0945194 0.110753
0 0.154414 0.267661 0.0631226 0.110471
0 0.358318 0.148751 0.0571073 0.154833
0 0.585638 0.337786 0.0690441 0.0812115
0 0.366968 0.57464 0.0665682 0.114732
0 0.331203 0.510846 0.0542686 0.151552
0 0.816011 0.223999 0.0647854 0.118973
0 0.218323 0.0573597 0.0558536 0.114719
0 0.295094 0.138998 0.080695 0.108252
0 0.743875 0.53469 0.0594996 0.11445
0 0.129818 0.152952 0.0488688 0.116589
0 0.445972 0.487688 0.0619434 0.135788
0 0.284946 0.46557 0.0590303 0.137379
0 0.128271 0.500206 0.0441201 0.102951
0 0.236077 0.632647 0.0586966 0.12095
0 0.175824 0.525815 0.0527252 0.118992
0 0.320587 0.0405398 0.0680759 0.0810795
