0 0.451172 0.649306 0.080469 0.081944
0 0.310937 0.443056 0.054688 0.111111
0 0.134375 0.500694 0.056250 0.093056
0 0.675000 0.131250 0.045312 0.137500
0 0.701953 0.454861 0.071094 0.109722
0 0.860938 0.443750 0.064062 0.095833
0 0.163672 0.593750 0.050781 0.081944
0 0.346875 0.829167 0.059375 0.111111
0 0.182422 0.416667 0.063281 0.083333
0 0.179297 0.677083 0.047656 0.112500
0 0.623828 0.200694 0.066406 0.106944
0 0.408984 0.720833 0.086719 0.086111
0 0.661328 0.073611 0.064844 0.080556
0 0.150781 0.382639 0.051562 0.106944
0 0.859766 0.184028 0.042969 0.095833
0 0.298438 0.582639 0.054688 0.131944
0 0.569922 0.495833 0.052344 0.100000
0 0.244141 0.815972 0.038281 0.112500
0 0.458594 0.799306 0.060937 0.101389
0 0.357031 0.443750 0.035937 0.123611
0 0.614453 0.098611 0.060156 0.075000
0 0.607031 0.366667 0.079687 0.091667
0 0.348047 0.202778 0.083594 0.133333
0 0.256641 0.536806 0.053906 0.143056
0 0.666016 0.734722 0.057031 0.083333
0 0.165625 0.140278 0.050000 0.077778
