0 0.378463 0.0732491 0.0631951 0.146498
0 0.234031 0.230829 0.0510028 0.15344
0 0.666616 0.527969 0.0753099 0.136401
0 0.357779 0.511143 0.0615265 0.122691
0 0.47721 0.424494 0.0582098 0.138327
0 0.691077 0.663779 0.0547471 0.147488
0 0.285284 0.47354 0.0662886 0.118818
0 0.299226 0.639069 0.0781272 0.0967061
0 0.675855 0.358301 0.0934452 0.108917
0 0.499745 0.1268 0.0692503 0.144934
0 0.240822 0.0236867 0.0669065 0.0473734
0 0.561941 0.495533 0.0588266 0.169919
0 0.345273 0.342607 0.0865388 0.104611
0 0.740474 0.540083 0.0638344 0.121728
0 0.15136 0.160254 0.0485662 0.123595
0 0.294096 0.735927 0.0633698 0.0873372
0 0.272906 0.282624 0.0636875 0.113282
0 0.146383 0.629572 0.054272 0.131024
0 0.233216 0.0890934 0.0589374 0.129826
0 0.137074 0.349927 0.0568856 0.0895087
0 0.321159 0.0747042 0.0663106 0.108837
0 0.19593 0.677905 0.0444195 0.0953574
0 0.327924 0.586942 0.0524638 0.142049
