1,1,397.2,69.17,76.54000000000002,65.48,1,1,1.0
1,2,440.57,21.71,80.37000000000006,57.410000000000004,1,1,1.0
1,3,148.81,120.18,75.9,47.079999999999984,1,1,1.0
1,4,190.55,142.72,85.67000000000002,61.94,1,1,1.0
1,5,158.64,177.78,58.85000000000002,58.859999999999985,1,1,1.0
1,6,163.34,232.72,63.56999999999999,58.859999999999985,1,1,1.0
1,7,107.62,305.7,46.31,76.91000000000003,1,1,1.0
1,8,162.56,328.46,50.22999999999999,77.70000000000005,1,1,1.0
1,9,280.84,550.27,68.04000000000002,49.200000000000045,1,1,1.0
1,10,435.76,535.62,61.75999999999999,79.54999999999995,1,1,1.0
1,11,497.6,636.19,81.36000000000001,61.40999999999997,1,1,1.0
1,12,426.27,640.65,77.89000000000004,54.89999999999998,1,1,1.0
1,13,544.19,475.16,50.83999999999992,80.71999999999997,1,1,1.0
1,14,563.37,453.75,63.32000000000005,56.639999999999986,1,1,1.0
1,15,610.19,445.28,60.20999999999992,37.460000000000036,1,1,1.0
1,16,673.96,454.2,82.05999999999995,40.139999999999986,1,1,1.0
1,17,705.18,393.55,63.770000000000095,74.92000000000002,1,1,1.0
1,18,751.56,391.32,64.22000000000003,74.48000000000002,1,1,1.0
1,19,756.47,467.13,51.27999999999997,66.89999999999998,1,1,1.0
1,20,789.02,542.5,74.92000000000007,45.92999999999995,1,1,1.0
1,21,842.59,377.8,54.120000000000005,86.67000000000002,1,1,1.0
1,22,1005.08,617.12,41.44999999999993,64.88999999999999,1,1,1.0
1,23,974.44,449.51,47.75999999999999,85.61000000000001,1,1,1.0
1,24,1053.9,343.2,60.3599999999999,80.94,1,1,1.0
1,25,1054.65,142.43,47.57999999999993,76.20999999999998,1,1,1.0
1,26,1091.66,50.81,38.319999999999936,66.07,1,1,1.0
1,27,933.08,32.31,47.569999999999936,54.620000000000005,1,1,1.0
1,28,906.65,0.0,47.129999999999995,85.61,1,1,1.0
2,1,396.27,72.66,82.53000000000003,60.879999999999995,1,1,1.0
2,2,441.56,19.53,74.69999999999999,62.61,1,1,1.0
2,3,145.3,120.18,79.41,49.31999999999999,1,1,1.0
2,4,202.02,136.98,77.9,69.32000000000002,1,1,1.0
2,5,158.64,173.89,56.59,62.75,1,1,1.0
2,6,144.6,243.39,86.51000000000002,51.410000000000025,1,1,1.0
2,7,118.0,294.07,45.620000000000005,86.63,1,1,1.0
2,8,148.3,328.46,64.48999999999998,64.14000000000004,1,1,1.0
2,9,283.0,543.37,56.80000000000001,56.129999999999995,1,1,1.0
2,10,435.8,535.62,61.71999999999997,90.77999999999997,1,1,1.0
2,11,497.6,636.19,93.89999999999998,61.809999999999945,1,1,1.0
2,12,427.71,642.47,76.45000000000005,53.07999999999993,1,1,1.0
2,13,543.3,458.3,51.73000000000002,97.57999999999998,1,1,1.0
2,14,555.51,452.18,69.09000000000003,53.110000000000014,1,1,1.0
2,15,607.71,445.81,62.14999999999998,37.579999999999984,1,1,1.0
2,16,669.65,460.24,82.05000000000007,40.139999999999986,1,1,1.0
2,17,705.61,395.71,63.76999999999998,74.92000000000002,1,1,1.0
2,18,751.56,391.32,72.44000000000005,79.18,1,1,1.0
2,19,756.47,468.59,51.39999999999998,65.44,1,1,1.0
2,20,789.02,542.5,77.53999999999996,44.620000000000005,1,1,1.0
2,21,842.19,378.32,54.11999999999989,86.67000000000002,1,1,1.0
2,22,1005.04,617.38,41.460000000000036,64.88,1,1,1.0
2,23,974.44,451.47,46.32999999999993,83.64999999999998,1,1,1.0
2,24,1031.89,305.66,66.80999999999995,74.03999999999996,1,1,1.0
2,25,1055.05,142.43,47.569999999999936,76.20999999999998,1,1,1.0
2,26,1091.66,50.15,38.319999999999936,66.08000000000001,1,1,1.0
2,27,940.28,33.24,52.55000000000007,50.02,1,1,1.0
2,28,906.65,0.94,47.129999999999995,85.01,1,1,1.0
3,1,395.34,76.16,88.53000000000003,56.27000000000001,1,1,1.0
3,2,442.55,17.35,69.02999999999997,67.82,1,1,1.0
3,3,145.3,120.18,79.70999999999998,53.31999999999999,1,1,1.0
3,4,213.48,131.24,70.13000000000002,76.69,1,1,1.0
3,5,158.64,169.99,54.32000000000002,66.64999999999998,1,1,1.0
3,6,143.25,242.93,78.16,53.670000000000016,1,1,1.0
3,7,110.78,287.97,54.18000000000001,69.27999999999997,1,1,1.0
3,8,152.14,330.73,64.25,66.38,1,1,1.0
3,9,288.43,439.56,62.21999999999997,65.04000000000002,1,1,1.0
3,10,434.23,532.48,61.71999999999997,90.77999999999997,1,1,1.0
3,11,456.94,620.87,96.06,53.77999999999997,1,1,1.0
3,12,429.16,644.28,75.0,51.26999999999998,1,1,1.0
3,13,541.92,473.23,54.30000000000007,86.15999999999997,1,1,1.0
3,14,547.66,450.61,74.84000000000003,49.589999999999975,1,1,1.0
3,15,605.22,446.33,64.11000000000001,37.72000000000003,1,1,1.0
3,16,661.01,454.15,83.24000000000001,41.89000000000004,1,1,1.0
3,17,705.61,395.71,68.67999999999995,72.35000000000002,1,1,1.0
3,18,751.95,391.32,70.29999999999995,76.82999999999998,1,1,1.0
3,19,756.47,470.04,51.50999999999999,63.98999999999995,1,1,1.0
3,20,789.02,542.5,80.15999999999997,43.309999999999945,1,1,1.0
3,21,841.8,378.85,54.120000000000005,86.65999999999997,1,1,1.0
3,22,1005.01,617.63,41.450000000000045,64.88,1,1,1.0
3,23,974.44,453.44,44.889999999999986,81.68,1,1,1.0
3,24,1039.55,258.53,54.450000000000045,82.48000000000002,1,1,1.0
3,25,1055.44,142.43,47.569999999999936,76.20999999999998,1,1,1.0
3,26,1091.66,49.5,38.319999999999936,66.07,1,1,1.0
3,27,947.48,34.17,57.539999999999964,45.42999999999999,1,1,1.0
3,28,906.65,1.88,47.139999999999986,84.42,1,1,1.0
4,1,394.41,79.66,94.51999999999998,51.650000000000006,1,1,1.0
4,2,443.54,15.17,63.35999999999996,73.03,1,1,1.0
4,3,145.3,120.18,80.0,57.31999999999999,1,1,1.0
4,4,224.95,125.5,62.35000000000002,84.07,1,1,1.0
4,5,158.63,166.1,52.06999999999999,70.53999999999999,1,1,1.0
4,6,141.89,242.48,69.81,55.91999999999999,1,1,1.0
4,7,103.56,281.88,62.74000000000001,51.920000000000016,1,1,1.0
4,8,155.97,333.0,64.03,68.63,1,1,1.0
4,9,293.87,335.76,67.63,73.94,1,1,1.0
4,10,432.66,529.33,61.71999999999997,90.77999999999997,1,1,1.0
4,11,416.29,605.55,98.20999999999998,45.75,1,1,1.0
4,12,430.6,646.1,73.56,49.44999999999993,1,1,1.0
4,13,540.55,488.15,56.85000000000002,74.75,1,1,1.0
4,14,539.8,449.04,80.60000000000002,46.06,1,1,1.0
4,15,602.73,446.85,66.06999999999994,37.849999999999966,1,1,1.0
4,16,652.37,448.06,84.42999999999995,43.639999999999986,1,1,1.0
4,17,705.61,395.71,73.59000000000003,69.79000000000002,1,1,1.0
4,18,752.35,391.32,68.14999999999998,74.48000000000002,1,1,1.0
4,19,756.47,471.5,51.629999999999995,62.52999999999997,1,1,1.0
4,20,789.02,542.5,82.77999999999997,42.0,1,1,1.0
4,21,841.41,379.37,54.120000000000005,86.67000000000002,1,1,1.0
4,22,1004.97,617.88,41.460000000000036,64.88,1,1,1.0
4,23,974.44,455.4,43.45999999999992,79.72000000000003,1,1,1.0
4,24,1047.21,211.4,42.08999999999992,90.91999999999999,1,1,1.0
4,25,1055.83,142.43,47.580000000000155,76.20999999999998,1,1,1.0
4,26,1091.66,48.84,38.319999999999936,66.08,1,1,1.0
4,27,954.68,35.1,62.520000000000095,40.830000000000005,1,1,1.0
4,28,906.65,2.81,47.139999999999986,83.84,1,1,1.0
5,1,425.7,83.16,100.51000000000005,47.03999999999999,1,1,1.0
5,2,464.03,15.7,46.370000000000005,78.5,1,1,1.0
5,3,190.19,178.46,54.00999999999999,99.84,1,1,1.0
5,4,322.73,181.0,82.07,124.19999999999999,1,1,1.0
5,5,125.55,159.01,42.64999999999999,72.89000000000001,1,1,1.0
5,6,113.54,227.52,69.80999999999999,55.91999999999999,1,1,1.0
5,7,138.53,473.54,89.27000000000001,78.45999999999998,1,1,1.0
5,8,160.62,381.25,51.78,61.05000000000001,1,1,1.0
5,9,236.9,319.48,75.20000000000002,75.12,1,1,1.0
5,10,439.2,580.6,83.38000000000005,63.39999999999998,1,1,1.0
5,11,347.14,610.4,96.06,68.12,1,1,1.0
5,12,437.21,646.1,73.55000000000001,49.44999999999993,1,1,1.0
5,13,545.44,491.41,50.3599999999999,68.58999999999997,1,1,1.0
5,14,551.6,448.2,76.13999999999999,50.160000000000025,1,1,1.0
5,15,603.14,447.26,74.65999999999997,52.04000000000002,1,1,1.0
5,16,656.03,448.06,79.97000000000003,42.839999999999975,1,1,1.0
5,17,705.61,395.71,73.0,70.13,1,1,1.0
5,18,752.35,391.02,66.75,74.78000000000003,1,1,1.0
5,19,748.7,476.8,57.3599999999999,51.49999999999994,1,1,1.0
5,20,804.92,545.76,81.98000000000002,44.440000000000055,1,1,1.0
5,21,855.66,378.92,71.49000000000001,76.44,1,1,1.0
5,22,1004.94,618.13,41.450000000000045,64.88,1,1,1.0
5,23,968.16,473.3,44.139999999999986,69.07,1,1,1.0
5,24,1034.92,105.32,59.649999999999864,77.92000000000002,1,1,1.0
5,25,1064.1,141.92,52.49000000000001,84.18,1,1,1.0
5,26,1091.42,49.25,38.32999999999993,66.08,1,1,1.0
5,27,949.73,27.1,57.069999999999936,43.63999999999999,1,1,1.0
5,28,906.65,3.75,47.139999999999986,83.25,1,1,1.0
6,1,574.46,81.32,100.51999999999998,47.04000000000002,1,1,1.0
6,2,472.75,7.0,44.049999999999955,90.41,1,1,1.0
6,3,187.71,180.0,52.98999999999998,89.35000000000002,1,1,1.0
6,4,337.57,221.82,67.23000000000002,108.07999999999998,1,1,1.0
6,5,144.9,144.6,63.099999999999994,60.5,1,1,1.0
6,6,116.87,227.73,65.44,57.78999999999999,1,1,1.0
6,7,276.8,504.1,71.80000000000001,97.38999999999999,1,1,1.0
6,8,164.66,363.6,61.34,51.44999999999999,1,1,1.0
6,9,179.77,273.23,87.42999999999998,56.06999999999999,1,1,1.0
6,10,679.06,525.97,92.74000000000001,64.23000000000002,1,1,1.0
6,11,238.28,193.49,75.02000000000001,68.11000000000001,1,1,1.0
6,12,440.51,645.48,73.56000000000006,49.44999999999993,1,1,1.0
6,13,617.14,493.97,45.25999999999999,81.42999999999995,1,1,1.0
6,14,548.92,449.03,76.13999999999999,50.160000000000025,1,1,1.0
6,15,603.14,447.26,76.90999999999997,54.84000000000003,1,1,1.0
6,16,668.28,444.17,67.42000000000007,57.879999999999995,1,1,1.0
6,17,705.61,395.71,72.41999999999996,70.48000000000002,1,1,1.0
6,18,752.35,390.71,65.35000000000002,75.09000000000003,1,1,1.0
6,19,751.76,478.75,57.360000000000014,51.5,1,1,1.0
6,20,823.46,559.17,55.74000000000001,77.23000000000002,1,1,1.0
6,21,869.91,378.48,88.87,66.19999999999999,1,1,1.0
6,22,1004.9,618.38,41.44999999999993,64.88,1,1,1.0
6,23,968.16,474.95,47.49000000000001,67.42000000000002,1,1,1.0
6,24,1057.7,98.67,68.68000000000006,57.52999999999999,1,1,1.0
6,25,1058.1,145.79,67.6400000000001,64.46000000000001,1,1,1.0
6,26,1091.19,49.66,38.319999999999936,66.08,1,1,1.0
6,27,951.13,25.69,57.08000000000004,43.64,1,1,1.0
6,28,906.65,4.69,47.14999999999998,82.66,1,1,1.0
7,1,969.25,167.68,71.04999999999995,68.32,1,1,1.0
7,2,462.0,7.0,64.10000000000002,71.8,1,1,1.0
7,3,187.71,180.0,50.889999999999986,85.19999999999999,1,1,1.0
7,4,337.57,221.82,70.13,92.28000000000003,1,1,1.0
7,5,151.5,149.6,56.5,55.5,1,1,1.0
7,6,120.2,227.93,61.07000000000001,59.670000000000016,1,1,1.0
7,7,804.52,309.0,98.48000000000002,52.0,1,1,1.0
7,8,160.98,356.98,61.34,51.44999999999999,1,1,1.0
7,9,161.52,272.8,59.67999999999998,66.45999999999998,1,1,1.0
7,10,949.03,568.3,87.17000000000007,51.960000000000036,1,1,1.0
7,11,223.76,137.07,52.639999999999986,100.43,1,1,1.0
7,12,443.81,644.86,73.56,49.44999999999993,1,1,1.0
7,13,617.7,495.6,52.5,75.35000000000002,1,1,1.0
7,14,546.23,449.85,76.13999999999999,50.15999999999997,1,1,1.0
7,15,603.14,447.26,79.15999999999997,57.639999999999986,1,1,1.0
7,16,680.53,440.27,54.870000000000005,72.93000000000006,1,1,1.0
7,17,705.61,395.71,71.83000000000004,70.82,1,1,1.0
7,18,752.35,390.41,63.94999999999993,75.38999999999999,1,1,1.0
7,19,754.82,480.7,57.3599999999999,51.50000000000006,1,1,1.0
7,20,850.74,585.89,68.55999999999995,61.110000000000014,1,1,1.0
7,21,884.16,378.03,106.24000000000001,55.97000000000003,1,1,1.0
7,22,1004.86,618.63,41.45999999999992,64.88,1,1,1.0
7,23,968.16,476.6,50.84000000000003,65.76999999999998,1,1,1.0
7,24,1065.44,85.3,46.159999999999854,75.10000000000001,1,1,1.0
7,25,1052.1,149.66,82.7800000000002,44.74000000000001,1,1,1.0
7,26,1090.95,50.07,38.32999999999993,66.08000000000001,1,1,1.0
7,27,952.54,24.29,57.07000000000005,43.63,1,1,1.0
7,28,906.65,5.63,47.14999999999998,82.07000000000001,1,1,1.0
8,1,968.1,168.99,71.06000000000006,68.32,1,1,1.0
8,2,457.45,7.0,68.65000000000003,71.8,1,1,1.0
8,3,181.56,181.82,49.74000000000001,93.63,1,1,1.0
8,4,337.57,216.25,70.13,92.26999999999998,1,1,1.0
8,5,150.26,155.79,56.5,55.5,1,1,1.0
8,6,122.1,265.1,48.02000000000001,90.59999999999997,1,1,1.0
8,7,951.33,310.24,98.4799999999999,52.0,1,1,1.0
8,8,160.98,347.7,60.120000000000005,60.73000000000002,1,1,1.0
8,9,165.24,275.3,57.16,82.53999999999996,1,1,1.0
8,10,968.41,572.13,87.17999999999995,51.960000000000036,1,1,1.0
8,11,200.84,104.24,76.16,76.86,1,1,1.0
8,12,447.12,644.24,73.54999999999995,49.450000000000045,1,1,1.0
8,13,617.7,495.6,43.19999999999993,71.60000000000002,1,1,1.0
8,14,543.55,450.68,76.1400000000001,50.15999999999997,1,1,1.0
8,15,617.38,452.83,64.91999999999996,48.97000000000003,1,1,1.0
8,16,685.48,435.94,54.879999999999995,72.92000000000002,1,1,1.0
8,17,705.61,395.71,71.25,71.16000000000003,1,1,1.0
8,18,752.35,390.1,62.549999999999955,75.69999999999999,1,1,1.0
8,19,754.38,474.76,54.940000000000055,59.860000000000014,1,1,1.0
8,20,870.56,577.83,97.6400000000001,42.569999999999936,1,1,1.0
8,21,904.6,378.03,95.69999999999993,59.670000000000016,1,1,1.0
8,22,1004.83,618.88,41.44999999999993,64.88,1,1,1.0
8,23,968.16,468.05,50.389999999999986,71.60999999999996,1,1,1.0
8,24,1059.9,85.92,47.98000000000002,81.88000000000001,1,1,1.0
8,25,1065.73,159.57,78.47000000000003,57.73000000000002,1,1,1.0
8,26,1090.72,50.48,38.319999999999936,66.08000000000001,1,1,1.0
8,27,952.54,24.29,59.90000000000009,43.62,1,1,1.0
8,28,906.65,3.36,45.89999999999998,84.34,1,1,1.0
9,1,966.96,170.29,71.04999999999995,68.32000000000002,1,1,1.0
9,2,452.9,7.0,73.20000000000005,71.8,1,1,1.0
9,3,175.41,183.65,48.59,102.04999999999998,1,1,1.0
9,4,290.64,222.17,100.66000000000003,58.53,1,1,1.0
9,5,150.26,154.4,56.51000000000002,56.889999999999986,1,1,1.0
9,6,125.29,276.0,67.21,67.85000000000002,1,1,1.0
9,7,1086.79,282.6,74.41000000000008,49.539999999999964,1,1,1.0
9,8,155.49,347.39,60.120000000000005,60.74000000000001,1,1,1.0
9,9,176.63,275.3,48.47,73.89999999999998,1,1,1.0
9,10,987.8,575.96,87.18000000000006,51.95999999999992,1,1,1.0
9,11,211.32,91.94,64.28000000000003,91.86000000000001,1,1,1.0
9,12,448.84,644.24,71.82999999999998,51.85000000000002,1,1,1.0
9,13,626.23,492.07,56.5,68.22999999999996,1,1,1.0
9,14,530.99,446.05,80.10000000000002,46.870000000000005,1,1,1.0
9,15,619.16,452.29,60.430000000000064,46.50999999999999,1,1,1.0
9,16,674.58,444.86,64.14999999999998,62.370000000000005,1,1,1.0
9,17,705.61,395.71,70.65999999999997,71.5,1,1,1.0
9,18,752.35,390.1,61.319999999999936,76.92999999999995,1,1,1.0
9,19,753.94,468.83,52.51999999999998,68.20999999999998,1,1,1.0
9,20,957.58,532.7,78.71999999999991,49.379999999999995,1,1,1.0
9,21,953.26,381.55,95.71000000000004,59.65999999999997,1,1,1.0
9,22,1004.79,619.13,41.460000000000036,64.88,1,1,1.0
9,23,968.16,459.5,49.940000000000055,77.45000000000005,1,1,1.0
9,24,1059.48,85.71,47.98000000000002,81.88000000000001,1,1,1.0
9,25,1063.72,156.05,70.98000000000002,65.75,1,1,1.0
9,26,1090.49,50.89,38.319999999999936,66.08,1,1,1.0
9,27,952.54,24.29,62.73000000000002,43.62,1,1,1.0
9,28,906.65,1.1,44.64999999999998,86.60000000000001,1,1,1.0
10,1,965.82,171.6,71.04999999999984,68.32,1,1,1.0
10,2,458.12,7.0,79.73000000000002,65.25,1,1,1.0
10,3,178.93,191.64,48.599999999999994,102.05000000000001,1,1,1.0
10,4,272.94,228.3,62.860000000000014,99.69,1,1,1.0
10,5,150.26,153.0,56.52000000000001,58.28999999999999,1,1,1.0
10,6,125.9,294.0,67.21000000000001,67.85000000000002,1,1,1.0
10,7,1113.29,269.1,64.50999999999999,64.48999999999995,1,1,1.0
10,8,150.0,347.09,60.120000000000005,60.73000000000002,1,1,1.0
10,9,203.17,328.99,54.53,79.70999999999998,1,1,1.0
10,10,997.72,569.35,63.37999999999988,44.64999999999998,1,1,1.0
10,11,211.71,91.89,64.03999999999999,92.49999999999999,1,1,1.0
10,12,450.57,644.24,70.09999999999997,54.25999999999999,1,1,1.0
10,13,634.77,488.55,69.80000000000007,64.84999999999997,1,1,1.0
10,14,518.43,441.42,84.07000000000005,43.579999999999984,1,1,1.0
10,15,620.93,451.75,55.950000000000045,44.05000000000001,1,1,1.0
10,16,663.67,453.78,73.43000000000006,51.82000000000005,1,1,1.0
10,17,705.61,395.71,70.08000000000004,71.85000000000002,1,1,1.0
10,18,752.35,390.1,60.07999999999993,78.16999999999996,1,1,1.0
10,19,753.5,462.9,50.10000000000002,76.57000000000005,1,1,1.0
10,20,976.09,530.7,69.50999999999988,44.1099999999999,1,1,1.0
10,21,978.38,382.21,73.21999999999991,70.89000000000004,1,1,1.0
10,22,1004.76,619.38,41.450000000000045,64.88,1,1,1.0
10,23,968.16,464.8,47.940000000000055,72.15000000000003,1,1,1.0
10,24,1059.06,85.5,47.98000000000002,81.88,1,1,1.0
10,25,1069.61,156.05,70.6400000000001,64.75,1,1,1.0
10,26,1090.25,51.3,38.319999999999936,66.08,1,1,1.0
10,27,952.54,24.29,65.56000000000006,43.61000000000001,1,1,1.0
10,28,906.65,4.4,44.64999999999998,83.3,1,1,1.0
11,1,964.68,172.9,71.05000000000007,68.32,1,1,1.0
11,2,463.34,7.0,86.26000000000005,58.7,1,1,1.0
11,3,182.46,199.63,48.59,102.05000000000001,1,1,1.0
11,4,303.07,406.3,62.85000000000002,99.69,1,1,1.0
11,5,150.26,151.6,56.53,59.69,1,1,1.0
11,6,124.14,297.88,68.61999999999999,62.55000000000001,1,1,1.0
11,7,1103.5,278.9,58.0,65.13,1,1,1.0
11,8,154.75,350.52,52.83000000000001,58.53000000000003,1,1,1.0
11,9,202.11,335.69,67.58999999999997,69.11000000000001,1,1,1.0
11,10,999.71,569.21,67.19000000000005,45.18999999999994,1,1,1.0
11,11,212.11,91.84,63.789999999999964,93.13999999999999,1,1,1.0
11,12,452.3,644.24,68.36999999999995,56.65999999999997,1,1,1.0
11,13,643.3,485.02,83.10000000000002,61.48000000000002,1,1,1.0
11,14,508.26,410.5,50.34000000000003,73.27999999999997,1,1,1.0
11,15,622.7,451.21,51.45999999999992,41.59000000000003,1,1,1.0
11,16,659.6,439.14,73.42999999999995,51.81,1,1,1.0
11,17,705.61,395.71,69.49000000000001,72.19,1,1,1.0
11,18,752.35,390.1,58.85000000000002,79.39999999999998,1,1,1.0
11,19,752.9,463.14,51.97000000000003,75.30000000000007,1,1,1.0
11,20,985.23,520.3,66.86999999999989,51.24000000000001,1,1,1.0
11,21,978.38,382.21,80.41999999999996,68.29000000000002,1,1,1.0
11,22,1004.72,619.63,41.450000000000045,64.88,1,1,1.0
11,23,975.99,442.61,46.00999999999999,90.38999999999999,1,1,1.0
11,24,1058.64,85.29,47.97999999999979,81.87999999999998,1,1,1.0
11,25,1075.5,156.05,70.29999999999995,63.75,1,1,1.0
11,26,1090.02,51.71,38.319999999999936,66.08000000000001,1,1,1.0
11,27,952.54,24.29,55.75999999999999,48.809999999999995,1,1,1.0
11,28,906.65,7.7,44.64999999999998,80.0,1,1,1.0
12,1,978.89,202.75,60.81000000000006,58.05000000000001,1,1,0.0
12,2,465.42,7.0,86.25999999999993,58.7,1,1,1.0
12,3,185.98,207.62,48.60000000000002,102.06,1,1,1.0
12,4,320.7,490.22,56.5,116.57999999999993,1,1,1.0
12,5,150.26,150.2,56.54000000000002,61.09,1,1,1.0
12,6,122.37,301.76,70.03,57.24000000000001,1,1,1.0
12,7,1105.3,281.6,53.799999999999955,65.44,1,1,1.0
12,8,159.5,353.94,45.53999999999999,56.329999999999984,1,1,1.0
12,9,201.06,342.39,80.63999999999999,58.50999999999999,1,1,1.0
12,10,1001.7,569.07,71.0,45.729999999999905,1,1,1.0
12,11,212.5,91.79,63.55000000000001,93.77,1,1,1.0
12,12,449.48,640.01,68.37,56.65999999999997,1,1,1.0
12,13,679.97,481.5,54.23000000000002,76.29999999999995,1,1,1.0
12,14,484.28,416.14,50.34000000000003,73.28000000000003,1,1,1.0
12,15,624.14,452.75,50.40999999999997,42.64999999999998,1,1,1.0
12,16,659.41,441.06,71.99000000000001,52.20999999999998,1,1,1.0
12,17,705.34,395.99,70.96999999999991,71.25999999999999,1,1,1.0
12,18,752.35,390.1,63.120000000000005,79.39999999999998,1,1,1.0
12,19,752.3,463.38,53.83000000000004,74.02999999999997,1,1,1.0
12,20,1002.21,523.7,64.08999999999992,41.6099999999999,1,1,1.0
12,21,978.81,383.92,78.49000000000001,70.22999999999996,1,1,1.0
12,22,1004.69,619.88,41.450000000000045,64.88,1,1,1.0
12,23,975.35,444.97,46.64999999999998,85.23000000000002,1,1,1.0
12,24,1058.21,85.08,47.99000000000001,81.88000000000001,1,1,1.0
12,25,1075.5,156.05,64.29999999999995,58.04999999999998,1,1,1.0
12,26,1089.78,52.12,38.32999999999993,66.08000000000001,1,1,1.0
12,27,952.54,24.29,50.16000000000008,55.410000000000004,1,1,1.0
12,28,906.65,11.0,44.64999999999998,76.7,1,1,1.0
13,1,978.89,197.0,60.31000000000006,83.82,1,1,0.0
13,2,467.5,7.0,86.25999999999999,58.7,1,1,1.0
13,3,129.3,318.0,72.79999999999998,75.54000000000002,1,1,1.0
13,4,308.89,622.2,63.110000000000014,73.89999999999998,1,1,1.0
13,5,150.26,152.73,58.47,58.56,1,1,1.0
13,6,117.73,281.87,51.17,62.52999999999997,1,1,1.0
13,7,1105.52,281.17,55.960000000000036,64.68,1,1,1.0
13,8,164.25,357.37,38.25,54.129999999999995,1,1,1.0
13,9,203.05,346.7,56.75,90.69999999999999,1,1,1.0
13,10,1021.02,562.2,79.57999999999993,51.309999999999945,1,1,1.0
13,11,212.89,91.74,63.31,94.41000000000001,1,1,1.0
13,12,450.54,641.43,68.38999999999993,58.05000000000007,1,1,1.0
13,13,683.4,477.63,54.24000000000001,76.31000000000006,1,1,1.0
13,14,499.68,393.04,50.349999999999966,73.26999999999998,1,1,1.0
13,15,625.58,454.28,49.34999999999991,43.72000000000003,1,1,1.0
13,16,659.22,442.98,70.54999999999995,52.599999999999966,1,1,1.0
13,17,705.07,396.28,72.44999999999993,70.32000000000005,1,1,1.0
13,18,752.35,390.1,67.38,79.39999999999998,1,1,1.0
13,19,751.7,463.62,55.69999999999993,72.76999999999998,1,1,1.0
13,20,997.49,505.2,59.809999999999945,59.68000000000001,1,1,1.0
13,21,979.24,385.64,76.55999999999995,72.16000000000003,1,1,1.0
13,22,1004.65,620.13,41.44999999999993,64.88,1,1,1.0
13,23,974.7,447.33,47.299999999999955,80.07,1,1,1.0
13,24,1057.79,84.87,47.99000000000001,81.88,1,1,1.0
13,25,1075.5,156.05,60.09999999999991,64.85,1,1,1.0
13,26,1089.55,52.53,38.319999999999936,66.08,1,1,1.0
13,27,946.74,25.87,70.75999999999999,40.629999999999995,1,1,1.0
13,28,886.1,17.8,53.60000000000002,88.34,1,1,1.0
14,1,962.9,197.0,76.30000000000007,56.400000000000006,1,1,1.0
14,2,477.43,7.0,86.24999999999994,58.7,1,1,1.0
14,3,117.96,337.8,54.34000000000002,76.28999999999996,1,1,1.0
14,4,315.26,623.6,58.139999999999986,82.41999999999996,1,1,1.0
14,5,150.26,155.27,60.41,56.01999999999998,1,1,1.0
14,6,119.86,245.7,61.040000000000006,85.23000000000002,1,1,1.0
14,7,1105.74,280.73,58.12999999999988,63.91999999999996,1,1,1.0
14,8,172.05,348.15,46.75,66.85000000000002,1,1,1.0
14,9,268.25,481.36,52.55000000000001,77.93999999999994,1,1,1.0
14,10,1033.07,539.5,66.83000000000015,72.60000000000002,1,1,1.0
14,11,213.29,91.69,63.06000000000003,95.05000000000001,1,1,1.0
14,12,451.6,642.85,68.39999999999998,59.44999999999993,1,1,1.0
14,13,683.4,482.95,60.01999999999998,70.99000000000007,1,1,1.0
14,14,503.94,395.87,90.06,53.43000000000001,1,1,1.0
14,15,627.03,455.82,48.29000000000008,44.78000000000003,1,1,1.0
14,16,659.02,444.91,69.11000000000001,52.97999999999996,1,1,1.0
14,17,704.79,396.56,73.94000000000005,69.38,1,1,1.0
14,18,752.35,390.1,71.64999999999998,79.39999999999998,1,1,1.0
14,19,751.1,463.87,57.559999999999945,71.49000000000001,1,1,1.0
14,20,996.25,509.84,65.26999999999998,52.94999999999999,1,1,1.0
14,21,980.66,385.64,77.24000000000012,67.86000000000001,1,1,1.0
14,22,1004.65,620.13,41.60000000000002,64.89999999999998,1,1,1.0
14,23,971.9,450.87,43.72000000000003,75.83000000000004,1,1,1.0
14,24,1057.34,88.36,49.6400000000001,77.02,1,1,1.0
14,25,1075.5,156.05,61.59999999999991,62.54999999999998,1,1,1.0
14,26,1090.01,50.7,38.319999999999936,66.08,1,1,1.0
14,27,946.74,25.87,66.75999999999999,43.17999999999999,1,1,1.0
14,28,887.12,16.61,54.57000000000005,87.92,1,1,1.0
15,1,968.38,190.25,76.30000000000007,56.400000000000006,1,1,1.0
15,2,479.26,7.0,86.25,58.7,1,1,1.0
15,3,120.65,345.43,54.34,76.30000000000001,1,1,1.0
15,4,297.58,641.3,71.52000000000004,61.860000000000014,1,1,1.0
15,5,150.26,157.8,62.34,53.48999999999998,1,1,1.0
15,6,133.32,244.35,61.05000000000001,85.23999999999998,1,1,1.0
15,7,1105.95,280.3,60.299999999999955,63.15999999999997,1,1,1.0
15,8,170.7,345.46,46.75,66.85000000000002,1,1,1.0
15,9,300.27,530.1,60.629999999999995,72.19999999999993,1,1,1.0
15,10,1033.07,539.5,63.430000000000064,71.79999999999995,1,1,1.0
15,11,213.68,91.64,62.81999999999999,95.69000000000001,1,1,1.0
15,12,452.0,642.85,68.0,55.64999999999998,1,1,1.0
15,13,683.4,488.28,65.81000000000006,65.66000000000008,1,1,1.0
15,14,552.4,408.95,75.80000000000007,56.150000000000034,1,1,1.0
15,15,628.47,457.36,47.23000000000002,45.839999999999975,1,1,0.0
15,16,658.83,446.83,67.66999999999996,53.370000000000005,1,1,1.0
15,17,704.52,396.85,75.42000000000007,68.44,1,1,1.0
15,18,757.05,396.68,70.25,72.12,1,1,1.0
15,19,750.5,464.11,59.42999999999995,70.22000000000003,1,1,1.0
15,20,995.0,514.48,70.74000000000001,46.22000000000003,1,1,1.0
15,21,982.77,386.49,78.13000000000011,62.81,1,1,1.0
15,22,1004.65,620.13,41.750000000000114,64.90999999999997,1,1,1.0
15,23,971.48,456.36,43.72000000000003,75.81999999999994,1,1,1.0
15,24,1056.88,91.85,51.309999999999945,72.17000000000002,1,1,1.0
15,25,1075.5,156.05,63.09999999999991,60.25,1,1,1.0
15,26,1090.46,48.87,38.32999999999993,66.07,1,1,1.0
15,27,946.74,25.87,62.75999999999999,45.72999999999999,1,1,1.0
15,28,888.14,15.43,55.52999999999997,87.49000000000001,1,1,1.0
16,1,929.37,199.18,89.42999999999995,47.91999999999999,1,1,1.0
16,2,481.09,7.0,86.25000000000006,58.7,1,1,1.0
16,3,121.55,339.14,54.33999999999999,76.30000000000001,1,1,1.0
16,4,289.76,641.52,77.17000000000002,59.450000000000045,1,1,1.0
16,5,149.28,153.85,64.91999999999999,57.44,1,1,1.0
16,6,133.19,244.12,61.06999999999999,85.46999999999997,1,1,1.0
16,7,1106.17,279.87,62.460000000000036,62.389999999999986,1,1,1.0
16,8,173.18,355.3,50.31999999999999,64.96999999999997,1,1,1.0
16,9,369.98,624.12,47.120000000000005,77.38,1,1,1.0
16,10,1034.95,550.31,63.430000000000064,71.80000000000007,1,1,1.0
16,11,214.07,91.59,62.579999999999984,96.32,1,1,1.0
16,12,452.4,642.85,67.60000000000002,51.85000000000002,1,1,1.0
16,13,683.4,493.6,71.60000000000002,60.34000000000003,1,1,1.0
16,14,559.45,408.95,69.25,66.05000000000001,1,1,1.0
16,15,663.18,459.75,55.510000000000105,49.69999999999999,1,1,0.0
16,16,645.92,447.33,72.44000000000005,48.120000000000005,1,1,1.0
16,17,704.25,397.13,76.89999999999998,67.50999999999999,1,1,1.0
16,18,761.75,403.26,68.85000000000002,64.84000000000003,1,1,1.0
16,19,749.9,464.35,61.30000000000007,68.95999999999992,1,1,1.0
16,20,1001.02,512.89,67.73000000000002,47.27999999999997,1,1,1.0
16,21,982.77,386.49,75.48000000000002,64.24000000000001,1,1,1.0
16,22,1004.65,620.13,41.89999999999998,64.92999999999995,1,1,1.0
16,23,972.09,453.62,43.719999999999914,75.83000000000004,1,1,1.0
16,24,1056.43,95.34,52.960000000000036,67.32,1,1,1.0
16,25,1075.5,156.05,64.34999999999991,60.25,1,1,1.0
16,26,1090.92,47.04,38.319999999999936,66.07,1,1,1.0
16,27,947.07,25.06,60.479999999999905,46.53999999999999,1,1,1.0
16,28,889.16,14.24,56.5,87.07000000000001,1,1,1.0
17,1,912.97,211.3,95.52999999999997,53.420000000000016,1,1,1.0
17,2,482.91,7.0,86.25999999999993,58.7,1,1,1.0
17,3,137.7,330.09,54.34,76.29000000000002,1,1,1.0
17,4,281.93,641.73,82.82,57.059999999999945,1,1,1.0
17,5,148.29,149.9,67.51000000000002,61.389999999999986,1,1,1.0
17,6,133.06,243.88,61.09,85.70999999999998,1,1,1.0
17,7,1106.39,279.43,64.62999999999988,61.639999999999986,1,1,1.0
17,8,174.36,346.2,50.339999999999975,68.17000000000002,1,1,1.0
17,9,371.94,625.09,55.610000000000014,69.90999999999997,1,1,1.0
17,10,1035.56,552.1,75.53999999999996,66.97000000000003,1,1,1.0
17,11,214.47,91.54,62.33000000000001,96.96,1,1,1.0
17,12,444.25,642.85,74.12,51.19999999999993,1,1,1.0
17,13,843.9,512.43,99.45000000000005,60.370000000000005,1,1,1.0
17,14,558.14,408.95,69.25999999999999,66.05000000000001,1,1,1.0
17,15,697.9,462.14,63.76999999999998,53.56000000000006,1,1,1.0
17,16,633.0,447.83,77.21000000000004,42.870000000000005,1,1,1.0
17,17,703.97,397.42,78.38999999999999,66.57,1,1,1.0
17,18,762.73,402.94,64.26999999999998,66.16000000000003,1,1,1.0
17,19,749.3,464.59,63.16000000000008,67.69,1,1,1.0
17,20,1007.05,511.29,64.72000000000003,48.349999999999966,1,1,1.0
17,21,982.77,386.49,72.82999999999993,65.65999999999997,1,1,1.0
17,22,1004.65,620.13,42.05000000000007,64.94000000000005,1,1,1.0
17,23,972.69,450.89,43.729999999999905,75.83000000000004,1,1,1.0
17,24,1055.97,98.84,54.62999999999988,62.46000000000001,1,1,1.0
17,25,1075.5,156.05,65.59999999999991,60.25,1,1,1.0
17,26,1091.38,45.21,38.319999999999936,66.07,1,1,1.0
17,27,947.39,24.25,58.210000000000036,47.349999999999994,1,1,1.0
17,28,890.18,13.05,57.47000000000003,86.65,1,1,1.0
18,1,908.6,207.43,95.04999999999995,55.589999999999975,1,1,1.0
18,2,484.74,7.0,86.25999999999999,58.7,1,1,1.0
18,3,138.77,331.96,54.34,76.30000000000001,1,1,1.0
18,4,274.1,641.95,88.47999999999996,54.64999999999998,1,1,1.0
18,5,158.72,159.68,53.78,61.41999999999999,1,1,1.0
18,6,132.94,243.64,61.099999999999994,85.94999999999999,1,1,1.0
18,7,1106.61,279.0,66.79000000000019,60.870000000000005,1,1,1.0
18,8,173.59,343.24,50.78,71.44999999999999,1,1,1.0
18,9,373.89,626.07,64.11000000000001,62.42999999999995,1,1,1.0
18,10,1035.56,552.1,72.47000000000003,67.54999999999995,1,1,1.0
18,11,214.65,89.02,62.33000000000001,96.95,1,1,1.0
18,12,436.1,642.85,80.63999999999999,50.549999999999955,1,1,1.0
18,13,909.7,456.38,50.59999999999991,98.12,1,1,1.0
18,14,556.84,408.95,69.25,66.05000000000001,1,1,1.0
18,15,724.6,456.93,65.75,38.56999999999999,1,1,1.0
18,16,629.74,439.36,77.21000000000004,42.870000000000005,1,1,1.0
18,17,703.7,397.7,79.87,65.63999999999999,1,1,1.0
18,18,763.7,402.61,59.69999999999993,67.49000000000001,1,1,1.0
18,19,748.7,464.83,65.02999999999997,66.42000000000002,1,1,1.0
18,20,1013.07,509.7,61.70999999999992,49.400000000000034,1,1,1.0
18,21,982.77,386.49,70.18000000000006,67.08999999999997,1,1,1.0
18,22,1004.65,620.13,42.19999999999993,64.96000000000004,1,1,1.0
18,23,972.97,452.29,43.72000000000003,75.82,1,1,1.0
18,24,1055.8,99.83,53.65000000000009,66.91000000000001,1,1,1.0
18,25,1075.5,156.05,66.84999999999991,60.25,1,1,1.0
18,26,1091.84,43.38,38.320000000000164,66.07,1,1,1.0
18,27,947.72,23.44,55.92999999999995,48.16,1,1,1.0
18,28,891.2,11.87,58.42999999999995,86.22,1,1,1.0
19,1,904.23,203.55,94.56999999999994,57.76999999999998,1,1,1.0
19,2,486.57,7.0,86.26000000000005,58.7,1,1,1.0
19,3,139.84,333.84,54.34,76.29000000000002,1,1,1.0
19,4,240.23,637.93,88.49000000000004,54.65000000000009,1,1,1.0
19,5,153.9,155.39,53.78,61.420000000000016,1,1,1.0
19,6,132.81,243.4,61.120000000000005,86.18999999999997,1,1,1.0
19,7,1114.4,237.9,59.69999999999982,65.11999999999998,1,1,1.0
19,8,172.82,340.29,51.21000000000001,74.71999999999997,1,1,1.0
19,9,372.2,627.8,56.620000000000005,64.1400000000001,1,1,1.0
19,10,1035.56,552.1,69.41000000000008,68.12,1,1,1.0
19,11,214.83,86.49,62.33000000000001,96.95,1,1,1.0
19,12,440.32,641.32,78.25000000000006,51.77999999999997,1,1,1.0
19,13,911.4,460.99,49.74000000000001,93.90999999999997,1,1,1.0
19,14,567.69,430.66,78.00999999999999,55.48999999999995,1,1,1.0
19,15,730.03,454.52,65.75,38.56999999999999,1,1,1.0
19,16,629.74,439.36,84.25999999999999,38.639999999999986,1,1,1.0
19,17,703.88,396.63,71.85000000000002,70.62,1,1,1.0
19,18,763.7,402.61,68.89999999999998,67.49000000000001,1,1,1.0
19,19,748.1,465.07,66.89999999999998,65.16000000000003,1,1,1.0
19,20,1019.1,508.1,58.69999999999993,50.47000000000003,1,1,1.0
19,21,982.77,386.49,67.52999999999997,68.50999999999999,1,1,1.0
19,22,1004.65,620.13,42.35000000000002,64.98000000000002,1,1,1.0
19,23,973.25,453.68,43.72000000000003,75.82999999999998,1,1,1.0
19,24,1055.63,100.81,52.659999999999854,71.35999999999999,1,1,1.0
19,25,1075.5,156.05,68.09999999999991,60.25,1,1,1.0
19,26,1092.29,41.55,38.32999999999993,66.07000000000001,1,1,1.0
19,27,948.04,22.63,53.66000000000008,48.97,1,1,1.0
19,28,892.22,10.68,59.39999999999998,85.78999999999999,1,1,1.0
20,1,899.85,199.68,94.10000000000002,59.94,1,1,1.0
20,2,488.4,7.0,86.25999999999999,58.7,1,1,1.0
20,3,144.7,333.84,49.48000000000002,85.36000000000001,1,1,1.0
20,4,213.7,631.3,81.19999999999999,57.10000000000002,1,1,1.0
20,5,153.9,154.8,54.120000000000005,62.00999999999999,1,1,1.0
20,6,132.68,243.16,61.139999999999986,86.42999999999998,1,1,1.0
20,7,1129.49,146.54,38.710000000000036,91.06,1,1,1.0
20,8,172.06,337.33,51.639999999999986,78.0,1,1,1.0
20,9,372.75,629.63,61.0,62.690000000000055,1,1,1.0
20,10,1035.56,552.1,66.34000000000015,68.69999999999993,1,1,1.0
20,11,215.01,83.96,62.329999999999984,96.95,1,1,1.0
20,12,444.54,639.8,75.85999999999996,53.0,1,1,1.0
20,13,913.1,465.6,48.879999999999995,89.69999999999993,1,1,1.0
20,14,578.55,452.37,86.75,44.93000000000001,1,1,1.0
20,15,735.45,452.1,65.75999999999999,38.579999999999984,1,1,1.0
20,16,632.15,414.03,81.85000000000002,59.170000000000016,1,1,1.0
20,17,704.06,395.56,63.82000000000005,75.61000000000001,1,1,1.0
20,18,763.7,402.61,64.69999999999993,66.88999999999999,1,1,1.0
20,19,747.5,465.31,68.75999999999999,63.89000000000004,1,1,1.0
20,20,1019.1,503.1,64.60000000000002,55.47000000000003,1,1,1.0
20,21,982.77,386.49,76.73000000000002,68.50999999999999,1,1,1.0
20,22,1004.65,620.13,42.500000000000114,64.99000000000001,1,1,1.0
20,23,973.53,455.08,43.72000000000003,75.82999999999998,1,1,1.0
20,24,1055.46,101.8,51.680000000000064,75.81000000000002,1,1,1.0
20,25,1073.82,159.41,53.88000000000011,81.19,1,1,1.0
20,26,1092.75,39.72,38.32999999999993,66.07000000000001,1,1,1.0
20,27,948.36,21.82,51.389999999999986,49.779999999999994,1,1,1.0
20,28,893.24,9.49,60.370000000000005,85.37,1,1,1.0
21,1,895.48,195.8,93.62,62.120000000000005,1,1,1.0
21,2,490.23,7.0,86.25999999999999,58.7,1,1,1.0
21,3,143.14,333.84,51.04000000000002,83.61000000000001,1,1,1.0
21,4,206.61,628.78,82.33999999999997,56.42000000000007,1,1,1.0
21,5,153.9,154.21,54.46000000000001,62.599999999999994,1,1,1.0
21,6,132.55,242.92,61.16,86.66999999999999,1,1,1.0
21,7,1102.29,85.34,49.41000000000008,78.46000000000001,1,1,1.0
21,8,171.29,334.37,52.08000000000001,81.29000000000002,1,1,1.0
21,9,373.3,631.46,65.38999999999999,61.23000000000002,1,1,1.0
21,10,1052.68,525.7,57.819999999999936,75.12,1,1,1.0
21,11,215.19,81.43,62.329999999999984,96.95999999999998,1,1,1.0
21,12,447.72,639.8,72.67999999999995,56.15000000000009,1,1,1.0
21,13,909.21,451.98,48.889999999999986,103.31999999999994,1,1,1.0
21,14,559.79,450.76,86.71000000000004,37.94,1,1,1.0
21,15,748.3,452.1,52.91000000000008,44.5,1,1,1.0
21,16,632.69,414.03,88.30999999999995,50.57000000000005,1,1,1.0
21,17,704.24,394.48,55.799999999999955,80.59999999999997,1,1,1.0
21,18,763.7,402.61,66.84999999999991,66.03999999999996,1,1,1.0
21,19,749.2,471.09,67.77999999999997,61.14000000000004,1,1,1.0
21,20,1019.1,492.0,54.999999999999886,66.57000000000005,1,1,1.0
21,21,982.77,386.49,80.63000000000011,63.90999999999997,1,1,1.0
21,22,1004.65,620.13,42.64999999999998,65.00999999999999,1,1,1.0
21,23,974.67,454.98,43.72000000000003,75.82999999999993,1,1,1.0
21,24,1055.29,102.79,50.700000000000045,80.24999999999999,1,1,1.0
21,25,1092.28,209.92,79.12000000000012,54.97999999999999,1,1,1.0
21,26,1093.21,37.89,38.319999999999936,66.07,1,1,1.0
21,27,948.69,21.01,49.1099999999999,50.58999999999999,1,1,1.0
21,28,894.26,8.31,61.33000000000004,84.94,1,1,1.0
22,1,895.48,195.8,99.41999999999996,62.89999999999998,1,1,1.0
22,2,492.06,7.0,86.26000000000005,58.7,1,1,1.0
22,3,141.58,333.84,52.599999999999994,81.86000000000001,1,1,1.0
22,4,199.52,626.27,83.47999999999999,55.73000000000002,1,1,1.0
22,5,153.9,153.62,54.79999999999998,63.19,1,1,1.0
22,6,132.42,242.68,61.18000000000001,86.90999999999997,1,1,1.0
22,7,1030.63,30.98,67.56999999999994,64.42,1,1,1.0
22,8,170.52,331.41,52.50999999999999,84.57,1,1,1.0
22,9,373.85,633.29,69.77999999999997,59.76999999999998,1,1,1.0
22,10,1104.88,426.5,48.919999999999845,91.29999999999995,1,1,1.0
22,11,215.37,78.9,62.329999999999984,96.96000000000001,1,1,1.0
22,12,450.9,639.8,69.5,59.30000000000007,1,1,1.0
22,13,915.85,481.0,71.94999999999993,68.71000000000004,1,1,1.0
22,14,557.98,452.56,86.71000000000004,37.94999999999999,1,1,1.0
22,15,753.85,450.64,59.60000000000002,42.460000000000036,1,1,1.0
22,16,604.7,390.55,87.39999999999998,54.14999999999998,1,1,1.0
22,17,703.03,394.15,58.430000000000064,80.39000000000004,1,1,1.0
22,18,763.7,402.61,69.0,65.19,1,1,1.0
22,19,750.9,476.86,66.81000000000006,58.40999999999997,1,1,1.0
22,20,1019.1,486.15,53.94999999999993,72.42000000000007,1,1,1.0
22,21,982.77,386.49,84.52999999999997,59.31,1,1,1.0
22,22,1004.65,620.13,42.80000000000007,65.01999999999998,1,1,1.0
22,23,975.81,454.88,43.72000000000003,75.83000000000004,1,1,1.0
22,24,1055.12,103.78,49.710000000000036,84.69999999999999,1,1,1.0
22,25,1092.28,209.92,64.01999999999998,56.180000000000035,1,1,1.0
22,26,1093.67,36.06,38.319999999999936,66.07,1,1,1.0
22,27,955.28,26.77,49.120000000000005,62.13000000000001,1,1,1.0
22,28,895.28,7.12,62.30000000000007,84.52,1,1,1.0
23,1,900.49,195.8,94.40999999999997,67.44999999999999,1,1,1.0
23,2,493.89,7.0,86.25999999999999,58.7,1,1,1.0
23,3,140.01,333.84,54.170000000000016,80.11000000000001,1,1,1.0
23,4,192.43,623.75,84.62,55.049999999999955,1,1,1.0
23,5,153.9,153.02,55.139999999999986,63.78999999999999,1,1,1.0
23,6,132.29,242.45,61.20000000000002,87.13999999999999,1,1,1.0
23,7,1028.7,39.5,69.5,55.900000000000006,1,1,1.0
23,8,169.76,328.46,52.94,87.84000000000003,1,1,1.0
23,9,374.4,635.12,74.16000000000003,58.309999999999945,1,1,1.0
23,10,985.18,97.04,58.41999999999996,88.15999999999998,1,1,1.0
23,11,215.37,83.0,70.07999999999998,85.97999999999999,1,1,1.0
23,12,451.69,639.6,68.32,59.69999999999993,1,1,1.0
23,13,920.1,449.22,59.23000000000002,95.17999999999995,1,1,1.0
23,14,575.08,467.98,86.46999999999991,41.06999999999999,1,1,1.0
23,15,759.4,449.18,66.30000000000007,40.420000000000016,1,1,1.0
23,16,621.6,390.55,70.5,53.55000000000001,1,1,1.0
23,17,701.82,393.83,61.069999999999936,80.16000000000003,1,1,1.0
23,18,763.7,402.61,71.14999999999998,64.33999999999997,1,1,1.0
23,19,752.6,482.64,65.82999999999993,55.65999999999997,1,1,1.0
23,20,1019.1,480.3,52.89999999999998,78.27000000000004,1,1,1.0
23,21,982.77,386.49,88.43000000000006,54.70999999999998,1,1,1.0
23,22,1004.65,620.13,42.94999999999993,65.03999999999996,1,1,1.0
23,23,976.95,454.79,43.719999999999914,75.82,1,1,1.0
23,24,1059.72,97.86,49.710000000000036,84.7,1,1,1.0
23,25,1092.28,209.92,60.58999999999992,57.21000000000001,1,1,1.0
23,26,1093.67,27.51,38.32999999999993,70.69,1,1,1.0
23,27,942.79,25.46,49.110000000000014,50.940000000000005,1,1,1.0
23,28,896.3,5.93,63.270000000000095,84.1,1,1,1.0
24,1,905.5,195.8,89.39999999999998,72.0,1,1,1.0
24,2,495.72,7.0,86.25999999999999,58.7,1,1,1.0
24,3,138.45,333.84,55.73000000000002,78.36000000000001,1,1,1.0
24,4,185.35,621.24,85.75000000000003,54.360000000000014,1,1,1.0
24,5,153.9,152.43,55.47999999999999,64.38,1,1,1.0
24,6,132.16,242.21,61.22,87.37999999999997,1,1,1.0
24,7,1030.46,52.49,63.75999999999999,65.38999999999999,1,1,1.0
24,8,167.93,332.12,52.94,87.83999999999997,1,1,0.0
24,9,374.94,636.95,78.56,56.84999999999991,1,1,1.0
24,10,993.36,72.96,58.42999999999995,88.16000000000001,1,1,1.0
24,11,215.37,87.1,77.82999999999998,75.0,1,1,1.0
24,12,452.47,639.41,67.14999999999998,60.09000000000003,1,1,1.0
24,13,920.1,453.29,61.68999999999994,91.10999999999996,1,1,1.0
24,14,592.18,483.39,86.22000000000003,44.210000000000036,1,1,1.0
24,15,761.87,448.48,66.29999999999995,40.40999999999997,1,1,1.0
24,16,618.86,374.09,70.53999999999996,69.11000000000001,1,1,1.0
24,17,700.61,393.5,63.710000000000036,79.94,1,1,1.0
24,18,763.7,402.61,73.29999999999995,63.49000000000001,1,1,1.0
24,19,752.6,482.64,62.819999999999936,55.860000000000014,1,1,1.0
24,20,1018.65,481.4,53.35000000000002,77.73000000000002,1,1,1.0
24,21,982.77,386.49,83.27999999999997,58.81,1,1,1.0
24,22,1004.65,620.13,43.10000000000002,65.04999999999995,1,1,1.0
24,23,978.09,454.69,43.719999999999914,75.82999999999998,1,1,1.0
24,24,1074.92,49.09,49.710000000000036,84.69999999999999,1,1,1.0
24,25,1092.28,209.92,57.15000000000009,58.25000000000003,1,1,1.0
24,26,1089.67,31.51,38.32999999999993,70.69,1,1,1.0
24,27,942.45,27.15,49.1099999999999,50.940000000000005,1,1,1.0
24,28,897.32,4.75,64.2299999999999,83.67,1,1,1.0
25,1,905.5,197.12,89.66999999999996,70.68,1,1,1.0
25,2,495.72,7.0,78.56999999999994,57.75,1,1,1.0
25,3,136.89,333.84,57.29000000000002,76.61000000000001,1,1,1.0
25,4,173.3,617.38,85.75999999999999,54.370000000000005,1,1,1.0
25,5,153.9,151.84,55.81999999999999,64.97,1,1,1.0
25,6,132.03,241.97,61.24000000000001,87.61999999999998,1,1,1.0
25,7,1032.21,65.48,58.039999999999964,74.86999999999999,1,1,1.0
25,8,168.72,333.43,51.890000000000015,87.05000000000001,1,1,0.0
25,9,374.94,637.73,75.70999999999998,54.64999999999998,1,1,1.0
25,10,1001.55,48.88,58.430000000000064,88.15,1,1,1.0
25,11,215.37,87.1,76.25,75.53,1,1,1.0
25,12,453.26,639.21,65.97000000000003,60.49000000000001,1,1,1.0
25,13,920.1,457.36,64.15999999999997,87.03999999999996,1,1,1.0
25,14,609.28,498.8,85.97000000000003,47.349999999999966,1,1,1.0
25,15,764.35,447.77,66.29999999999995,40.420000000000016,1,1,1.0
25,16,627.09,383.35,62.309999999999945,58.849999999999966,1,1,1.0
25,17,699.4,393.17,66.35000000000002,79.71999999999997,1,1,1.0
25,18,763.7,402.61,75.44999999999993,62.639999999999986,1,1,1.0
25,19,752.6,482.64,59.819999999999936,56.06000000000006,1,1,1.0
25,20,1018.21,482.51,53.789999999999964,77.16999999999996,1,1,1.0
25,21,982.77,386.49,78.13000000000011,62.90999999999997,1,1,1.0
25,22,1004.65,620.13,43.250000000000114,65.07000000000005,1,1,1.0
25,23,979.23,454.59,43.72000000000003,75.82999999999998,1,1,1.0
25,24,1072.11,42.38,44.710000000000036,67.55000000000001,1,1,1.0
25,25,1092.28,209.92,53.72000000000003,59.28,1,1,1.0
25,26,1091.07,30.73,38.340000000000146,70.69,1,1,1.0
25,27,942.12,28.83,49.110000000000014,50.94,1,1,1.0
25,28,898.34,3.56,65.19999999999993,83.25,1,1,1.0
26,1,905.5,198.43,89.92999999999995,69.37,1,1,1.0
26,2,495.72,7.0,70.88,56.8,1,1,1.0
26,3,135.33,333.84,58.849999999999994,74.86000000000001,1,1,1.0
26,4,161.26,613.53,85.76000000000002,54.360000000000014,1,1,1.0
26,5,153.9,151.25,56.16,65.56,1,1,1.0
26,6,131.9,241.73,61.25999999999999,87.85999999999999,1,1,1.0
26,7,1033.97,78.46,52.299999999999955,84.37000000000002,1,1,1.0
26,8,169.5,334.74,50.849999999999994,86.26999999999998,1,1,0.0
26,9,374.94,638.52,72.86000000000001,52.430000000000064,1,1,1.0
26,10,1001.55,53.18,63.26999999999998,83.85,1,1,1.0
26,11,215.37,87.1,74.65999999999997,76.07,1,1,1.0
26,12,454.04,639.01,64.80000000000001,60.889999999999986,1,1,1.0
26,13,920.1,461.43,66.63,82.96999999999997,1,1,1.0
26,14,626.38,514.21,85.72000000000003,50.49000000000001,1,1,1.0
26,15,766.82,447.06,66.29999999999995,40.420000000000016,1,1,1.0
26,16,624.45,381.7,66.59999999999991,58.85000000000002,1,1,1.0
26,17,698.2,392.84,68.96999999999991,79.51000000000005,1,1,1.0
26,18,763.7,402.61,77.59999999999991,61.789999999999964,1,1,1.0
26,19,752.6,482.64,56.809999999999945,56.25999999999999,1,1,1.0
26,20,1017.77,483.61,54.23000000000002,76.62,1,1,1.0
26,21,982.4,385.83,76.90999999999997,65.34000000000003,1,1,1.0
26,22,1004.65,620.13,43.39999999999998,65.08000000000004,1,1,1.0
26,23,980.37,454.49,43.719999999999914,75.83000000000004,1,1,1.0
26,24,1069.3,35.67,39.710000000000036,50.39,1,1,1.0
26,25,1091.26,208.9,56.00999999999999,58.53,1,1,1.0
26,26,1092.48,29.95,38.32999999999993,70.69,1,1,1.0
26,27,941.78,30.52,49.110000000000014,50.94,1,1,1.0
26,28,899.36,2.37,66.16999999999996,82.83,1,1,1.0
27,1,905.5,199.75,90.20000000000005,68.05000000000001,1,1,1.0
27,2,500.97,12.7,83.19999999999993,57.7,1,1,1.0
27,3,133.76,333.84,60.420000000000016,73.11000000000001,1,1,1.0
27,4,164.9,614.83,78.21000000000001,50.969999999999914,1,1,1.0
27,5,153.9,150.66,56.5,66.15,1,1,1.0
27,6,131.77,241.49,61.28,88.09999999999997,1,1,1.0
27,7,1035.72,91.45,46.57999999999993,93.85000000000001,1,1,1.0
27,8,170.29,336.06,49.79000000000002,85.46999999999997,1,1,0.0
27,9,374.94,639.31,70.00999999999999,50.22000000000003,1,1,1.0
27,10,1001.55,57.49,68.11000000000013,79.53999999999999,1,1,1.0
27,11,215.37,87.1,73.07999999999998,76.6,1,1,1.0
27,12,454.83,638.82,63.63000000000005,61.27999999999997,1,1,1.0
27,13,920.1,465.49,69.10000000000002,78.90999999999997,1,1,1.0
27,14,686.4,466.76,47.450000000000045,84.13999999999999,1,1,1.0
27,15,769.3,446.36,66.30000000000007,40.40999999999997,1,1,1.0
27,16,621.82,380.05,70.88,58.849999999999966,1,1,1.0
27,17,696.99,392.51,71.61000000000001,79.29000000000002,1,1,1.0
27,18,763.7,402.61,79.75,60.94,1,1,1.0
27,19,752.6,482.64,53.809999999999945,56.460000000000036,1,1,1.0
27,20,1017.33,484.72,54.66999999999996,76.06999999999994,1,1,1.0
27,21,982.02,385.18,75.71000000000004,67.75999999999999,1,1,1.0
27,22,1004.65,620.13,43.55000000000007,65.10000000000002,1,1,1.0
27,23,981.51,454.4,43.72000000000003,75.82000000000005,1,1,1.0
27,24,1066.49,28.96,34.710000000000036,33.24,1,1,0.0
27,25,1090.25,207.89,58.27999999999997,57.78000000000003,1,1,1.0
27,26,1093.88,29.17,38.32999999999993,70.69,1,1,1.0
27,27,941.44,32.21,49.1099999999999,50.940000000000005,1,1,1.0
27,28,900.38,1.19,67.13,82.4,1,1,1.0
28,1,905.5,201.07,90.47000000000003,66.73000000000002,1,1,1.0
28,2,506.21,18.4,95.52000000000004,58.6,1,1,1.0
28,3,132.2,333.84,61.98000000000002,71.36000000000001,1,1,1.0
28,4,168.54,616.13,70.66,47.57000000000005,1,1,1.0
28,5,153.9,150.07,56.84,66.74000000000001,1,1,1.0
28,6,131.64,241.25,61.30000000000001,88.33999999999997,1,1,1.0
28,7,1069.28,251.61,46.57999999999993,93.83999999999997,1,1,1.0
28,8,171.08,337.37,48.73999999999998,84.68,1,1,0.0
28,9,374.94,640.1,67.16000000000003,48.0,1,1,1.0
28,10,1001.55,61.8,72.95000000000005,75.23,1,1,1.0
28,11,215.37,87.1,71.5,77.13,1,1,1.0
28,12,455.61,638.62,62.460000000000036,61.67999999999995,1,1,1.0
28,13,920.1,469.56,71.55999999999995,74.83999999999997,1,1,1.0
28,14,682.69,459.75,47.039999999999964,82.08000000000004,1,1,1.0
28,15,771.77,445.65,66.30000000000007,40.420000000000016,1,1,1.0
28,16,630.7,384.7,62.0,54.19999999999999,1,1,1.0
28,17,699.42,392.73,71.61000000000001,79.28999999999996,1,1,1.0
28,18,763.7,402.61,81.89999999999998,60.089999999999975,1,1,1.0
28,19,752.6,482.64,50.799999999999955,56.65999999999997,1,1,1.0
28,20,1016.89,485.82,55.110000000000014,75.52000000000004,1,1,1.0
28,21,981.65,384.52,74.49000000000012,70.19,1,1,1.0
28,22,1004.65,620.13,43.69999999999993,65.11000000000001,1,1,1.0
28,23,982.65,454.3,43.719999999999914,75.82999999999998,1,1,1.0
28,24,1062.82,28.72,39.73000000000002,31.28,1,1,0.0
28,25,1089.23,206.87,60.569999999999936,57.02999999999997,1,1,1.0
28,26,1094.13,33.46,34.27999999999997,74.22,1,1,1.0
28,27,941.63,32.63,49.110000000000014,50.93999999999999,1,1,1.0
28,28,901.4,0.0,68.10000000000002,81.98,1,1,1.0
29,1,905.5,202.38,90.73000000000002,65.42000000000002,1,1,1.0
29,2,511.45,24.1,107.84999999999997,59.49999999999999,1,1,1.0
29,3,134.85,332.62,59.25,74.93,1,1,1.0
29,4,167.78,615.68,71.41999999999999,48.020000000000095,1,1,1.0
29,5,153.9,149.47,57.18000000000001,67.34,1,1,1.0
29,6,131.51,241.02,61.32000000000002,88.56999999999996,1,1,1.0
29,7,1061.07,356.95,46.580000000000155,93.85000000000002,1,1,1.0
29,8,171.87,338.68,47.69,83.89999999999998,1,1,0.0
29,9,373.81,636.5,65.51999999999998,51.60000000000002,1,1,1.0
29,10,1048.32,53.7,73.68000000000006,62.03,1,1,1.0
29,11,215.37,87.1,69.90999999999997,77.67000000000002,1,1,1.0
29,12,456.4,638.43,61.27999999999997,62.07000000000005,1,1,1.0
29,13,920.1,473.63,74.02999999999997,70.76999999999998,1,1,1.0
29,14,678.98,452.74,46.639999999999986,80.02999999999997,1,1,1.0
29,15,774.24,444.94,66.30999999999995,40.420000000000016,1,1,1.0
29,16,630.4,372.62,59.35000000000002,62.14999999999998,1,1,1.0
29,17,701.85,392.95,71.61000000000001,79.29000000000002,1,1,1.0
29,18,771.74,401.37,74.46000000000004,63.77999999999997,1,1,1.0
29,19,757.55,488.82,62.55000000000007,54.19,1,1,1.0
29,20,1016.45,486.93,55.549999999999955,74.95999999999998,1,1,1.0
29,21,981.27,383.87,73.28999999999996,72.62,1,1,1.0
29,22,1004.65,620.13,43.85000000000002,65.13,1,1,1.0
29,23,983.79,454.2,43.72000000000003,75.82999999999998,1,1,1.0
29,24,1059.14,28.47,44.75999999999999,29.33,1,1,1.0
29,25,1088.74,206.82,60.569999999999936,57.03000000000003,1,1,1.0
29,26,1094.37,37.74,30.230000000000018,77.75999999999999,1,1,1.0
29,27,941.83,33.05,49.09999999999991,50.94,1,1,1.0
29,28,901.4,0.4,63.10000000000002,81.58,1,1,1.0
30,1,905.5,203.7,91.0,64.10000000000002,1,1,1.0
30,2,815.6,151.75,87.39999999999998,92.55000000000001,1,1,1.0
30,3,137.5,331.4,56.53,78.5,1,1,1.0
30,4,167.01,615.23,72.19,48.47000000000003,1,1,1.0
30,5,153.9,148.88,57.51999999999998,67.93,1,1,1.0
30,6,131.38,240.78,61.34,88.80999999999997,1,1,1.0
30,7,1061.07,356.95,47.06000000000017,93.49000000000001,1,1,1.0
30,8,172.66,340.0,46.640000000000015,83.10000000000002,1,1,1.0
30,9,372.67,632.9,63.879999999999995,55.200000000000045,1,1,1.0
30,10,1050.9,53.39,70.78999999999996,62.95,1,1,1.0
30,11,215.37,87.1,68.32999999999998,78.20000000000002,1,1,1.0
30,12,457.18,638.23,60.10999999999996,62.47000000000003,1,1,1.0
30,13,920.1,477.7,76.5,66.69999999999999,1,1,1.0
30,14,675.27,445.73,46.23000000000002,77.97000000000003,1,1,1.0
30,15,776.72,444.24,66.29999999999995,40.40999999999997,1,1,1.0
30,16,630.1,360.55,56.70999999999992,70.07999999999998,1,1,1.0
30,17,704.28,393.17,71.61000000000001,79.28999999999996,1,1,1.0
30,18,779.79,400.13,67.00999999999999,67.47000000000003,1,1,1.0
30,19,762.5,495.0,74.29999999999995,51.72000000000003,1,1,1.0
30,20,1016.0,488.03,56.0,74.42000000000007,1,1,1.0
30,21,980.9,383.21,72.07000000000005,75.05000000000001,1,1,1.0
30,22,1004.65,620.13,44.000000000000114,65.13999999999999,1,1,1.0
30,23,984.93,454.1,43.72000000000014,75.82999999999993,1,1,1.0
30,24,1057.5,27.2,46.690000000000055,33.650000000000006,1,1,1.0
30,25,1088.24,206.77,60.569999999999936,57.03,1,1,1.0
30,26,1094.37,37.74,30.230000000000018,77.75999999999999,1,1,1.0
30,27,942.02,33.47,49.110000000000014,50.94,1,1,1.0
30,28,901.4,0.8,58.10000000000002,81.18,1,1,1.0
31,1,912.57,205.5,82.13,56.120000000000005,1,1,1.0
31,2,838.6,156.2,73.24000000000001,98.70000000000002,1,1,1.0
31,3,140.15,330.19,53.79999999999998,82.06,1,1,1.0
31,4,166.25,614.79,72.94999999999999,48.91000000000008,1,1,1.0
31,5,153.9,148.29,57.859999999999985,68.52000000000001,1,1,1.0
31,6,131.25,240.54,61.360000000000014,89.04999999999998,1,1,1.0
31,7,1061.07,356.95,47.52999999999997,93.13999999999999,1,1,1.0
31,8,170.0,347.95,49.30000000000001,71.65000000000003,1,1,1.0
31,9,371.54,629.3,62.23999999999995,58.80000000000007,1,1,1.0
31,10,1053.47,53.08,67.91000000000008,63.879999999999995,1,1,1.0
31,11,215.37,87.9,71.13,77.4,1,1,1.0
31,12,457.97,638.03,58.92999999999995,62.870000000000005,1,1,1.0
31,13,922.75,456.5,67.64999999999998,79.05999999999995,1,1,1.0
31,14,675.27,445.73,66.52999999999997,75.26999999999998,1,1,1.0
31,15,776.29,444.34,66.30000000000007,40.410000000000025,1,1,1.0
31,16,629.8,348.47,54.06000000000006,78.02999999999997,1,1,1.0
31,17,706.71,393.39,71.61000000000001,79.29000000000002,1,1,1.0
31,18,793.92,403.67,76.78000000000009,66.63,1,1,1.0
31,19,794.31,477.3,77.79000000000008,64.99999999999994,1,1,1.0
31,20,1015.56,489.14,56.440000000000055,73.86000000000001,1,1,1.0
31,21,980.52,382.56,70.87000000000012,77.46999999999997,1,1,1.0
31,22,1004.65,620.13,44.14999999999998,65.15999999999997,1,1,1.0
31,23,986.07,454.01,43.719999999999914,75.82000000000005,1,1,1.0
31,24,1055.85,25.93,48.6400000000001,37.96,1,1,1.0
31,25,1087.75,206.72,60.569999999999936,57.03,1,1,1.0
31,26,1094.37,37.74,30.230000000000018,77.75999999999999,1,1,0.0
31,27,942.21,33.9,49.110000000000014,50.940000000000005,1,1,1.0
31,28,901.4,1.2,53.10000000000002,80.78,1,1,1.0
32,1,914.18,205.5,80.5200000000001,60.95999999999998,1,1,1.0
32,2,838.6,156.2,75.81999999999994,93.20000000000002,1,1,1.0
32,3,142.8,328.97,51.079999999999984,85.63,1,1,1.0
32,4,165.48,614.34,73.72,49.360000000000014,1,1,1.0
32,5,153.9,147.7,58.19999999999999,69.11000000000001,1,1,1.0
32,6,131.12,240.3,61.379999999999995,89.28999999999996,1,1,1.0
32,7,1061.07,356.95,48.00999999999999,92.78000000000003,1,1,1.0
32,8,167.64,351.36,52.98000000000002,70.86000000000001,1,1,1.0
32,9,370.4,625.7,60.60000000000002,62.39999999999998,1,1,1.0
32,10,1056.05,52.77,65.01999999999998,64.79999999999998,1,1,1.0
32,11,215.37,88.7,73.93,76.60000000000001,1,1,1.0
32,12,457.22,638.03,59.67999999999995,62.139999999999986,1,1,1.0
32,13,925.33,458.72,68.94999999999993,74.72000000000003,1,1,1.0
32,14,675.82,446.84,65.2399999999999,72.95999999999998,1,1,1.0
32,15,775.86,444.43,66.29999999999995,40.420000000000016,1,1,1.0
32,16,630.45,290.17,50.75,76.72999999999996,1,1,1.0
32,17,706.67,393.36,71.46000000000004,79.57999999999998,1,1,1.0
32,18,807.0,401.7,63.700000000000045,68.60000000000002,1,1,1.0
32,19,800.91,477.96,75.19000000000005,51.94,1,1,1.0
32,20,1012.94,487.17,56.440000000000055,73.85999999999996,1,1,1.0
32,21,980.15,381.9,69.64999999999998,79.90000000000003,1,1,1.0
32,22,1004.65,620.13,44.30000000000007,65.16999999999996,1,1,1.0
32,23,987.21,453.91,43.72000000000003,75.82,1,1,1.0
32,24,1054.21,24.66,50.569999999999936,42.28,1,1,1.0
32,25,1087.25,206.67,60.569999999999936,57.03,1,1,1.0
32,26,1093.82,41.95,31.600000000000136,73.75,1,1,0.0
32,27,942.4,34.32,49.110000000000014,50.940000000000005,1,1,1.0
32,28,900.85,1.2,53.10000000000002,80.78,1,1,1.0
33,1,915.8,205.5,78.90000000000009,65.80000000000001,1,1,1.0
33,2,838.6,156.2,78.40999999999997,87.70000000000002,1,1,1.0
33,3,138.53,329.63,58.620000000000005,79.72000000000003,1,1,1.0
33,4,164.72,613.89,74.47999999999999,49.81000000000006,1,1,1.0
33,5,153.9,148.88,58.31999999999999,67.93,1,1,1.0
33,6,124.36,247.4,62.44000000000001,81.83000000000001,1,1,1.0
33,7,1061.07,356.95,48.49000000000001,92.43,1,1,1.0
33,8,165.28,354.77,56.66,70.07,1,1,1.0
33,9,184.02,553.4,71.88,55.97000000000003,1,1,1.0
33,10,1058.62,52.46,62.1400000000001,65.72999999999999,1,1,1.0
33,11,215.37,89.5,76.73000000000002,75.80000000000001,1,1,1.0
33,12,456.48,638.03,60.41999999999996,61.39999999999998,1,1,1.0
33,13,927.92,460.93,70.25,70.39000000000004,1,1,1.0
33,14,676.38,447.95,63.940000000000055,70.65000000000003,1,1,1.0
33,15,775.43,444.53,66.31000000000006,40.420000000000016,1,1,1.0
33,16,630.45,278.99,51.799999999999955,87.90999999999997,1,1,1.0
33,17,706.64,393.33,71.28999999999996,79.87,1,1,1.0
33,18,806.47,401.65,63.68999999999994,68.99000000000001,1,1,1.0
33,19,810.87,472.62,73.75999999999999,59.049999999999955,1,1,1.0
33,20,1016.66,487.21,53.870000000000005,75.08999999999997,1,1,1.0
33,21,980.15,381.9,73.10000000000002,75.60000000000002,1,1,1.0
33,22,1004.65,620.13,44.44999999999993,65.19000000000005,1,1,1.0
33,23,988.35,453.81,43.719999999999914,75.82999999999998,1,1,1.0
33,24,1011.5,54.29,51.52999999999997,55.93,1,1,1.0
33,25,1086.76,206.62,60.569999999999936,57.02999999999997,1,1,1.0
33,26,1093.26,46.17,32.98000000000002,69.73,1,1,0.0
33,27,942.59,34.74,49.110000000000014,50.940000000000005,1,1,1.0
33,28,900.3,1.2,53.09000000000003,80.78,1,1,1.0
34,1,913.43,205.5,81.2700000000001,64.18,1,1,1.0
34,2,838.6,156.2,81.0,82.20000000000002,1,1,1.0
34,3,134.25,330.29,66.18,73.81,1,1,1.0
34,4,163.95,613.44,75.25,50.25999999999999,1,1,1.0
34,5,153.9,150.06,58.44,66.75,1,1,1.0
34,6,117.6,254.5,63.5,74.38,1,1,1.0
34,7,1061.07,356.95,48.97000000000003,92.07999999999998,1,1,1.0
34,8,162.92,358.18,60.34,69.27999999999997,1,1,1.0
34,9,145.46,530.91,71.88,55.97000000000003,1,1,1.0
34,10,1061.2,52.15,59.25,66.65,1,1,1.0
34,11,215.37,90.3,79.52999999999997,75.00000000000001,1,1,1.0
34,12,455.73,638.03,61.16999999999996,60.67000000000007,1,1,1.0
34,13,930.5,463.15,71.54999999999995,66.05000000000007,1,1,1.0
34,14,676.93,449.05,62.66000000000008,68.34999999999997,1,1,1.0
34,15,775.01,444.63,66.29999999999995,40.420000000000016,1,1,1.0
34,16,630.45,267.8,52.84999999999991,99.09999999999997,1,1,1.0
34,17,706.61,393.3,71.13,80.15999999999997,1,1,1.0
34,18,805.93,401.6,63.700000000000045,69.38,1,1,1.0
34,19,820.84,467.28,72.32999999999993,66.14999999999998,1,1,1.0
34,20,1020.38,487.25,51.29000000000008,76.32000000000005,1,1,1.0
34,21,980.15,381.9,76.55000000000007,71.30000000000001,1,1,1.0
34,22,1004.65,620.13,44.60000000000002,65.20000000000005,1,1,1.0
34,23,989.49,453.71,43.72000000000003,75.82999999999998,1,1,1.0
34,24,1017.4,53.73,52.48000000000013,69.57,1,1,1.0
34,25,1086.26,206.57,60.569999999999936,57.03000000000003,1,1,1.0
34,26,1092.71,50.38,34.34999999999991,65.72,1,1,0.0
34,27,942.79,35.16,49.10000000000002,50.94,1,1,1.0
34,28,899.75,1.2,53.09000000000003,80.78,1,1,1.0
35,1,911.05,205.5,83.65000000000009,62.55000000000001,1,1,1.0
35,2,868.5,139.1,75.28999999999996,82.35,1,1,1.0
35,3,129.98,330.94,73.73000000000002,67.91000000000003,1,1,1.0
35,4,163.19,612.99,76.00999999999999,50.710000000000036,1,1,1.0
35,5,153.9,151.24,58.56,65.57,1,1,1.0
35,6,110.84,261.6,64.56,66.91999999999996,1,1,1.0
35,7,1061.07,356.95,49.440000000000055,91.72000000000003,1,1,1.0
35,8,160.55,361.59,64.03,68.49000000000001,1,1,1.0
35,9,125.19,525.57,71.87,55.969999999999914,1,1,1.0
35,10,1056.35,44.9,64.62000000000012,74.05000000000001,1,1,1.0
35,11,157.74,232.2,100.86000000000001,57.960000000000036,1,1,1.0
35,12,454.99,638.03,61.90999999999997,59.940000000000055,1,1,1.0
35,13,933.09,465.37,72.83999999999992,61.700000000000045,1,1,1.0
35,14,677.49,450.16,61.360000000000014,66.04000000000002,1,1,1.0
35,15,774.58,444.73,66.29999999999995,40.41999999999996,1,1,1.0
35,16,630.45,273.05,55.44999999999993,93.84999999999997,1,1,1.0
35,17,706.58,393.27,70.95999999999992,80.45000000000005,1,1,1.0
35,18,805.4,401.55,63.690000000000055,69.76999999999998,1,1,1.0
35,19,830.8,461.95,70.91000000000008,73.25000000000006,1,1,1.0
35,20,1024.1,487.29,48.72000000000003,77.54000000000002,1,1,1.0
35,21,981.74,377.03,82.99000000000001,67.65000000000003,1,1,1.0
35,22,1004.65,620.13,44.750000000000114,65.22000000000003,1,1,1.0
35,23,990.63,453.61,43.719999999999914,75.83000000000004,1,1,1.0
35,24,1000.33,66.5,52.469999999999914,61.06999999999999,1,1,1.0
35,25,1085.77,206.53,60.569999999999936,57.02000000000001,1,1,1.0
35,26,1092.15,54.59,35.73000000000002,61.709999999999994,1,1,0.0
35,27,942.98,35.58,49.110000000000014,50.95,1,1,1.0
35,28,899.19,1.2,53.09999999999991,80.78,1,1,1.0
36,1,908.68,205.5,86.0200000000001,60.93000000000001,1,1,1.0
36,2,898.4,121.99,69.58000000000004,82.51,1,1,1.0
36,3,125.7,331.6,81.29,62.0,1,1,1.0
36,4,162.42,612.54,76.78,51.16000000000008,1,1,1.0
36,5,153.9,152.42,58.68000000000001,64.39000000000001,1,1,1.0
36,6,112.62,270.2,63.97,61.139999999999986,1,1,1.0
36,7,1061.07,356.95,49.92000000000007,91.37,1,1,1.0
36,8,158.19,365.0,67.71000000000001,67.69999999999999,1,1,1.0
36,9,125.19,532.1,61.41,49.43999999999994,1,1,1.0
36,10,1051.5,37.64,69.99000000000001,81.46,1,1,1.0
36,11,148.55,241.39,100.85999999999999,57.960000000000036,1,1,1.0
36,12,454.24,638.03,62.65999999999997,59.200000000000045,1,1,1.0
36,13,935.67,467.58,74.15000000000009,57.37000000000006,1,1,1.0
36,14,678.04,451.27,60.07000000000005,63.73000000000002,1,1,1.0
36,15,774.15,444.83,66.30000000000007,40.410000000000025,1,1,1.0
36,16,630.45,278.3,58.049999999999955,88.59999999999997,1,1,1.0
36,17,706.54,393.24,70.81000000000006,80.74000000000001,1,1,1.0
36,18,804.87,401.5,63.68999999999994,70.16000000000003,1,1,1.0
36,19,839.65,458.07,60.120000000000005,79.32999999999998,1,1,1.0
36,20,1027.82,487.33,46.1400000000001,78.77000000000004,1,1,1.0
36,21,983.32,372.17,89.44999999999993,63.97999999999996,1,1,1.0
36,22,1004.65,620.13,44.89999999999998,65.23000000000002,1,1,1.0
36,23,991.77,453.52,43.72000000000003,75.82000000000005,1,1,1.0
36,24,1001.0,78.94,54.22000000000003,78.36000000000001,1,1,1.0
36,25,1085.28,206.48,60.559999999999945,57.02000000000001,1,1,1.0
36,26,1091.6,58.8,37.100000000000136,57.7,1,1,0.0
36,27,943.17,36.01,49.110000000000014,50.940000000000005,1,1,1.0
36,28,898.64,1.2,53.10000000000002,80.78,1,1,1.0
37,1,906.3,205.5,88.40000000000009,59.30000000000001,1,1,1.0
37,2,918.32,75.01,69.57999999999993,82.51,1,1,1.0
37,3,130.8,331.6,76.19,56.39999999999998,1,1,1.0
37,4,161.66,612.09,77.53999999999999,51.610000000000014,1,1,1.0
37,5,153.9,153.6,58.79999999999998,63.21000000000001,1,1,1.0
37,6,114.4,278.8,63.379999999999995,55.370000000000005,1,1,1.0
37,7,1061.07,356.95,50.40000000000009,91.00999999999999,1,1,1.0
37,8,148.4,378.97,68.57999999999998,44.52999999999997,1,1,1.0
37,9,126.57,531.63,61.41,49.440000000000055,1,1,1.0
37,10,1051.5,62.9,76.79999999999995,56.199999999999996,1,1,1.0
37,11,150.8,237.9,91.79999999999998,61.45000000000002,1,1,1.0
37,12,453.5,638.03,63.39999999999998,58.47000000000003,1,1,1.0
37,13,938.25,469.8,75.45000000000005,53.03000000000003,1,1,1.0
37,14,678.6,452.38,58.76999999999998,61.41999999999996,1,1,1.0
37,15,773.72,444.93,66.29999999999995,40.40999999999997,1,1,1.0
37,16,639.95,269.6,84.75,58.56999999999999,1,1,1.0
37,17,706.51,393.21,70.63999999999999,81.03000000000003,1,1,1.0
37,18,804.33,401.45,63.68999999999994,70.55000000000001,1,1,1.0
37,19,848.5,454.2,49.33000000000004,85.40000000000003,1,1,1.0
37,20,1031.54,487.37,43.569999999999936,80.0,1,1,1.0
37,21,984.91,367.3,95.88999999999999,60.329999999999984,1,1,1.0
37,22,1004.65,620.13,45.05000000000007,65.25,1,1,1.0
37,23,992.91,453.42,43.72000000000014,75.82999999999998,1,1,1.0
37,24,1000.7,173.19,54.22000000000003,78.36000000000001,1,1,0.0
37,25,1084.78,206.43,60.569999999999936,57.02999999999997,1,1,1.0
37,26,1081.2,37.4,36.799999999999955,79.1,1,1,0.0
37,27,959.85,31.15,40.93999999999994,50.720000000000006,1,1,1.0
37,28,898.07,0.6,55.319999999999936,86.24000000000001,1,1,1.0
38,1,906.3,200.59,88.40000000000009,59.29999999999998,1,1,1.0
38,2,943.07,20.22,43.92999999999995,93.98,1,1,1.0
38,3,128.4,346.6,59.29999999999998,90.39999999999998,1,1,1.0
38,4,160.89,611.65,78.31,52.05000000000007,1,1,1.0
38,5,152.82,153.6,59.879999999999995,63.21000000000001,1,1,1.0
38,6,114.4,278.8,73.9,49.30000000000001,1,1,1.0
38,7,1061.07,356.95,50.88000000000011,90.66000000000003,1,1,1.0
38,8,148.4,379.89,62.46000000000001,57.410000000000025,1,1,1.0
38,9,127.95,531.15,61.41000000000001,49.440000000000055,1,1,1.0
38,10,1049.2,48.43,73.96000000000004,70.16999999999999,1,1,1.0
38,11,132.72,237.15,91.80000000000001,61.43999999999997,1,1,1.0
38,12,453.35,638.03,63.549999999999955,59.24000000000001,1,1,1.0
38,13,966.04,412.29,75.45000000000005,53.02999999999997,1,1,1.0
38,14,676.11,451.41,61.25999999999999,60.85999999999996,1,1,1.0
38,15,773.29,445.03,66.31000000000006,40.410000000000025,1,1,1.0
38,16,925.53,315.48,84.75,58.56999999999999,1,1,1.0
38,17,706.48,393.17,70.48000000000002,81.32999999999998,1,1,1.0
38,18,803.8,401.4,63.690000000000055,70.95000000000005,1,1,1.0
38,19,851.94,454.41,49.76999999999998,84.74999999999994,1,1,1.0
38,20,1035.25,487.42,41.0,81.20999999999998,1,1,1.0
38,21,991.5,365.15,95.05999999999995,69.58000000000004,1,1,1.0
38,22,1004.65,620.13,45.19999999999993,65.25999999999999,1,1,1.0
38,23,981.3,493.56,61.8900000000001,68.14000000000004,1,1,1.0
38,24,999.2,193.1,55.1099999999999,65.20000000000002,1,1,0.0
38,25,1084.29,206.38,60.569999999999936,57.03000000000003,1,1,1.0
38,26,1079.8,38.8,38.200000000000045,77.7,1,1,0.0
38,27,976.53,26.29,32.76999999999998,50.51,1,1,1.0
38,28,897.5,0.0,57.549999999999955,91.7,1,1,1.0
39,1,899.32,197.1,88.39999999999998,59.29999999999998,1,1,1.0
39,2,941.03,23.0,44.80000000000007,89.45,1,1,1.0
39,3,124.88,446.45,59.30000000000001,90.40000000000003,1,1,1.0
39,4,160.13,611.2,79.07,52.5,1,1,1.0
39,5,151.74,153.6,60.95999999999998,63.21000000000001,1,1,1.0
39,6,115.58,276.27,72.72000000000001,51.83000000000004,1,1,1.0
39,7,1061.07,356.95,51.350000000000136,90.30000000000001,1,1,1.0
39,8,142.16,393.7,58.52000000000001,59.35000000000002,1,1,1.0
39,9,129.33,530.68,61.41,49.440000000000055,1,1,1.0
39,10,1049.1,43.36,71.20000000000005,74.14,1,1,1.0
39,11,129.97,222.02,91.80000000000001,61.45000000000002,1,1,1.0
39,12,453.2,638.03,63.69999999999999,60.0,1,1,1.0
39,13,972.3,399.7,69.19000000000005,61.43000000000001,1,1,1.0
39,14,673.62,450.45,63.75,60.30000000000001,1,1,1.0
39,15,772.87,445.12,66.29999999999995,40.420000000000016,1,1,1.0
39,16,1042.1,234.5,52.66000000000008,82.30000000000001,1,1,1.0
39,17,706.45,393.14,70.31999999999994,81.62,1,1,1.0
39,18,803.27,401.35,63.680000000000064,71.33999999999997,1,1,1.0
39,19,855.38,454.63,50.210000000000036,84.10000000000002,1,1,1.0
39,20,1038.97,487.46,38.430000000000064,82.44,1,1,1.0
39,21,998.1,363.0,94.2299999999999,78.82999999999998,1,1,1.0
39,22,1004.65,620.13,45.35000000000002,65.27999999999997,1,1,1.0
39,23,984.9,465.23,67.74000000000012,90.66999999999996,1,1,1.0
39,24,992.95,212.69,55.1099999999999,65.19999999999999,1,1,0.0
39,25,1084.29,206.38,62.48000000000002,58.95999999999998,1,1,1.0
39,26,1088.93,34.4,38.200000000000045,77.69999999999999,1,1,0.0
39,27,977.85,23.65,36.299999999999955,56.1,1,1,1.0
39,28,897.28,0.99,57.55000000000007,91.7,1,1,1.0
40,1,901.4,197.1,86.32000000000005,80.29999999999998,1,1,1.0
40,2,939.0,25.78,45.65999999999997,84.92,1,1,1.0
40,3,124.43,463.82,57.06,79.57,1,1,1.0
40,4,159.36,610.75,79.83999999999997,52.950000000000045,1,1,1.0
40,5,150.66,153.6,62.03999999999999,63.21000000000001,1,1,1.0
40,6,116.75,273.75,71.55000000000001,54.35000000000002,1,1,1.0
40,7,1061.07,356.95,51.830000000000155,89.94999999999999,1,1,1.0
40,8,135.93,407.5,54.56999999999999,61.31,1,1,1.0
40,9,130.71,530.2,61.41,49.44999999999993,1,1,1.0
40,10,1049.0,38.3,68.44000000000005,78.10000000000001,1,1,1.0
40,11,127.3,229.9,83.96,64.07000000000002,1,1,1.0
40,12,453.05,638.03,63.849999999999966,60.76999999999998,1,1,1.0
40,13,947.35,371.47,69.18999999999994,61.44,1,1,1.0
40,14,671.13,449.49,66.24000000000001,59.73000000000002,1,1,1.0
40,15,772.44,445.22,66.29999999999995,40.41999999999996,1,1,1.0
40,16,1007.51,96.16,62.08999999999992,76.03999999999999,1,1,1.0
40,17,706.41,393.11,70.16000000000008,81.90999999999997,1,1,1.0
40,18,802.73,401.3,63.67999999999995,71.72999999999996,1,1,1.0
40,19,858.81,454.85,50.66000000000008,83.43999999999994,1,1,1.0
40,20,1038.99,486.73,48.710000000000036,80.26999999999998,1,1,1.0
40,21,1024.4,311.8,79.74000000000001,84.69999999999999,1,1,1.0
40,22,1004.65,620.13,45.500000000000114,65.28999999999996,1,1,1.0
40,23,994.7,438.32,56.61999999999989,103.18,1,1,1.0
40,24,986.7,232.29,55.1099999999999,65.20000000000002,1,1,0.0
40,25,1084.29,206.38,64.40000000000009,60.889999999999986,1,1,1.0
40,26,1098.07,30.0,38.200000000000045,77.7,1,1,0.0
40,27,979.17,21.01,39.83000000000004,61.69,1,1,1.0
40,28,897.06,1.98,57.55000000000007,91.7,1,1,1.0
41,1,903.1,197.1,84.62,68.50000000000003,1,1,1.0
41,2,938.7,15.88,45.629999999999995,96.52000000000001,1,1,1.0
41,3,123.98,481.19,54.82000000000001,68.73999999999995,1,1,1.0
41,4,158.6,610.3,80.6,53.40000000000009,1,1,1.0
41,5,149.58,153.6,63.119999999999976,63.20000000000002,1,1,1.0
41,6,117.93,271.22,70.37,56.879999999999995,1,1,1.0
41,7,1061.07,356.95,54.02999999999997,88.69999999999999,1,1,1.0
41,8,126.9,416.52,54.579999999999984,61.31,1,1,1.0
41,9,132.09,529.73,61.41,49.43999999999994,1,1,1.0
41,10,1048.9,33.24,65.67999999999984,82.06,1,1,1.0
41,11,126.62,231.93,83.97,64.07,1,1,1.0
41,12,452.9,638.03,64.0,61.54000000000008,1,1,1.0
41,13,947.35,369.78,69.18999999999994,61.440000000000055,1,1,1.0
41,14,668.64,448.53,68.73000000000002,59.160000000000025,1,1,1.0
41,15,772.01,445.32,66.29999999999995,40.420000000000016,1,1,1.0
41,16,1001.6,43.66,47.530000000000086,86.64000000000001,1,1,1.0
41,17,706.38,393.08,70.0,82.19999999999999,1,1,1.0
41,18,802.2,401.25,63.67999999999995,72.12,1,1,1.0
41,19,862.25,455.07,51.09000000000003,82.78000000000003,1,1,1.0
41,20,1039.0,486.0,59.0,78.10000000000002,1,1,1.0
41,21,1022.59,315.8,89.11000000000001,63.31999999999999,1,1,1.0
41,22,1004.65,620.13,45.64999999999998,65.31000000000006,1,1,1.0
41,23,994.7,469.4,65.0,72.10000000000002,1,1,1.0
41,24,980.45,251.88,55.1099999999999,65.19999999999999,1,1,0.0
41,25,1084.29,206.38,66.30999999999995,62.81999999999999,1,1,1.0
41,26,1107.2,25.59,38.200000000000045,77.7,1,1,1.0
41,27,975.21,26.96,39.82999999999993,61.68,1,1,1.0
41,28,896.84,2.97,57.549999999999955,91.7,1,1,1.0
42,1,904.8,197.1,82.92000000000007,56.70000000000002,1,1,1.0
42,2,939.34,8.52,45.629999999999995,96.52000000000001,1,1,1.0
42,3,123.73,480.07,54.2,70.64000000000004,1,1,1.0
42,4,159.47,610.3,82.03,54.270000000000095,1,1,1.0
42,5,148.5,153.6,64.19999999999999,63.20000000000002,1,1,1.0
42,6,119.1,268.7,69.20000000000002,59.400000000000034,1,1,1.0
42,7,1061.07,356.95,56.23000000000002,87.44999999999999,1,1,1.0
42,8,127.89,418.05,54.57000000000001,61.31,1,1,1.0
42,9,133.47,529.25,61.41,49.450000000000045,1,1,1.0
42,10,1047.9,41.23,52.6099999999999,82.67000000000002,1,1,1.0
42,11,125.95,233.95,83.96,64.07999999999998,1,1,1.0
42,12,452.75,638.03,64.14999999999998,62.30000000000007,1,1,1.0
42,13,947.35,368.09,69.18999999999994,61.44,1,1,1.0
42,14,666.15,447.57,71.22000000000003,58.59000000000003,1,1,1.0
42,15,773.07,447.56,68.45999999999992,39.629999999999995,1,1,1.0
42,16,1010.6,39.5,44.610000000000014,70.7,1,1,1.0
42,17,706.35,393.05,69.82999999999993,82.49000000000001,1,1,1.0
42,18,801.67,401.2,63.67000000000007,72.50999999999999,1,1,1.0
42,19,865.69,455.29,51.52999999999997,82.11999999999995,1,1,1.0
42,20,1039.0,486.0,49.5,75.39999999999998,1,1,1.0
42,21,1018.54,318.5,89.11000000000013,63.31999999999999,1,1,1.0
42,22,1004.65,620.13,45.80000000000007,65.32000000000005,1,1,1.0
42,23,994.7,462.0,60.84999999999991,79.5,1,1,1.0
42,24,974.2,271.48,55.1099999999999,65.19999999999999,1,1,0.0
42,25,1084.4,204.99,66.19999999999982,64.20999999999998,1,1,1.0
42,26,1091.5,17.6,53.90000000000009,88.6,1,1,1.0
42,27,978.48,22.55,39.82999999999993,61.69,1,1,1.0
42,28,898.1,8.3,65.88999999999999,74.86,1,1,1.0
43,1,863.01,184.2,90.28999999999996,54.24000000000001,1,1,1.0
43,2,945.03,0.0,45.620000000000005,95.94,1,1,1.0
43,3,123.47,478.95,53.599999999999994,72.53000000000003,1,1,1.0
43,4,160.35,610.3,83.45000000000002,55.15000000000009,1,1,1.0
43,5,149.25,152.84,64.19999999999999,63.21000000000001,1,1,1.0
43,6,119.53,269.02,69.19999999999999,59.400000000000034,1,1,1.0
43,7,1061.07,356.95,58.430000000000064,86.19999999999999,1,1,1.0
43,8,128.87,419.58,54.56999999999999,61.31,1,1,1.0
43,9,134.85,528.78,61.41,49.440000000000055,1,1,1.0
43,10,1046.48,39.5,52.59999999999991,82.66,1,1,1.0
43,11,125.8,227.69,83.97000000000001,64.07999999999998,1,1,1.0
43,12,452.6,638.03,64.29999999999995,63.07000000000005,1,1,1.0
43,13,946.19,370.72,69.17999999999995,61.44,1,1,1.0
43,14,663.65,446.61,73.72000000000003,58.02999999999997,1,1,1.0
43,15,774.14,449.8,70.60000000000002,38.849999999999966,1,1,1.0
43,16,1008.32,26.42,44.610000000000014,70.7,1,1,1.0
43,17,706.32,393.02,69.66999999999996,82.78000000000003,1,1,1.0
43,18,801.13,401.15,63.67999999999995,72.90000000000003,1,1,1.0
43,19,869.12,455.51,51.98000000000002,81.47000000000003,1,1,1.0
43,20,1034.48,486.0,54.01999999999998,75.39999999999998,1,1,1.0
43,21,1025.72,317.5,75.94000000000005,72.80000000000001,1,1,1.0
43,22,1004.65,620.13,45.94999999999993,65.34000000000003,1,1,1.0
43,23,994.7,454.6,56.700000000000045,86.89999999999998,1,1,1.0
43,24,885.3,377.92,61.629999999999995,87.38,1,1,1.0
43,25,1084.51,203.61,66.08999999999992,65.58999999999997,1,1,1.0
43,26,1091.5,33.2,51.299999999999955,77.55,1,1,1.0
43,27,981.75,18.14,39.83000000000004,61.69,1,1,1.0
43,28,890.2,9.1,73.78999999999996,74.06,1,1,1.0
44,1,823.6,176.68,90.28999999999996,54.23999999999998,1,1,1.0
44,2,940.77,2.54,48.26999999999998,92.64,1,1,1.0
44,3,123.21,477.82,53.000000000000014,74.43,1,1,1.0
44,4,161.22,610.3,84.88,56.020000000000095,1,1,1.0
44,5,150.01,152.09,64.20000000000002,63.19999999999999,1,1,1.0
44,6,119.96,269.35,69.2,59.39999999999998,1,1,1.0
44,7,1061.07,356.95,60.63000000000011,84.94999999999999,1,1,1.0
44,8,129.85,421.11,54.58000000000001,61.31,1,1,1.0
44,9,136.23,528.31,61.41,49.440000000000055,1,1,1.0
44,10,1045.06,37.76,52.600000000000136,82.67000000000002,1,1,1.0
44,11,125.66,221.43,83.96000000000001,64.07,1,1,1.0
44,12,452.6,637.99,64.60000000000002,63.110000000000014,1,1,1.0
44,13,945.02,373.35,69.18000000000006,61.44,1,1,1.0
44,14,661.16,445.65,76.21000000000004,57.460000000000036,1,1,1.0
44,15,775.2,452.04,72.75,38.06,1,1,1.0
44,16,1009.21,26.42,43.72000000000003,66.09,1,1,1.0
44,17,706.28,392.99,69.51999999999998,83.07,1,1,1.0
44,18,800.6,401.1,63.66999999999996,73.28999999999996,1,1,1.0
44,19,872.56,455.72,52.42000000000007,80.81999999999994,1,1,1.0
44,20,1029.95,486.0,58.549999999999955,75.39999999999998,1,1,1.0
44,21,1032.9,316.5,62.75999999999999,82.26999999999998,1,1,1.0
44,22,1004.65,620.13,46.10000000000002,65.35000000000002,1,1,1.0
44,23,969.9,461.91,75.07000000000005,72.88999999999993,1,1,1.0
44,24,850.23,439.0,80.06999999999994,45.0,1,1,1.0
44,25,1084.63,202.22,65.9699999999998,66.97999999999999,1,1,1.0
44,26,1092.76,25.3,51.299999999999955,77.56,1,1,1.0
44,27,979.67,19.43,44.56000000000006,58.15,1,1,1.0
44,28,882.3,9.9,81.69000000000005,73.25999999999999,1,1,1.0
45,1,784.19,169.16,90.28999999999996,54.24000000000001,1,1,1.0
45,2,936.51,5.07,50.91999999999996,89.35,1,1,1.0
45,3,122.96,476.7,52.39,76.32999999999998,1,1,1.0
45,4,162.1,610.3,86.30000000000001,56.8900000000001,1,1,1.0
45,5,150.76,151.34,64.20000000000002,63.19999999999999,1,1,1.0
45,6,120.39,269.67,69.2,59.39999999999998,1,1,1.0
45,7,1093.84,419.43,60.63000000000011,84.95999999999998,1,1,1.0
45,8,130.84,422.64,54.56999999999999,61.31,1,1,1.0
45,9,137.61,527.83,61.41,49.43999999999994,1,1,1.0
45,10,1045.87,35.68,52.1400000000001,80.47,1,1,1.0
45,11,125.51,215.17,83.96,64.07000000000002,1,1,1.0
45,12,452.6,637.94,64.89999999999998,63.15999999999997,1,1,1.0
45,13,928.41,358.06,69.19000000000005,61.43000000000001,1,1,1.0
45,14,658.67,444.68,78.70000000000005,56.89999999999998,1,1,1.0
45,15,770.4,449.42,64.45000000000005,39.77999999999997,1,1,1.0
45,16,1010.1,26.42,42.83000000000004,61.480000000000004,1,1,1.0
45,17,706.25,392.96,69.35000000000002,83.36000000000001,1,1,1.0
45,18,802.35,394.54,63.66999999999996,73.29999999999995,1,1,1.0
45,19,876.0,455.94,52.860000000000014,80.16000000000003,1,1,1.0
45,20,1025.43,486.0,63.069999999999936,75.39999999999998,1,1,1.0
45,21,1015.0,337.91,72.79999999999995,110.69,1,1,1.0
45,22,1004.65,620.13,46.250000000000114,65.37,1,1,1.0
45,23,934.07,452.29,66.32999999999993,87.31,1,1,1.0
45,24,830.57,438.6,89.7299999999999,44.52999999999997,1,1,1.0
45,25,1084.74,200.84,65.8599999999999,68.35999999999999,1,1,1.0
45,26,1092.76,33.6,58.33999999999992,69.25999999999999,1,1,1.0
45,27,977.58,20.72,49.31000000000006,54.620000000000005,1,1,1.0
45,28,891.5,0.0,72.49000000000001,83.16,1,1,1.0
46,1,767.11,162.68,95.00999999999999,56.28,1,1,1.0
46,2,932.26,7.61,53.549999999999955,86.05,1,1,1.0
46,3,122.7,475.58,51.77999999999999,78.21999999999997,1,1,1.0
46,4,137.08,611.59,86.30999999999997,56.89999999999998,1,1,1.0
46,5,151.52,150.58,64.19999999999999,63.19999999999999,1,1,1.0
46,6,120.82,269.99,69.20000000000002,59.39999999999998,1,1,1.0
46,7,1084.35,476.4,50.25,90.95000000000005,1,1,1.0
46,8,130.0,423.25,54.80000000000001,62.75999999999999,1,1,1.0
46,9,138.99,527.36,61.41,49.43999999999994,1,1,1.0
46,10,1046.68,33.61,51.679999999999836,78.27,1,1,1.0
46,11,131.12,220.8,75.78,55.420000000000016,1,1,1.0
46,12,452.6,637.9,65.19999999999993,63.200000000000045,1,1,1.0
46,13,897.36,327.44,69.18999999999994,61.44,1,1,1.0
46,14,656.18,443.72,81.19000000000005,56.329999999999984,1,1,1.0
46,15,773.85,445.97,64.44999999999993,39.77999999999997,1,1,1.0
46,16,1010.1,26.42,42.83000000000004,61.480000000000004,1,1,1.0
46,17,706.22,392.93,69.18999999999994,83.64999999999998,1,1,1.0
46,18,805.8,379.9,60.22000000000003,87.94,1,1,1.0
46,19,875.92,455.77,53.629999999999995,78.93000000000006,1,1,1.0
46,20,1020.9,486.0,67.60000000000002,75.39999999999998,1,1,1.0
46,21,1012.0,337.91,75.79999999999995,105.08999999999997,1,1,1.0
46,22,1004.65,620.13,46.250000000000114,65.37,1,1,1.0
46,23,930.32,460.91,66.75999999999999,83.21999999999997,1,1,1.0
46,24,840.49,441.2,82.80999999999995,44.50999999999999,1,1,1.0
46,25,1084.86,199.45,65.74000000000001,69.75,1,1,1.0
46,26,1092.76,30.25,55.440000000000055,72.61,1,1,1.0
46,27,975.5,22.01,54.039999999999964,51.08999999999999,1,1,1.0
46,28,890.9,6.8,66.51999999999998,79.88000000000001,1,1,1.0
47,1,750.03,156.2,99.73000000000002,58.33000000000001,1,1,1.0
47,2,928.0,10.15,56.200000000000045,82.75,1,1,1.0
47,3,126.46,480.59,51.780000000000015,78.21999999999997,1,1,1.0
47,4,141.39,611.59,82.0,56.89999999999998,1,1,1.0
47,5,151.52,153.09,64.19999999999999,63.19999999999999,1,1,1.0
47,6,120.82,269.99,69.20000000000002,65.24000000000001,1,1,1.0
47,7,1066.81,512.74,50.25,90.95000000000005,1,1,1.0
47,8,129.17,423.85,55.03,64.22999999999996,1,1,1.0
47,9,142.54,527.36,57.860000000000014,52.09000000000003,1,1,1.0
47,10,1047.49,31.53,51.210000000000036,76.07,1,1,1.0
47,11,118.6,224.6,88.30000000000001,65.41,1,1,1.0
47,12,452.6,637.85,65.5,63.25,1,1,1.0
47,13,839.02,300.0,84.68000000000006,57.129999999999995,1,1,1.0
47,14,653.69,442.76,83.67999999999995,55.76999999999998,1,1,1.0
47,15,773.99,445.97,65.90999999999997,41.51999999999998,1,1,1.0
47,16,1010.1,26.42,42.83000000000004,61.480000000000004,1,1,1.0
47,17,706.19,392.9,69.01999999999998,83.94,1,1,1.0
47,18,805.9,380.0,60.22000000000003,87.0,1,1,1.0
47,19,875.83,455.6,54.41999999999996,77.69999999999993,1,1,1.0
47,20,1038.44,477.23,67.59999999999991,75.39999999999998,1,1,1.0
47,21,1012.0,337.91,75.75,105.10999999999996,1,1,1.0
47,22,1004.65,620.13,46.250000000000114,65.37,1,1,1.0
47,23,926.58,469.53,67.18999999999994,79.13,1,1,1.0
47,24,837.25,440.04,79.25,49.22999999999996,1,1,1.0
47,25,1084.97,198.07,65.62999999999988,71.13,1,1,1.0
47,26,1092.76,26.9,52.539999999999964,75.96000000000001,1,1,1.0
47,27,973.42,23.3,58.780000000000086,47.55,1,1,1.0
47,28,890.3,13.6,60.55000000000007,76.61,1,1,1.0
48,1,732.94,149.72,104.45999999999992,60.379999999999995,1,1,1.0
48,2,929.77,24.29,50.02999999999997,82.71000000000001,1,1,1.0
48,3,120.3,480.59,57.94000000000001,65.81,1,1,1.0
48,4,145.69,611.59,77.69999999999999,56.90999999999997,1,1,1.0
48,5,151.52,151.63,64.19,64.66,1,1,1.0
48,6,120.82,269.99,69.19,71.07,1,1,1.0
48,7,1059.9,532.52,56.24000000000001,91.38999999999999,1,1,1.0
48,8,128.33,424.45,55.25999999999999,65.69,1,1,1.0
48,9,146.1,527.36,54.30000000000001,54.74000000000001,1,1,1.0
48,10,1048.3,29.45,50.75,73.88,1,1,1.0
48,11,117.95,225.41,88.3,65.4,1,1,1.0
48,12,452.6,637.81,65.79999999999995,63.29000000000008,1,1,1.0
48,13,790.42,319.4,79.38,64.24000000000001,1,1,1.0
48,14,651.2,441.8,86.16999999999996,55.19999999999999,1,1,1.0
48,15,774.12,445.97,67.38,43.25,1,1,1.0
48,16,1010.1,26.42,42.83000000000004,61.480000000000004,1,1,1.0
48,17,706.15,392.87,68.87,84.23000000000002,1,1,1.0
48,18,806.0,380.1,60.23000000000002,86.06,1,1,1.0
48,19,875.75,455.42,55.200000000000045,76.47999999999996,1,1,1.0
48,20,1040.2,477.23,65.83999999999992,63.069999999999936,1,1,1.0
48,21,1012.0,337.91,75.70000000000005,105.13,1,1,1.0
48,22,1004.65,620.13,46.250000000000114,65.37,1,1,1.0
48,23,922.83,478.15,67.62,75.04000000000008,1,1,1.0
48,24,834.01,438.88,75.69000000000005,53.94,1,1,1.0
48,25,1085.09,196.68,65.50999999999999,72.51999999999998,1,1,1.0
48,26,1092.91,22.57,51.68999999999983,82.86000000000001,1,1,1.0
48,27,975.11,22.75,62.17999999999995,49.09,1,1,1.0
48,28,890.3,12.09,60.82000000000005,78.11999999999999,1,1,1.0
49,1,693.85,138.93,104.45999999999992,60.389999999999986,1,1,1.0
49,2,928.35,20.33,50.85000000000002,89.17,1,1,1.0
49,3,131.1,464.05,57.93000000000001,73.44999999999999,1,1,1.0
49,4,150.0,611.59,73.38999999999999,56.90999999999997,1,1,1.0
49,5,151.52,150.17,64.19,66.12,1,1,1.0
49,6,120.82,269.99,69.18,76.90999999999997,1,1,1.0
49,7,1053.0,552.3,62.22000000000003,91.83000000000004,1,1,1.0
49,8,127.5,425.06,55.49000000000001,67.13999999999999,1,1,1.0
49,9,139.63,530.95,73.27000000000001,54.049999999999955,1,1,1.0
49,10,1049.1,27.37,50.29000000000019,71.69,1,1,1.0
49,11,117.31,226.22,88.30000000000001,65.4,1,1,1.0
49,12,452.6,637.77,66.10000000000002,63.33000000000004,1,1,1.0
49,13,748.1,321.24,87.68999999999994,75.25999999999999,1,1,1.0
49,14,650.75,442.25,86.16999999999996,55.19999999999999,1,1,1.0
49,15,774.26,445.97,68.84000000000003,44.98999999999995,1,1,1.0
49,16,1010.1,26.42,42.83000000000004,61.480000000000004,1,1,1.0
49,17,706.12,392.84,68.70000000000005,84.52000000000004,1,1,1.0
49,18,806.1,380.2,60.23000000000002,85.13,1,1,1.0
49,19,875.67,455.25,55.97000000000003,75.25,1,1,1.0
49,20,1044.21,466.81,64.75999999999999,67.33999999999997,1,1,1.0
49,21,1012.0,337.91,75.65000000000009,105.14999999999998,1,1,1.0
49,22,1004.65,620.13,46.250000000000114,65.37,1,1,1.0
49,23,919.09,486.76,68.03999999999996,70.96000000000004,1,1,1.0
49,24,830.77,437.72,72.13,58.65999999999997,1,1,1.0
49,25,1085.2,195.3,65.39999999999986,73.89999999999998,1,1,1.0
49,26,1093.05,18.24,50.850000000000136,89.76,1,1,1.0
49,27,976.8,22.2,65.59000000000015,50.64,1,1,1.0
49,28,890.3,10.58,61.09000000000003,79.63,1,1,1.0
50,1,705.4,113.2,92.90999999999997,86.11999999999999,1,1,1.0
50,2,929.07,20.87,49.969999999999914,89.39999999999999,1,1,1.0
50,3,130.07,457.89,57.94,73.45000000000005,1,1,1.0
50,4,140.86,609.9,80.83999999999997,57.5,1,1,1.0
50,5,151.52,148.71,64.19,67.57999999999998,1,1,1.0
50,6,152.12,282.82,60.47999999999999,64.57999999999998,1,1,1.0
50,7,1075.46,570.49,52.63999999999987,58.110000000000014,1,1,1.0
50,8,127.98,425.24,55.489999999999995,65.68,1,1,1.0
50,9,124.23,522.23,68.67,64.26999999999998,1,1,1.0
50,10,1049.91,25.3,49.82999999999993,69.48,1,1,1.0
50,11,116.66,227.02,88.30000000000001,65.41,1,1,1.0
50,12,452.6,637.72,66.39999999999998,63.379999999999995,1,1,1.0
50,13,695.15,325.5,98.35000000000002,81.16000000000003,1,1,1.0
50,14,650.29,442.71,86.17000000000007,55.19,1,1,1.0
50,15,774.4,445.97,70.30000000000007,46.72999999999996,1,1,1.0
50,16,1010.1,26.42,42.83000000000004,61.480000000000004,1,1,1.0
50,17,706.09,392.8,68.53999999999996,84.82,1,1,1.0
50,18,806.2,380.3,60.24000000000001,84.19,1,1,1.0
50,19,875.58,455.07,56.75999999999999,74.03000000000003,1,1,1.0
50,20,1048.22,456.4,63.680000000000064,71.60000000000002,1,1,1.0
50,21,1012.0,337.91,75.59999999999991,105.16999999999996,1,1,1.0
50,22,1004.65,620.13,46.250000000000114,65.37,1,1,1.0
50,23,915.34,495.38,68.48000000000002,66.86000000000001,1,1,1.0
50,24,827.53,436.56,68.57000000000005,63.370000000000005,1,1,1.0
50,25,1085.2,195.94,64.94000000000005,73.25999999999999,1,1,1.0
50,26,1093.05,25.12,50.850000000000136,82.88,1,1,1.0
50,27,977.53,24.3,64.13000000000011,49.91,1,1,1.0
50,28,890.3,9.07,61.370000000000005,81.13999999999999,1,1,1.0
51,1,699.8,130.1,98.50999999999999,69.22,1,1,1.0
51,2,929.79,21.42,49.09000000000003,89.63,1,1,1.0
51,3,128.46,459.1,60.91,72.77999999999997,1,1,1.0
51,4,138.16,609.8,83.53999999999999,57.60000000000002,1,1,1.0
51,5,151.52,147.26,64.17999999999998,69.03,1,1,1.0
51,6,152.12,282.82,62.879999999999995,67.43,1,1,1.0
51,7,1067.01,566.26,52.63000000000011,58.110000000000014,1,1,1.0
51,8,128.46,425.42,55.47999999999999,64.20999999999998,1,1,1.0
51,9,128.68,524.65,67.87,61.450000000000045,1,1,1.0
51,10,1050.72,23.22,49.36999999999989,67.29,1,1,1.0
51,11,116.02,227.83,88.3,65.41,1,1,1.0
51,12,452.6,637.68,66.69999999999993,63.42000000000007,1,1,1.0
51,13,626.69,373.1,63.309999999999945,91.57,1,1,1.0
51,14,649.84,443.16,86.16999999999996,55.19999999999999,1,1,1.0
51,15,775.81,445.43,69.32000000000005,46.51999999999998,1,1,1.0
51,16,1010.1,26.42,42.83000000000004,61.480000000000004,1,1,1.0
51,17,706.06,392.77,68.38000000000011,85.11000000000001,1,1,1.0
51,18,806.3,380.4,60.24000000000001,83.26000000000005,1,1,1.0
51,19,875.5,454.9,57.539999999999964,72.80000000000007,1,1,1.0
51,20,1053.61,464.73,62.590000000000146,64.35000000000002,1,1,1.0
51,21,1012.0,337.91,75.54999999999995,105.19,1,1,1.0
51,22,1004.65,620.13,46.250000000000114,65.37,1,1,1.0
51,23,911.6,504.0,68.89999999999998,62.76999999999998,1,1,1.0
51,24,824.29,435.4,65.00999999999999,68.08000000000004,1,1,1.0
51,25,1085.2,196.57,64.47000000000003,72.63,1,1,1.0
51,26,1093.05,32.0,50.850000000000136,76.0,1,1,1.0
51,27,978.25,26.4,62.690000000000055,49.190000000000005,1,1,1.0
51,28,890.3,7.56,61.6400000000001,82.64999999999999,1,1,1.0
52,1,701.01,132.12,98.50999999999999,69.22,1,1,1.0
52,2,930.51,21.97,48.200000000000045,89.85,1,1,1.0
52,3,126.84,460.3,63.900000000000006,72.11999999999995,1,1,1.0
52,4,135.47,609.7,86.22999999999999,57.69999999999993,1,1,1.0
52,5,151.52,145.8,64.17999999999998,70.48999999999998,1,1,1.0
52,6,152.12,282.82,65.28,70.28000000000003,1,1,1.0
52,7,1063.78,565.45,52.63000000000011,58.1099999999999,1,1,1.0
52,8,128.93,425.59,55.48999999999998,62.76000000000005,1,1,1.0
52,9,133.12,527.08,67.07999999999998,58.620000000000005,1,1,1.0
52,10,1050.72,20.41,54.61999999999989,70.10000000000001,1,1,1.0
52,11,115.37,228.64,88.29999999999998,65.40000000000003,1,1,1.0
52,12,452.6,637.63,67.0,63.47000000000003,1,1,1.0
52,13,628.3,374.7,58.47000000000003,94.00999999999999,1,1,1.0
52,14,649.39,443.61,86.16999999999996,55.19999999999999,1,1,1.0
52,15,777.21,444.89,68.36000000000001,46.31,1,1,1.0
52,16,1010.1,26.42,42.83000000000004,61.480000000000004,1,1,1.0
52,17,706.02,392.74,68.22000000000003,85.39999999999998,1,1,1.0
52,18,806.64,381.26,60.24000000000001,83.25,1,1,1.0
52,19,876.31,452.8,54.610000000000014,78.30000000000001,1,1,1.0
52,20,1058.99,473.07,61.50999999999999,57.079999999999984,1,1,1.0
52,21,1012.0,337.91,75.5,105.20999999999998,1,1,1.0
52,22,1004.65,620.13,46.250000000000114,65.37,1,1,1.0
52,23,739.55,478.96,76.95000000000005,70.83999999999997,1,1,1.0
52,24,830.1,440.25,59.19999999999993,75.84000000000003,1,1,1.0
52,25,1085.2,197.21,64.00999999999999,71.98999999999998,1,1,1.0
52,26,1092.64,32.0,50.8599999999999,76.0,1,1,1.0
52,27,978.98,28.5,61.23000000000002,48.459999999999994,1,1,1.0
52,28,890.3,6.04,61.91000000000008,84.16999999999999,1,1,1.0
53,1,702.22,134.14,98.50999999999999,69.21000000000001,1,1,1.0
53,2,931.22,22.51,47.32999999999993,90.08,1,1,1.0
53,3,125.22,461.5,66.88,71.46000000000004,1,1,1.0
53,4,132.78,609.6,88.91999999999999,57.799999999999955,1,1,1.0
53,5,151.89,149.16,64.18,70.49000000000001,1,1,1.0
53,6,152.12,282.82,64.85999999999999,71.41000000000003,1,1,1.0
53,7,1060.55,564.64,52.63000000000011,58.120000000000005,1,1,1.0
53,8,129.41,425.77,55.47999999999999,61.30000000000001,1,1,1.0
53,9,127.86,527.08,72.33999999999999,57.120000000000005,1,1,1.0
53,10,1050.72,17.6,59.87999999999988,72.91,1,1,1.0
53,11,122.48,226.42,81.18999999999998,68.37000000000003,1,1,1.0
53,12,452.6,637.59,67.29999999999995,63.50999999999999,1,1,1.0
53,13,627.65,378.9,58.47000000000003,94.01000000000005,1,1,1.0
53,14,648.94,444.06,86.16999999999996,55.19999999999999,1,1,1.0
53,15,778.62,444.35,67.38,46.099999999999966,1,1,1.0
53,16,1010.1,26.42,42.83000000000004,61.480000000000004,1,1,1.0
53,17,705.99,392.71,68.05999999999995,85.69,1,1,1.0
53,18,806.99,382.11,60.24000000000001,83.25999999999999,1,1,1.0
53,19,877.12,450.7,51.67999999999995,83.79000000000002,1,1,1.0
53,20,1064.38,481.4,60.419999999999845,49.83000000000004,1,1,1.0
53,21,1012.0,337.91,75.45000000000005,105.22999999999996,1,1,1.0
53,22,1004.65,620.13,46.250000000000114,65.37,1,1,1.0
53,23,736.96,460.85,59.139999999999986,104.44999999999993,1,1,1.0
53,24,835.9,445.1,53.39999999999998,83.60000000000002,1,1,1.0
53,25,1085.2,197.85,63.549999999999955,71.35,1,1,1.0
53,26,1092.24,32.0,50.84999999999991,76.0,1,1,1.0
53,27,979.71,30.6,59.76999999999998,47.74,1,1,1.0
53,28,890.3,4.53,62.180000000000064,85.67999999999999,1,1,1.0
54,1,703.77,107.8,96.98000000000002,98.66000000000001,1,1,1.0
54,2,931.94,23.06,46.44999999999993,90.31,1,1,1.0
54,3,134.19,458.5,60.91,78.95000000000005,1,1,1.0
54,4,130.09,609.5,91.60999999999999,57.89999999999998,1,1,1.0
54,5,152.27,152.53,64.17999999999998,70.47999999999999,1,1,1.0
54,6,152.12,282.82,64.43,72.53000000000003,1,1,1.0
54,7,1060.55,564.64,55.690000000000055,57.700000000000045,1,1,1.0
54,8,129.89,425.95,55.48000000000002,59.829999999999984,1,1,1.0
54,9,122.6,527.08,77.6,55.620000000000005,1,1,1.0
54,10,1050.72,16.4,70.87999999999988,74.11000000000001,1,1,1.0
54,11,129.6,224.19,74.07,71.35000000000002,1,1,1.0
54,12,452.6,637.54,67.60000000000002,63.56000000000006,1,1,1.0
54,13,623.1,379.66,58.47000000000003,94.00999999999999,1,1,1.0
54,14,648.94,444.06,86.16999999999996,55.19999999999999,1,1,1.0
54,15,780.02,443.81,66.40999999999997,45.889999999999986,1,1,1.0
54,16,1010.1,26.42,42.83000000000004,61.480000000000004,1,1,1.0
54,17,705.96,392.68,67.88999999999999,85.98000000000002,1,1,1.0
54,18,807.33,382.97,60.24000000000001,83.25999999999999,1,1,1.0
54,19,876.8,451.65,51.690000000000055,83.79000000000008,1,1,1.0
54,20,1072.6,481.4,52.200000000000045,66.30000000000007,1,1,1.0
54,21,1012.0,337.91,75.40000000000009,105.25,1,1,1.0
54,22,1004.65,620.13,46.250000000000114,65.37,1,1,1.0
54,23,737.71,458.61,59.139999999999986,104.44999999999993,1,1,1.0
54,24,829.92,504.9,95.98000000000002,53.0,1,1,1.0
54,25,1085.2,198.48,63.07999999999993,70.72,1,1,1.0
54,26,1092.24,33.57,50.15000000000009,74.43,1,1,1.0
54,27,980.43,32.7,58.32000000000005,47.00999999999999,1,1,1.0
54,28,890.3,3.02,62.460000000000036,87.19,1,1,1.0
55,1,785.6,99.98,106.41999999999996,64.21999999999998,1,1,1.0
55,2,932.66,23.61,45.57000000000005,90.53,1,1,1.0
55,3,132.21,463.02,60.91,78.95000000000005,1,1,1.0
55,4,127.4,609.4,94.29999999999998,58.0,1,1,1.0
55,5,155.9,144.0,60.54999999999998,79.00999999999999,1,1,1.0
55,6,152.12,282.82,64.00999999999999,73.66000000000003,1,1,1.0
55,7,1060.55,564.64,58.74000000000001,57.289999999999964,1,1,1.0
55,8,130.37,426.13,55.47999999999999,58.370000000000005,1,1,1.0
55,9,126.27,526.79,72.8,55.06000000000006,1,1,1.0
55,10,1050.87,15.53,68.23000000000002,80.42999999999999,1,1,1.0
55,11,122.5,221.8,81.16999999999999,73.74000000000001,1,1,1.0
55,12,452.6,637.5,67.89999999999998,63.60000000000002,1,1,1.0
55,13,618.54,380.42,58.47000000000003,94.00999999999999,1,1,1.0
55,14,648.94,444.06,86.16999999999996,55.19999999999999,1,1,1.0
55,15,781.43,443.27,65.44000000000005,45.68000000000001,1,1,1.0
55,16,1010.1,26.42,42.83000000000004,61.480000000000004,1,1,0.0
55,17,705.95,392.99,74.70999999999992,83.73000000000002,1,1,1.0
55,18,807.67,383.83,60.24000000000001,83.25,1,1,1.0
55,19,876.49,452.59,51.67999999999995,83.79000000000002,1,1,1.0
55,20,1080.37,493.3,53.23000000000002,71.48999999999995,1,1,1.0
55,21,1012.0,337.91,75.34999999999991,105.26999999999998,1,1,1.0
55,22,1004.65,620.13,46.250000000000114,65.37,1,1,1.0
55,23,733.9,458.61,62.950000000000045,93.78999999999996,1,1,1.0
55,24,916.42,469.16,35.879999999999995,78.94,1,1,1.0
55,25,1085.2,199.12,62.61999999999989,70.07999999999998,1,1,1.0
55,26,1092.24,35.13,49.460000000000036,72.87,1,1,1.0
55,27,981.16,34.8,56.870000000000005,46.290000000000006,1,1,1.0
55,28,890.3,1.51,62.73000000000002,88.69999999999999,1,1,1.0
56,1,811.6,95.46,91.69999999999993,64.24,1,1,1.0
56,2,933.38,24.15,44.67999999999995,90.75999999999999,1,1,1.0
56,3,130.23,467.54,60.91,78.94999999999999,1,1,1.0
56,4,142.1,605.4,79.6,62.0,1,1,1.0
56,5,154.77,149.65,60.54999999999998,79.01999999999998,1,1,1.0
56,6,152.12,282.82,63.579999999999984,74.78000000000003,1,1,1.0
56,7,1060.55,564.64,61.799999999999955,56.870000000000005,1,1,1.0
56,8,130.85,426.31,55.47,56.910000000000025,1,1,1.0
56,9,129.94,526.5,68.0,54.5,1,1,1.0
56,10,1051.02,14.67,65.57999999999993,86.74,1,1,1.0
56,11,117.98,220.1,81.17,73.73999999999998,1,1,1.0
56,12,452.6,637.5,67.89999999999998,63.60000000000002,1,1,1.0
56,13,617.07,380.84,58.469999999999914,94.01000000000005,1,1,1.0
56,14,648.94,444.06,86.16999999999996,55.19999999999999,1,1,1.0
56,15,782.83,442.73,64.46999999999991,45.46999999999997,1,1,1.0
56,16,1024.89,21.04,39.83999999999992,71.28,1,1,0.0
56,17,705.94,393.29,81.52999999999997,81.47999999999996,1,1,1.0
56,18,808.01,384.68,60.24000000000001,83.25999999999999,1,1,1.0
56,19,876.17,453.54,51.690000000000055,83.79000000000002,1,1,1.0
56,20,1072.19,497.62,53.23000000000002,71.49000000000001,1,1,1.0
56,21,1012.0,337.91,75.29999999999995,105.28999999999996,1,1,1.0
56,22,1004.65,620.13,46.250000000000114,65.37,1,1,1.0
56,23,733.9,458.61,62.950000000000045,93.78999999999996,1,1,1.0
56,24,917.71,458.79,35.889999999999986,78.93,1,1,1.0
56,25,1085.2,199.75,62.149999999999864,69.44999999999999,1,1,1.0
56,26,1092.24,36.7,48.75999999999999,71.3,1,1,1.0
56,27,981.89,36.9,55.40999999999997,45.559999999999995,1,1,1.0
56,28,890.3,0.0,63.0,90.21,1,1,1.0
57,1,812.04,90.16,77.56000000000006,64.64000000000001,1,1,1.0
57,2,934.1,24.7,43.799999999999955,90.99,1,1,1.0
57,3,129.14,468.35,69.96000000000001,71.55999999999995,1,1,1.0
57,4,143.4,587.8,67.79999999999998,82.96000000000004,1,1,1.0
57,5,154.77,144.19,60.54999999999998,79.02000000000001,1,1,1.0
57,6,151.85,281.03,63.56999999999999,76.71000000000004,1,1,1.0
57,7,1060.55,564.64,64.85000000000014,56.460000000000036,1,1,1.0
57,8,131.32,426.49,55.48000000000002,55.44,1,1,1.0
57,9,123.07,520.16,65.75,58.99000000000001,1,1,1.0
57,10,1051.17,13.8,62.929999999999836,93.05,1,1,1.0
57,11,120.19,218.74,78.96000000000001,75.09999999999997,1,1,1.0
57,12,452.6,637.5,67.89999999999998,63.60000000000002,1,1,1.0
57,13,615.6,381.26,58.47000000000003,94.00999999999999,1,1,1.0
57,14,648.94,444.06,86.16999999999996,55.19999999999999,1,1,1.0
57,15,791.23,442.73,71.16999999999996,46.76999999999998,1,1,1.0
57,16,1012.5,21.0,49.13000000000011,67.79,1,1,0.0
57,17,707.6,395.0,76.50999999999999,73.05000000000001,1,1,1.0
57,18,808.01,384.68,60.24000000000001,83.25999999999999,1,1,1.0
57,19,875.86,454.48,51.67999999999995,83.78999999999996,1,1,1.0
57,20,1066.39,498.4,59.1099999999999,67.27999999999997,1,1,1.0
57,21,1012.0,337.91,65.70000000000005,87.48999999999995,1,1,1.0
57,22,1004.65,620.13,46.250000000000114,65.37,1,1,1.0
57,23,733.9,458.61,62.950000000000045,93.78999999999996,1,1,1.0
57,24,915.19,455.85,40.50999999999999,80.64999999999998,1,1,1.0
57,25,1085.2,200.39,61.690000000000055,68.81,1,1,1.0
57,26,1092.24,40.0,54.3599999999999,68.0,1,1,1.0
57,27,983.7,32.0,53.59999999999991,50.459999999999994,1,1,1.0
57,28,891.6,0.44,61.25999999999999,91.96000000000001,1,1,1.0
58,1,814.12,88.1,80.40999999999997,67.95000000000002,1,1,1.0
58,2,934.1,24.7,43.799999999999955,90.99,1,1,1.0
58,3,128.04,469.16,79.02000000000001,64.17000000000002,1,1,1.0
58,4,150.27,554.24,59.829999999999984,75.25999999999999,1,1,1.0
58,5,154.77,144.19,60.54999999999998,79.02000000000001,1,1,1.0
58,6,151.57,279.24,63.56999999999999,78.63999999999999,1,1,1.0
58,7,1060.55,564.64,64.85000000000014,56.460000000000036,1,1,1.0
58,8,131.8,426.66,55.47,53.98999999999995,1,1,1.0
58,9,116.2,513.82,63.499999999999986,63.479999999999905,1,1,1.0
58,10,1051.17,17.43,62.059999999999945,89.41999999999999,1,1,1.0
58,11,122.39,217.37,76.76,76.46999999999997,1,1,1.0
58,12,452.6,637.5,67.89999999999998,63.60000000000002,1,1,1.0
58,13,615.6,381.26,58.47000000000003,94.00999999999999,1,1,1.0
58,14,648.94,444.06,86.16999999999996,55.19999999999999,1,1,1.0
58,15,791.23,442.73,71.16999999999996,46.76999999999998,1,1,1.0
58,16,1012.5,21.0,49.13000000000011,67.79,1,1,0.0
58,17,707.6,395.0,76.50999999999999,73.05000000000001,1,1,1.0
58,18,808.01,384.68,60.24000000000001,83.25999999999999,1,1,1.0
58,19,875.86,454.48,51.67999999999995,83.78999999999996,1,1,1.0
58,20,1060.21,503.3,63.159999999999854,68.98999999999995,1,1,1.0
58,21,993.12,356.8,84.58000000000004,85.38,1,1,1.0
58,22,1004.65,620.13,46.250000000000114,65.37,1,1,1.0
58,23,733.9,458.61,62.950000000000045,93.78999999999996,1,1,1.0
58,24,915.19,453.5,41.139999999999986,83.0,1,1,1.0
58,25,1085.2,201.03,61.23000000000002,68.16999999999999,1,1,1.0
58,26,1091.75,36.56,54.3599999999999,68.0,1,1,1.0
58,27,983.7,32.0,53.59999999999991,50.459999999999994,1,1,1.0
58,28,893.24,11.13,61.25999999999999,91.96000000000001,1,1,1.0
59,1,816.2,86.05,83.26999999999998,71.25000000000001,1,1,1.0
59,2,934.1,24.7,43.799999999999955,90.99,1,1,1.0
59,3,126.95,469.97,88.05999999999999,56.789999999999964,1,1,1.0
59,4,146.16,541.91,78.74000000000001,64.59000000000003,1,1,1.0
59,5,154.77,144.19,60.54999999999998,79.02000000000001,1,1,1.0
59,6,151.3,277.46,63.56,80.56,1,1,1.0
59,7,1060.55,564.64,64.85000000000014,56.460000000000036,1,1,1.0
59,8,132.28,426.84,55.47,52.53000000000003,1,1,1.0
59,9,107.2,513.82,70.86,48.67999999999995,1,1,1.0
59,10,1051.17,21.07,61.19999999999982,85.78,1,1,1.0
59,11,124.6,216.0,74.55000000000001,77.83999999999997,1,1,1.0
59,12,452.6,637.5,67.89999999999998,63.60000000000002,1,1,1.0
59,13,615.6,381.26,58.47000000000003,94.00999999999999,1,1,1.0
59,14,648.94,444.06,86.16999999999996,55.19999999999999,1,1,1.0
59,15,791.23,442.73,71.16999999999996,46.76999999999998,1,1,1.0
59,16,1012.5,21.0,49.13000000000011,67.79,1,1,0.0
59,17,707.6,395.0,76.50999999999999,73.05000000000001,1,1,1.0
59,18,808.01,384.68,60.24000000000001,83.25999999999999,1,1,1.0
59,19,875.86,454.48,51.67999999999995,83.78999999999996,1,1,1.0
59,20,1054.03,508.2,67.20000000000005,70.69999999999999,1,1,1.0
59,21,972.23,361.4,91.97000000000003,73.84000000000003,1,1,1.0
59,22,1004.65,620.13,46.250000000000114,65.37,1,1,1.0
59,23,733.9,458.61,62.950000000000045,93.78999999999996,1,1,1.0
59,24,915.19,451.15,41.77999999999997,85.35000000000002,1,1,1.0
59,25,1085.2,201.66,60.75999999999999,67.53999999999999,1,1,1.0
59,26,1091.26,33.12,54.3599999999999,68.0,1,1,1.0
59,27,983.7,32.0,53.59999999999991,50.459999999999994,1,1,1.0
59,28,894.89,21.82,61.25999999999999,91.96000000000001,1,1,1.0
60,1,826.4,61.11,75.62,87.19000000000001,1,1,1.0
60,2,934.1,24.7,43.799999999999955,90.99,1,1,1.0
60,3,126.95,469.97,88.51,53.15999999999997,1,1,1.0
60,4,146.16,540.11,75.44,66.38999999999999,1,1,1.0
60,5,154.77,144.19,60.54999999999998,79.02000000000001,1,1,1.0
60,6,151.02,275.67,63.56,82.49000000000001,1,1,1.0
60,7,1060.55,564.64,64.85000000000014,56.460000000000036,1,1,1.0
60,8,132.76,427.02,55.46000000000001,51.06,1,1,1.0
60,9,107.2,513.82,70.86,48.67999999999995,1,1,1.0
60,10,1051.17,24.7,60.32999999999993,82.14999999999999,1,1,1.0
60,11,126.57,217.31,74.55000000000001,77.85000000000002,1,1,1.0
60,12,452.6,637.5,67.89999999999998,63.60000000000002,1,1,1.0
60,13,615.6,381.26,58.47000000000003,94.00999999999999,1,1,1.0
60,14,648.94,444.06,86.16999999999996,55.19999999999999,1,1,1.0
60,15,791.23,442.73,71.16999999999996,46.76999999999998,1,1,1.0
60,16,1012.5,21.0,49.13000000000011,67.79,1,1,0.0
60,17,707.6,395.0,76.50999999999999,73.05000000000001,1,1,1.0
60,18,808.01,384.68,60.24000000000001,83.25999999999999,1,1,1.0
60,19,875.86,454.48,51.67999999999995,83.78999999999996,1,1,1.0
60,20,1047.85,513.1,71.25,72.39999999999998,1,1,1.0
60,21,970.31,365.88,91.97000000000003,73.82999999999998,1,1,1.0
60,22,1004.65,620.13,46.250000000000114,65.37,1,1,1.0
60,23,733.9,458.61,62.950000000000045,93.78999999999996,1,1,1.0
60,24,915.19,448.8,42.40999999999997,87.69999999999999,1,1,1.0
60,25,1085.2,202.3,60.299999999999955,66.89999999999998,1,1,1.0
60,26,1086.91,39.64,54.3599999999999,68.0,1,1,1.0
60,27,983.7,32.0,53.59999999999991,50.459999999999994,1,1,1.0
60,28,894.89,19.26,61.25999999999999,91.96,1,1,1.0
61,1,826.4,61.11,75.62,87.19000000000001,1,1,1.0
61,2,934.1,24.7,43.799999999999955,90.99,1,1,1.0
61,3,126.95,469.97,88.95,49.52999999999997,1,1,1.0
61,4,146.16,538.3,72.14000000000001,68.20000000000005,1,1,1.0
61,5,154.77,144.19,60.54999999999998,79.02000000000001,1,1,1.0
61,6,150.75,273.88,63.55000000000001,84.42000000000002,1,1,1.0
61,7,1060.55,564.64,64.85000000000014,56.460000000000036,1,1,1.0
61,8,133.24,427.2,55.45999999999998,49.60000000000002,1,1,1.0
61,9,107.2,513.82,70.86,48.67999999999995,1,1,1.0
61,10,1050.77,17.19,60.33999999999992,82.16,1,1,1.0
61,11,128.54,218.63,74.55000000000001,77.84000000000003,1,1,1.0
61,12,452.6,637.5,67.89999999999998,63.60000000000002,1,1,1.0
61,13,615.6,381.26,58.47000000000003,94.00999999999999,1,1,1.0
61,14,648.94,444.06,86.16999999999996,55.19999999999999,1,1,1.0
61,15,791.23,442.73,71.16999999999996,46.76999999999998,1,1,1.0
61,16,1012.5,21.0,49.13000000000011,67.79,1,1,0.0
61,17,707.6,395.0,76.50999999999999,73.05000000000001,1,1,1.0
61,18,808.01,384.68,60.24000000000001,83.25999999999999,1,1,1.0
61,19,875.86,454.48,51.67999999999995,83.78999999999996,1,1,1.0
61,20,1044.7,513.1,74.39999999999986,61.5,1,1,1.0
61,21,970.31,365.88,91.97000000000003,73.82999999999998,1,1,1.0
61,22,1004.65,620.13,46.250000000000114,65.37,1,1,1.0
61,23,733.9,458.61,62.950000000000045,93.78999999999996,1,1,1.0
61,24,915.19,448.8,42.40999999999997,87.69999999999999,1,1,1.0
61,25,1085.2,202.3,60.299999999999955,66.89999999999998,1,1,1.0
61,26,1082.56,46.16,54.36000000000013,68.0,1,1,1.0
61,27,983.7,32.0,53.59999999999991,50.459999999999994,1,1,1.0
61,28,894.89,19.26,61.25999999999999,91.96,1,1,1.0
