0 0.462891 0.302778 0.069531 0.191667
0 0.257422 0.094444 0.067969 0.169444
0 0.153906 0.248611 0.067187 0.111111
0 0.307422 0.266667 0.064844 0.188889
0 0.525781 0.279861 0.057813 0.176389
0 0.259766 0.246528 0.057031 0.137500
0 0.876953 0.408333 0.039844 0.152778
0 0.776953 0.357639 0.077344 0.101389
0 0.606641 0.754167 0.069531 0.111111
0 0.803906 0.679167 0.075000 0.119444
0 0.670312 0.254861 0.060937 0.184722
0 0.155469 0.161806 0.057813 0.081944
0 0.480859 0.084722 0.100781 0.111111
0 0.880469 0.625694 0.067187 0.087500
0 0.371875 0.463194 0.087500 0.140278
0 0.467969 0.602778 0.062500 0.158333
0 0.430078 0.200000 0.102344 0.113889
0 0.780078 0.771528 0.064844 0.081944
0 0.212891 0.226389 0.055469 0.191667
