0 0.405859 0.090278 0.085156 0.111111
0 0.229297 0.225694 0.061719 0.140278
0 0.611719 0.532639 0.071875 0.081944
0 0.831641 0.836806 0.074219 0.081944
0 0.157812 0.372917 0.064062 0.115278
0 0.569922 0.297222 0.057031 0.175000
0 0.755469 0.715278 0.057813 0.127778
0 0.618359 0.361806 0.071094 0.137500
0 0.838281 0.264583 0.082812 0.140278
0 0.511328 0.411111 0.049219 0.158333
0 0.899609 0.212500 0.038281 0.086111
0 0.175000 0.285417 0.067187 0.095833
0 0.903906 0.314583 0.070312 0.145833
0 0.762109 0.842361 0.057031 0.079167
0 0.764453 0.552778 0.078906 0.133333
0 0.563672 0.729167 0.058594 0.163889
0 0.689453 0.710417 0.069531 0.115278
0 0.830078 0.718056 0.060156 0.136111
0 0.208594 0.494444 0.043750 0.127778
0 0.541406 0.622917 0.073438 0.073611
0 0.847266 0.367361 0.046094 0.120833
0 0.594531 0.067361 0.081250 0.084722
0 0.729297 0.118750 0.071094 0.087500
