0 0.146094 0.790278 0.043750 0.091667
0 0.218359 0.749306 0.041406 0.106944
0 0.393750 0.778472 0.089063 0.084722
0 0.296875 0.848611 0.075000 0.086111
0 0.164062 0.275000 0.068750 0.083333
0 0.193359 0.188889 0.063281 0.088889
0 0.152344 0.548611 0.054688 0.097222
0 0.209766 0.336806 0.075781 0.087500
0 0.163281 0.462500 0.051562 0.069444
0 0.252734 0.473611 0.063281 0.122222
0 0.598828 0.074306 0.064844 0.090278
0 0.480078 0.714583 0.088281 0.101389
0 0.388672 0.869444 0.071094 0.100000
0 0.391406 0.593056 0.068750 0.108333
0 0.851953 0.197917 0.053906 0.093056
0 0.457813 0.373611 0.087500 0.088889
0 0.638672 0.093056 0.041406 0.116667
0 0.588281 0.143056 0.062500 0.080556
0 0.169531 0.371528 0.045312 0.123611
0 0.260937 0.575000 0.084375 0.083333
0 0.861328 0.313194 0.044531 0.109722
0 0.133594 0.913194 0.056250 0.070833
0 0.152344 0.210417 0.039062 0.109722
0 0.122656 0.318750 0.040625 0.101389
0 0.116016 0.361111 0.041406 0.105556
0 0.289062 0.363889 0.050000 0.130556
