0 0.458842 0.0554722 0.0773669 0.110779
0 0.524518 0.391917 0.10232 0.117217
0 0.15988 0.177266 0.0629251 0.106477
0 0.160323 0.455288 0.0471444 0.127756
0 0.674528 0.520795 0.0609218 0.161478
0 0.297926 0.121802 0.0753437 0.106365
0 0.136537 0.636352 0.0595952 0.135393
0 0.360046 0.138371 0.0548903 0.16675
0 0.130536 0.778085 0.0402631 0.112128
0 0.231553 0.0552103 0.0490683 0.110421
0 0.650359 0.351435 0.0865701 0.114376
0 0.23632 0.64647 0.0663949 0.120613
0 0.582705 0.327826 0.0574215 0.099683
0 0.445314 0.489524 0.0632378 0.133969
0 0.745556 0.240067 0.0552691 0.125531
0 0.122487 0.210177 0.0413847 0.143885
0 0.328574 0.513827 0.0496989 0.149524
0 0.276732 0.475975 0.0693825 0.121446
0 0.757829 0.543152 0.0491234 0.139007
0 0.363581 0.565669 0.0762464 0.110334
0 0.310314 0.0352009 0.05275 0.0704019
0 0.138141 0.535192 0.0469895 0.107696
