0 0.146484 0.797917 0.036719 0.062500
0 0.128125 0.771528 0.031250 0.101389
0 0.139844 0.723611 0.051562 0.077778
0 0.142969 0.665278 0.045312 0.063889
0 0.175781 0.908333 0.054688 0.069444
0 0.335938 0.633333 0.043750 0.111111
0 0.195703 0.770139 0.066406 0.065278
0 0.520312 0.646528 0.073438 0.076389
0 0.615625 0.642361 0.056250 0.056944
0 0.624609 0.700000 0.042969 0.116667
0 0.666797 0.698611 0.039844 0.116667
0 0.575000 0.595833 0.037500 0.119444
0 0.792969 0.470833 0.050000 0.066667
0 0.872266 0.297917 0.047656 0.084722
0 0.771094 0.184722 0.053125 0.069444
0 0.531250 0.263194 0.062500 0.081944
0 0.261719 0.472917 0.056250 0.076389
0 0.241406 0.522222 0.048438 0.077778
0 0.564063 0.716667 0.034375 0.122222
0 0.801562 0.577778 0.054688 0.086111
0 0.924219 0.784028 0.043750 0.056944
0 0.698047 0.572917 0.047656 0.118056
0 0.755469 0.047917 0.040625 0.056944
0 0.721875 0.059028 0.034375 0.068056
0 0.691797 0.290278 0.041406 0.116667
0 0.807813 0.053472 0.025000 0.054167
0 0.766797 0.089583 0.044531 0.115278
0 0.792578 0.079861 0.021094 0.090278
