0 0.529244 0.391557 0.0873529 0.114846
0 0.457584 0.053755 0.0748587 0.107035
0 0.164621 0.459502 0.0456906 0.134977
0 0.675388 0.520382 0.0611435 0.165928
0 0.732648 0.531304 0.0548359 0.145082
0 0.325332 0.519977 0.0550709 0.144161
0 0.35901 0.134862 0.0561332 0.170751
0 0.293459 0.124453 0.0856117 0.109355
0 0.220754 0.0469828 0.0562253 0.0939657
0 0.445252 0.491593 0.0619174 0.133889
0 0.13851 0.313897 0.0463995 0.140414
0 0.582839 0.326468 0.0582044 0.10068
0 0.141051 0.631147 0.0506485 0.143997
0 0.201763 0.586571 0.0678588 0.0939092
0 0.158956 0.177844 0.0647786 0.102108
0 0.280554 0.476661 0.0693267 0.108126
0 0.78627 0.801529 0.0665213 0.0794342
0 0.648722 0.338094 0.0852089 0.139681
0 0.734492 0.236683 0.0623723 0.123883
0 0.362958 0.566573 0.0758695 0.100879
0 0.220334 0.50647 0.0544651 0.0968523
0 0.308539 0.0361948 0.048129 0.0723897
0 0.316585 0.039828 0.0603075 0.0796559
0 0.326701 0.0437099 0.0666793 0.0874198
0 0.817029 0.331563 0.0506674 0.0939483
