0 0.204297 0.463889 0.067969 0.113889
0 0.338672 0.531944 0.044531 0.136111
0 0.388281 0.596528 0.081250 0.104167
0 0.300391 0.402083 0.055469 0.170833
0 0.143359 0.420833 0.047656 0.100000
0 0.132031 0.500000 0.051562 0.127778
0 0.175391 0.340972 0.053906 0.170833
0 0.274219 0.277778 0.076563 0.100000
0 0.362109 0.254167 0.082031 0.100000
0 0.224219 0.133333 0.071875 0.130556
0 0.140234 0.206944 0.049219 0.144444
0 0.307812 0.077778 0.093750 0.141667
0 0.876172 0.278472 0.077344 0.081944
0 0.781250 0.376389 0.076563 0.108333
0 0.808203 0.752083 0.075781 0.118056
0 0.878125 0.682639 0.051562 0.084722
0 0.887109 0.468750 0.039844 0.129167
0 0.682422 0.104167 0.058594 0.161111
0 0.623828 0.697222 0.063281 0.125000
