0 0.285156 0.064583 0.092188 0.115278
0 0.203906 0.276389 0.062500 0.161111
0 0.123047 0.386806 0.069531 0.084722
0 0.120703 0.538889 0.055469 0.122222
0 0.811719 0.802083 0.075000 0.079167
0 0.540234 0.687500 0.111719 0.094444
0 0.272266 0.505556 0.074219 0.127778
0 0.491406 0.250694 0.100000 0.112500
0 0.711719 0.797222 0.050000 0.080556
0 0.737891 0.306944 0.091406 0.100000
0 0.880078 0.275694 0.053906 0.126389
0 0.895703 0.472917 0.057031 0.101389
0 0.876172 0.573611 0.053906 0.127778
0 0.839063 0.686111 0.076563 0.086111
0 0.850781 0.757639 0.050000 0.098611
0 0.707031 0.711806 0.070312 0.095833
0 0.170703 0.515278 0.047656 0.133333
0 0.187891 0.677083 0.061719 0.081944
0 0.592578 0.595833 0.074219 0.147222
0 0.858984 0.460417 0.063281 0.106944
