0 0.156250 0.159028 0.048438 0.123611
0 0.235547 0.216667 0.057031 0.133333
0 0.464062 0.040972 0.087500 0.079167
0 0.361328 0.215972 0.078906 0.115278
0 0.346875 0.535417 0.068750 0.129167
0 0.698438 0.507639 0.071875 0.123611
0 0.562500 0.491667 0.057813 0.163889
0 0.415234 0.548611 0.058594 0.116667
0 0.477734 0.427083 0.058594 0.140278
0 0.298047 0.638194 0.074219 0.101389
0 0.352344 0.343056 0.071875 0.100000
0 0.294141 0.736111 0.061719 0.086111
0 0.320312 0.063194 0.062500 0.123611
0 0.280469 0.475000 0.073438 0.113889
0 0.662891 0.348611 0.061719 0.150000
0 0.595313 0.662500 0.082812 0.080556
0 0.147266 0.634722 0.052344 0.125000
0 0.198828 0.679861 0.039844 0.101389
0 0.751563 0.538194 0.065625 0.093056
0 0.137891 0.350000 0.055469 0.086111
0 0.204687 0.027778 0.059375 0.052778
0 0.230078 0.087500 0.061719 0.122222
0 0.383984 0.043750 0.075781 0.084722
0 0.726172 0.238194 0.074219 0.056944
