0 0.260078 0.305514 0.0630569 0.113299
0 0.488594 0.44275 0.0796617 0.102238
0 0.529098 0.135078 0.0712642 0.11715
0 0.594943 0.348949 0.0941346 0.106977
0 0.31494 0.66115 0.0582735 0.129576
0 0.218338 0.199596 0.0485994 0.135954
0 0.2914 0.24048 0.0849334 0.0953195
0 0.448868 0.220025 0.0762951 0.0912315
0 0.857268 0.773167 0.0558041 0.092415
0 0.409533 0.115762 0.0874326 0.121762
0 0.151152 0.206394 0.0548629 0.102074
0 0.527194 0.255392 0.0870193 0.101966
0 0.157485 0.694816 0.0734995 0.0885013
0 0.221199 0.68184 0.0728371 0.0972379
0 0.766892 0.513004 0.0521017 0.147344
0 0.541645 0.587326 0.0711279 0.0841125
0 0.211057 0.503429 0.0648476 0.0798492
0 0.362947 0.432534 0.0552874 0.118504
0 0.191138 0.140098 0.0486829 0.137047
0 0.501523 0.539502 0.0556789 0.131843
0 0.863468 0.471212 0.0444683 0.0910105
0 0.609067 0.727093 0.0704698 0.109823
0 0.173651 0.594735 0.0657995 0.104824
0 0.132453 0.257076 0.0413625 0.106919
0 0.829907 0.433091 0.0507687 0.0966982
