0 0.261719 0.773611 0.050000 0.097222
0 0.412891 0.102083 0.061719 0.076389
0 0.138672 0.795833 0.036719 0.119444
0 0.635547 0.431250 0.057031 0.112500
0 0.374609 0.924306 0.050781 0.095833
0 0.646875 0.584028 0.043750 0.126389
0 0.762109 0.832639 0.042969 0.090278
0 0.735938 0.930556 0.056250 0.080556
0 0.605078 0.581944 0.050781 0.144444
0 0.844922 0.389583 0.039844 0.065278
0 0.843750 0.306944 0.028125 0.113889
0 0.125391 0.569444 0.055469 0.052778
0 0.112891 0.854167 0.032031 0.083333
0 0.676172 0.743750 0.041406 0.120833
0 0.739453 0.115972 0.072656 0.084722
0 0.791016 0.461806 0.050781 0.143056
0 0.111719 0.619444 0.046875 0.097222
0 0.330859 0.922917 0.046094 0.087500
0 0.734766 0.389583 0.060156 0.062500
0 0.615234 0.307639 0.042969 0.137500
0 0.519531 0.643056 0.067187 0.061111
0 0.872656 0.285417 0.034375 0.095833
0 0.558594 0.408333 0.054688 0.130556
0 0.490234 0.731250 0.049219 0.059722
0 0.117578 0.518750 0.042969 0.056944
0 0.818359 0.327778 0.038281 0.080556
0 0.646875 0.705556 0.040625 0.127778
0 0.512109 0.400694 0.046094 0.093056
