0 0.126172 0.644444 0.041406 0.088889
0 0.185547 0.620833 0.060156 0.077778
0 0.577734 0.652778 0.064844 0.072222
0 0.263672 0.930556 0.067969 0.088889
0 0.353906 0.758333 0.070312 0.072222
0 0.528906 0.709028 0.054688 0.123611
0 0.843359 0.908333 0.046094 0.058333
0 0.656250 0.648611 0.073438 0.077778
0 0.458203 0.937500 0.055469 0.072222
0 0.664844 0.781944 0.048438 0.100000
0 0.801172 0.916667 0.036719 0.077778
0 0.809375 0.877083 0.034375 0.090278
0 0.832031 0.920833 0.025000 0.083333
0 0.842578 0.859722 0.028906 0.088889
0 0.591016 0.565972 0.057031 0.056944
0 0.839453 0.313889 0.036719 0.116667
0 0.817187 0.263194 0.043750 0.120833
0 0.830859 0.090278 0.047656 0.063889
0 0.859375 0.117361 0.046875 0.068056
0 0.890234 0.120139 0.028906 0.059722
0 0.851172 0.452778 0.044531 0.083333
0 0.894922 0.161111 0.035156 0.091667
0 0.874609 0.204861 0.036719 0.095833
0 0.536328 0.377778 0.072656 0.083333
0 0.519922 0.102083 0.061719 0.106944
0 0.572656 0.055556 0.056250 0.100000
0 0.616797 0.056250 0.044531 0.087500
0 0.674219 0.181944 0.045312 0.113889
