0 0.118750 0.614583 0.037500 0.081944
0 0.151172 0.660417 0.049219 0.104167
0 0.573438 0.590278 0.054688 0.111111
0 0.654297 0.436806 0.050781 0.120833
0 0.379688 0.921528 0.048438 0.095833
0 0.821094 0.729861 0.045312 0.093056
0 0.648047 0.642361 0.071094 0.073611
0 0.460938 0.936111 0.057813 0.075000
0 0.635547 0.745139 0.050781 0.101389
0 0.814453 0.258333 0.046094 0.122222
0 0.237891 0.292361 0.038281 0.093056
0 0.794531 0.819444 0.042188 0.069444
0 0.746484 0.657639 0.049219 0.073611
0 0.592578 0.652778 0.064844 0.058333
0 0.856250 0.157639 0.048438 0.048611
0 0.858984 0.111111 0.052344 0.058333
0 0.599609 0.381944 0.071094 0.063889
0 0.838281 0.314583 0.037500 0.120833
0 0.522266 0.651389 0.083594 0.080556
0 0.780859 0.589583 0.049219 0.098611
0 0.527344 0.377083 0.076563 0.076389
0 0.503906 0.097917 0.071875 0.070833
0 0.550000 0.059722 0.054688 0.094444
0 0.615234 0.072222 0.046094 0.100000
0 0.675000 0.183333 0.051562 0.105556
0 0.836328 0.570833 0.046094 0.108333
0 0.883203 0.136806 0.027344 0.095833
0 0.126562 0.691667 0.048438 0.069444
