0 0.580078 0.736111 0.072656 0.091667
0 0.634375 0.642361 0.078125 0.104167
0 0.552734 0.115278 0.064844 0.102778
0 0.412500 0.330556 0.059375 0.105556
0 0.488672 0.129167 0.057031 0.136111
0 0.405469 0.650694 0.062500 0.129167
0 0.442969 0.719444 0.070312 0.066667
0 0.233594 0.573611 0.062500 0.150000
0 0.288281 0.572222 0.057813 0.086111
0 0.187891 0.781250 0.046094 0.090278
0 0.155859 0.763889 0.035156 0.105556
0 0.148828 0.643056 0.047656 0.113889
0 0.221875 0.661806 0.051562 0.115278
0 0.164062 0.430556 0.045312 0.127778
0 0.132422 0.412500 0.049219 0.100000
0 0.123438 0.297917 0.056250 0.081944
0 0.180469 0.277778 0.035937 0.119444
0 0.128516 0.217361 0.066406 0.084722
0 0.157812 0.519444 0.035937 0.080556
0 0.266797 0.287500 0.052344 0.158333
0 0.847656 0.822222 0.037500 0.111111
0 0.601172 0.079861 0.072656 0.093056
0 0.391406 0.095833 0.057813 0.086111
0 0.220703 0.304167 0.041406 0.144444
0 0.296875 0.213889 0.054688 0.113889
0 0.364844 0.437500 0.032813 0.125000
