0 0.610547 0.686111 0.067969 0.147222
0 0.332813 0.506944 0.068750 0.111111
0 0.816016 0.205556 0.071094 0.097222
0 0.566016 0.061111 0.069531 0.116667
0 0.374609 0.697917 0.061719 0.123611
0 0.265625 0.169444 0.053125 0.094444
0 0.677734 0.329861 0.071094 0.165278
0 0.528906 0.302083 0.056250 0.134722
0 0.892578 0.598611 0.061719 0.088889
0 0.779687 0.484028 0.054688 0.079167
0 0.810937 0.368056 0.084375 0.088889
0 0.235156 0.292361 0.050000 0.079167
0 0.782422 0.414583 0.055469 0.090278
0 0.151953 0.107639 0.067969 0.093056
0 0.323828 0.683333 0.046094 0.080556
0 0.666016 0.656250 0.061719 0.137500
0 0.848437 0.283333 0.062500 0.163889
0 0.906641 0.694444 0.066406 0.091667
0 0.213281 0.138194 0.060937 0.079167
0 0.215234 0.220139 0.091406 0.079167
0 0.789844 0.279167 0.084375 0.077778
