0 0.112500 0.575000 0.037500 0.075000
0 0.213672 0.255556 0.030469 0.097222
0 0.315234 0.820833 0.055469 0.072222
0 0.898828 0.477083 0.060156 0.065278
0 0.382812 0.921528 0.051562 0.090278
0 0.782031 0.088194 0.057813 0.073611
0 0.648438 0.639583 0.073438 0.079167
0 0.451172 0.937500 0.080469 0.102778
0 0.587109 0.727778 0.061719 0.097222
0 0.816016 0.255556 0.042969 0.116667
0 0.625000 0.433333 0.040625 0.108333
0 0.369922 0.095833 0.050781 0.072222
0 0.734375 0.640278 0.067187 0.066667
0 0.586719 0.651389 0.064062 0.052778
0 0.862891 0.157639 0.046094 0.045833
0 0.836328 0.125000 0.052344 0.077778
0 0.801562 0.427083 0.045312 0.070833
0 0.837891 0.313889 0.041406 0.119444
0 0.517578 0.648611 0.083594 0.080556
0 0.801172 0.313194 0.039844 0.084722
0 0.515625 0.384722 0.079687 0.088889
0 0.505078 0.088194 0.067969 0.079167
0 0.560547 0.070833 0.046094 0.094444
0 0.601562 0.063889 0.045312 0.105556
0 0.706641 0.313889 0.046094 0.144444
0 0.664062 0.444444 0.039062 0.133333
0 0.863281 0.108333 0.031250 0.069444
0 0.152344 0.679861 0.046875 0.093056
