0 0.894141 0.722917 0.058594 0.081944
0 0.905859 0.822917 0.055469 0.137500
0 0.725781 0.709722 0.062500 0.086111
0 0.667969 0.668750 0.051562 0.093056
0 0.943359 0.579861 0.067969 0.076389
0 0.779687 0.849306 0.076563 0.079167
0 0.174609 0.370833 0.086719 0.097222
0 0.184375 0.289583 0.064062 0.079167
0 0.611328 0.738889 0.067969 0.113889
0 0.175781 0.493056 0.064062 0.105556
0 0.821875 0.775694 0.042188 0.098611
0 0.194141 0.202083 0.064844 0.118056
0 0.607422 0.643750 0.063281 0.165278
0 0.760547 0.666667 0.052344 0.133333
0 0.846484 0.798611 0.047656 0.094444
0 0.708594 0.631944 0.046875 0.138889
0 0.898438 0.626389 0.060937 0.094444
0 0.646094 0.522917 0.062500 0.162500
0 0.850000 0.696528 0.057813 0.109722
0 0.761328 0.750694 0.074219 0.068056
0 0.797656 0.661111 0.043750 0.113889
0 0.935547 0.695833 0.032031 0.097222
