0 0.255469 0.465278 0.048438 0.091667
0 0.182422 0.253472 0.083594 0.106944
0 0.232422 0.317361 0.052344 0.134722
0 0.150000 0.369444 0.068750 0.097222
0 0.222266 0.136806 0.085156 0.095833
0 0.328906 0.245139 0.062500 0.151389
0 0.387109 0.248611 0.052344 0.177778
0 0.462891 0.267361 0.102344 0.104167
0 0.800391 0.616667 0.063281 0.091667
0 0.546484 0.288194 0.097656 0.112500
0 0.321875 0.581250 0.045312 0.170833
0 0.347266 0.559028 0.066406 0.087500
0 0.534375 0.703472 0.053125 0.126389
0 0.508984 0.609722 0.046094 0.119444
0 0.829688 0.657639 0.064062 0.095833
0 0.348828 0.450694 0.089844 0.098611
0 0.610547 0.113194 0.071094 0.151389
0 0.803125 0.213889 0.057813 0.144444
0 0.841797 0.170833 0.052344 0.161111
0 0.391406 0.376389 0.071875 0.136111
0 0.546875 0.073611 0.070312 0.130556
0 0.889453 0.197917 0.058594 0.098611
0 0.682813 0.337500 0.068750 0.158333
