0 0.580859 0.736111 0.077344 0.088889
0 0.633203 0.643056 0.075781 0.105556
0 0.539844 0.084028 0.073438 0.104167
0 0.522266 0.379861 0.061719 0.087500
0 0.485938 0.124306 0.054688 0.120833
0 0.402344 0.650694 0.062500 0.129167
0 0.445703 0.719444 0.075781 0.066667
0 0.262891 0.590278 0.080469 0.100000
0 0.316016 0.471528 0.061719 0.081944
0 0.189062 0.787500 0.043750 0.105556
0 0.155859 0.763889 0.035156 0.105556
0 0.148828 0.643056 0.047656 0.113889
0 0.217578 0.659722 0.055469 0.111111
0 0.164062 0.430556 0.045312 0.127778
0 0.133203 0.414583 0.050781 0.095833
0 0.122656 0.297917 0.056250 0.081944
0 0.181250 0.286111 0.035937 0.119444
0 0.130859 0.216667 0.061719 0.083333
0 0.158203 0.522917 0.035156 0.073611
0 0.266797 0.287500 0.052344 0.158333
0 0.852734 0.827083 0.050781 0.090278
0 0.607812 0.079861 0.082812 0.093056
0 0.391406 0.098611 0.057813 0.091667
0 0.223047 0.300694 0.041406 0.154167
0 0.297656 0.213889 0.054688 0.130556
0 0.363672 0.447222 0.035156 0.105556
