0 0.125000 0.631250 0.042188 0.098611
0 0.184375 0.620139 0.056250 0.076389
0 0.512109 0.556250 0.055469 0.098611
0 0.242969 0.623611 0.057813 0.094444
0 0.347266 0.763194 0.057031 0.093056
0 0.537109 0.700000 0.053906 0.119444
0 0.584766 0.695139 0.041406 0.106944
0 0.656641 0.647917 0.074219 0.076389
0 0.454688 0.936111 0.065625 0.072222
0 0.674219 0.788889 0.053125 0.111111
0 0.800781 0.913889 0.035937 0.066667
0 0.812500 0.868750 0.040625 0.073611
0 0.828125 0.912500 0.031250 0.072222
0 0.841797 0.831944 0.041406 0.091667
0 0.433594 0.040278 0.057813 0.072222
0 0.838672 0.313194 0.038281 0.115278
0 0.817187 0.263194 0.043750 0.120833
0 0.826953 0.086111 0.046094 0.072222
0 0.860547 0.109028 0.046094 0.065278
0 0.892578 0.120833 0.033594 0.063889
0 0.836719 0.174306 0.045312 0.079167
0 0.893359 0.174306 0.047656 0.068056
0 0.877344 0.207639 0.043750 0.118056
0 0.537500 0.379861 0.070312 0.079167
0 0.510938 0.058333 0.065625 0.094444
0 0.573438 0.058333 0.054688 0.108333
0 0.616797 0.056250 0.044531 0.087500
0 0.673828 0.184028 0.044531 0.109722
