0 0.581250 0.731944 0.079687 0.088889
0 0.632031 0.644444 0.081250 0.100000
0 0.544922 0.079167 0.066406 0.100000
0 0.522266 0.379861 0.061719 0.087500
0 0.489063 0.122917 0.060937 0.126389
0 0.403125 0.650694 0.062500 0.129167
0 0.445703 0.719444 0.075781 0.066667
0 0.262891 0.590278 0.080469 0.100000
0 0.320312 0.438194 0.054688 0.112500
0 0.189062 0.787500 0.043750 0.105556
0 0.155859 0.763889 0.035156 0.105556
0 0.148047 0.646528 0.050781 0.109722
0 0.218359 0.661806 0.053906 0.115278
0 0.164062 0.430556 0.045312 0.127778
0 0.133203 0.414583 0.050781 0.095833
0 0.122656 0.297917 0.056250 0.081944
0 0.180859 0.283333 0.035156 0.113889
0 0.130859 0.216667 0.061719 0.083333
0 0.158203 0.522917 0.035156 0.073611
0 0.266797 0.287500 0.052344 0.158333
0 0.850781 0.817361 0.054688 0.095833
0 0.602344 0.083333 0.076563 0.094444
0 0.391406 0.098611 0.057813 0.091667
0 0.222266 0.299306 0.042969 0.151389
0 0.297266 0.213889 0.053906 0.125000
0 0.363672 0.437500 0.035156 0.105556
