0 0.580078 0.730556 0.072656 0.086111
0 0.633594 0.647917 0.076563 0.101389
0 0.553516 0.122917 0.083594 0.084722
0 0.354687 0.233333 0.053125 0.102778
0 0.433984 0.243750 0.061719 0.131944
0 0.405078 0.651389 0.061719 0.127778
0 0.440234 0.729861 0.066406 0.081944
0 0.317188 0.644444 0.056250 0.111111
0 0.285547 0.831944 0.055469 0.080556
0 0.187891 0.787500 0.039844 0.113889
0 0.155078 0.759722 0.035156 0.105556
0 0.150000 0.654861 0.051562 0.115278
0 0.241016 0.614583 0.063281 0.098611
0 0.164062 0.429167 0.045312 0.119444
0 0.128516 0.414583 0.049219 0.098611
0 0.125391 0.297222 0.052344 0.083333
0 0.180469 0.277778 0.035937 0.119444
0 0.134375 0.217361 0.057813 0.081944
0 0.160547 0.519444 0.030469 0.080556
0 0.266797 0.288889 0.052344 0.161111
0 0.853125 0.813194 0.039062 0.098611
0 0.598437 0.076389 0.064062 0.100000
0 0.390625 0.100000 0.057813 0.086111
0 0.219922 0.301389 0.039844 0.150000
0 0.293359 0.215972 0.058594 0.118056
0 0.362109 0.430556 0.036719 0.130556
