0 0.671094 0.819444 0.045312 0.097222
0 0.314844 0.910417 0.073438 0.070833
0 0.373828 0.921528 0.050781 0.090278
0 0.646875 0.582639 0.040625 0.134722
0 0.707422 0.851389 0.035156 0.072222
0 0.592578 0.589583 0.063281 0.112500
0 0.831250 0.506250 0.032813 0.095833
0 0.837891 0.310417 0.038281 0.109722
0 0.112891 0.856250 0.028906 0.090278
0 0.877734 0.346528 0.046094 0.070833
0 0.693359 0.590278 0.046094 0.130556
0 0.138672 0.741667 0.039844 0.077778
0 0.761719 0.693750 0.048438 0.084722
0 0.727344 0.592361 0.029687 0.104167
0 0.638281 0.440972 0.048438 0.134722
0 0.518359 0.643056 0.063281 0.072222
0 0.547656 0.709722 0.067187 0.080556
0 0.152734 0.249306 0.035156 0.104167
0 0.692187 0.429167 0.045312 0.094444
0 0.662500 0.702083 0.062500 0.079167
0 0.764453 0.561111 0.050781 0.088889
0 0.746875 0.913889 0.045312 0.108333
0 0.124609 0.538889 0.049219 0.083333
0 0.577734 0.375000 0.078906 0.069444
0 0.132031 0.617361 0.051562 0.073611
0 0.184375 0.883333 0.035937 0.102778
0 0.838281 0.145833 0.029687 0.097222
0 0.453906 0.274306 0.067187 0.073611
