0 0.250781 0.097222 0.064062 0.080556
0 0.113672 0.616667 0.036719 0.108333
0 0.132422 0.813889 0.035156 0.097222
0 0.155469 0.842361 0.037500 0.079167
0 0.496484 0.723611 0.046094 0.113889
0 0.105859 0.400000 0.039844 0.097222
0 0.407422 0.556944 0.072656 0.100000
0 0.176563 0.095139 0.060937 0.087500
0 0.379688 0.360417 0.045312 0.126389
0 0.675000 0.850000 0.043750 0.100000
0 0.336328 0.700000 0.046094 0.125000
0 0.560937 0.322222 0.084375 0.086111
0 0.867578 0.556250 0.028906 0.095833
0 0.849219 0.594444 0.035937 0.100000
0 0.695703 0.650694 0.061719 0.079167
0 0.299609 0.690278 0.042969 0.133333
0 0.563281 0.720139 0.050000 0.115278
0 0.658203 0.116667 0.058594 0.066667
0 0.539062 0.100000 0.050000 0.136111
0 0.395313 0.736806 0.054688 0.098611
0 0.697266 0.185417 0.069531 0.087500
0 0.375391 0.064583 0.049219 0.084722
0 0.101562 0.199306 0.042188 0.059722
0 0.874219 0.610417 0.037500 0.095833
0 0.142187 0.188889 0.034375 0.091667
0 0.184375 0.180556 0.042188 0.130556
0 0.158203 0.277083 0.058594 0.129167
