0 0.401457 0.733166 0.0567338 0.123945
0 0.491424 0.280597 0.0497397 0.147711
0 0.563609 0.250172 0.100493 0.109393
0 0.265474 0.202168 0.0695958 0.0923243
0 0.168739 0.602808 0.0493676 0.137916
0 0.222898 0.179728 0.052286 0.121724
0 0.340201 0.669196 0.0581767 0.164029
0 0.656476 0.291413 0.0485416 0.158911
0 0.143098 0.473087 0.066993 0.115044
0 0.859024 0.771369 0.0573936 0.0922512
0 0.365449 0.412291 0.0549402 0.111309
0 0.170512 0.226337 0.0574511 0.0838069
0 0.613649 0.409588 0.0718497 0.108301
0 0.433041 0.568981 0.0930957 0.103905
0 0.229291 0.674171 0.0657479 0.119096
0 0.193615 0.32787 0.0616769 0.150086
0 0.605341 0.669245 0.0706581 0.0695056
0 0.860253 0.424118 0.0520679 0.107201
0 0.134896 0.232152 0.0399258 0.101908
0 0.421755 0.214605 0.0595186 0.118452
0 0.852213 0.607934 0.0536026 0.108887
0 0.148202 0.6913 0.0628925 0.107923
0 0.497885 0.475659 0.0474436 0.138637
0 0.214175 0.59706 0.0492576 0.144609
0 0.197054 0.124245 0.0536264 0.0981027
0 0.209033 0.475964 0.0574702 0.103418
