0 0.132422 0.562500 0.033594 0.108333
0 0.122266 0.484722 0.032031 0.080556
0 0.266016 0.475000 0.052344 0.077778
0 0.238281 0.522917 0.042188 0.076389
0 0.170313 0.764583 0.059375 0.087500
0 0.141016 0.806944 0.033594 0.061111
0 0.126953 0.768750 0.032031 0.095833
0 0.134375 0.722222 0.050000 0.072222
0 0.175000 0.906250 0.053125 0.070833
0 0.774609 0.710417 0.046094 0.084722
0 0.537891 0.787500 0.039844 0.116667
0 0.523438 0.649306 0.071875 0.073611
0 0.473047 0.607639 0.052344 0.106944
0 0.481641 0.729167 0.053906 0.116667
0 0.642969 0.645833 0.053125 0.061111
0 0.566406 0.588889 0.042188 0.113889
0 0.692969 0.595139 0.040625 0.104167
0 0.733984 0.645833 0.064844 0.072222
0 0.876563 0.258333 0.048438 0.083333
0 0.923438 0.771528 0.043750 0.059722
0 0.867188 0.331944 0.042188 0.086111
0 0.702344 0.308333 0.051562 0.091667
0 0.769141 0.070833 0.055469 0.052778
0 0.808594 0.093056 0.028125 0.080556
0 0.786719 0.641667 0.056250 0.058333
0 0.864062 0.095833 0.034375 0.072222
0 0.765625 0.110417 0.056250 0.090278
0 0.791797 0.114583 0.022656 0.095833
