0 0.367578 0.063889 0.067969 0.125000
0 0.240234 0.318750 0.058594 0.126389
0 0.579688 0.160417 0.056250 0.123611
0 0.832422 0.835417 0.071094 0.079167
0 0.158594 0.374306 0.062500 0.118056
0 0.457813 0.181250 0.092188 0.112500
0 0.664062 0.602778 0.057813 0.180556
0 0.864062 0.202083 0.065625 0.098611
0 0.511328 0.415278 0.047656 0.150000
0 0.919141 0.221528 0.047656 0.179167
0 0.178125 0.289583 0.060937 0.109722
0 0.877344 0.430556 0.071875 0.091667
0 0.768750 0.845833 0.054688 0.077778
0 0.845313 0.622222 0.062500 0.105556
0 0.589844 0.579861 0.093750 0.129167
0 0.688672 0.715972 0.066406 0.126389
0 0.828906 0.700000 0.043750 0.113889
0 0.206250 0.493750 0.053125 0.126389
0 0.525391 0.634722 0.066406 0.091667
0 0.857422 0.360417 0.055469 0.101389
0 0.599219 0.072917 0.076563 0.087500
0 0.724219 0.088194 0.057813 0.093056
0 0.871875 0.518056 0.040625 0.097222
