0 0.265625 0.547222 0.054688 0.122222
0 0.380469 0.227083 0.067187 0.079167
0 0.134375 0.713194 0.048438 0.093056
0 0.247266 0.311111 0.058594 0.119444
0 0.662891 0.154861 0.042969 0.109722
0 0.166797 0.334722 0.050781 0.108333
0 0.224219 0.593750 0.039062 0.134722
0 0.427344 0.462500 0.048438 0.150000
0 0.196484 0.447917 0.063281 0.131944
0 0.403906 0.135417 0.065625 0.090278
0 0.362891 0.713889 0.060156 0.088889
0 0.170703 0.577083 0.047656 0.123611
0 0.325391 0.650000 0.082031 0.077778
0 0.139453 0.497917 0.049219 0.106944
0 0.870703 0.320833 0.036719 0.102778
0 0.814453 0.136111 0.041406 0.091667
0 0.606250 0.374306 0.084375 0.098611
0 0.884766 0.181944 0.055469 0.075000
0 0.261328 0.805556 0.074219 0.091667
0 0.165625 0.822222 0.054688 0.075000
0 0.164062 0.226389 0.067187 0.080556
0 0.753906 0.468750 0.042188 0.140278
0 0.136328 0.302083 0.041406 0.145833
0 0.242188 0.443750 0.054688 0.120833
0 0.185156 0.600000 0.042188 0.111111
0 0.351562 0.098611 0.043750 0.125000
