0 0.417508 0.12166 0.0907999 0.115448
0 0.152067 0.205461 0.0558279 0.102059
0 0.186765 0.657322 0.0737164 0.0884241
0 0.858729 0.774203 0.0541216 0.0936947
0 0.673258 0.369901 0.090681 0.0975708
0 0.519382 0.568563 0.0606671 0.101863
0 0.523301 0.335214 0.0951705 0.0855076
0 0.206043 0.491261 0.0717343 0.0725086
0 0.405877 0.562699 0.0719285 0.0870185
0 0.303217 0.307037 0.0900391 0.126169
0 0.368499 0.438362 0.0616876 0.0898814
0 0.302428 0.173791 0.0703707 0.0964672
0 0.188474 0.749111 0.0686172 0.0790646
0 0.563806 0.410397 0.0948882 0.0911142
0 0.879481 0.533395 0.0686846 0.0704074
0 0.188788 0.29411 0.0780486 0.107262
0 0.253194 0.199703 0.0508764 0.148465
0 0.19116 0.137832 0.04922 0.133414
0 0.242354 0.325143 0.0558632 0.13321
0 0.83257 0.397788 0.0680489 0.0977849
0 0.223709 0.574126 0.0759078 0.115312
0 0.133466 0.255644 0.0398995 0.0981232
0 0.762382 0.155544 0.0728858 0.0912981
0 0.214569 0.196084 0.0459024 0.13077
