0 0.244141 0.096528 0.064844 0.081944
0 0.115234 0.579861 0.035156 0.095833
0 0.131641 0.804167 0.036719 0.102778
0 0.155469 0.840972 0.035937 0.087500
0 0.105078 0.417361 0.042969 0.106944
0 0.413672 0.618750 0.052344 0.131944
0 0.418750 0.411111 0.051562 0.130556
0 0.535547 0.545833 0.057031 0.111111
0 0.883203 0.854167 0.050781 0.058333
0 0.603516 0.106250 0.053906 0.112500
0 0.854688 0.534028 0.050000 0.065278
0 0.853125 0.580556 0.045312 0.080556
0 0.639062 0.656250 0.067187 0.070833
0 0.295703 0.387500 0.041406 0.130556
0 0.554688 0.721528 0.054688 0.109722
0 0.662109 0.109722 0.074219 0.058333
0 0.537891 0.098611 0.047656 0.133333
0 0.394141 0.739583 0.047656 0.101389
0 0.670312 0.166667 0.075000 0.080556
0 0.373828 0.068750 0.049219 0.087500
0 0.108984 0.195139 0.038281 0.062500
0 0.337500 0.572222 0.073438 0.069444
0 0.162109 0.181944 0.038281 0.111111
0 0.192578 0.143056 0.044531 0.113889
0 0.333203 0.421528 0.052344 0.123611
0 0.123047 0.257639 0.039844 0.079167
0 0.687109 0.837500 0.052344 0.097222
