0 0.810937 0.140972 0.079687 0.090278
0 0.228516 0.285417 0.060156 0.140278
0 0.171094 0.308333 0.056250 0.177778
0 0.153125 0.522917 0.071875 0.098611
0 0.613281 0.520833 0.062500 0.130556
0 0.582812 0.810417 0.084375 0.101389
0 0.828906 0.780556 0.042188 0.088889
0 0.859766 0.552778 0.053906 0.119444
0 0.743359 0.802083 0.047656 0.095833
0 0.791797 0.781250 0.039844 0.123611
0 0.884375 0.290278 0.056250 0.125000
0 0.682422 0.288889 0.089844 0.091667
0 0.242578 0.598611 0.092969 0.100000
0 0.632812 0.673611 0.092188 0.127778
0 0.849219 0.739583 0.056250 0.112500
0 0.394531 0.078472 0.070312 0.126389
0 0.841016 0.238194 0.058594 0.123611
0 0.883984 0.577778 0.057031 0.100000
0 0.140234 0.186111 0.058594 0.111111
