0 0.279297 0.349306 0.074219 0.104167
0 0.434375 0.368750 0.098437 0.090278
0 0.348828 0.138194 0.069531 0.093056
0 0.571094 0.437500 0.070312 0.133333
0 0.440234 0.787500 0.057031 0.130556
0 0.648828 0.638194 0.050781 0.118056
0 0.626563 0.077083 0.075000 0.079167
0 0.276953 0.630556 0.049219 0.083333
0 0.612891 0.133333 0.078906 0.069444
0 0.354297 0.440278 0.064844 0.122222
0 0.874219 0.427083 0.053125 0.090278
0 0.140234 0.659028 0.042969 0.129167
0 0.380859 0.313889 0.060156 0.108333
0 0.160547 0.128472 0.033594 0.093056
0 0.144531 0.754167 0.050000 0.116667
0 0.214844 0.705556 0.051562 0.080556
0 0.435547 0.655556 0.063281 0.133333
0 0.124609 0.523611 0.036719 0.105556
0 0.156641 0.364583 0.069531 0.081944
0 0.673828 0.922222 0.041406 0.119444
0 0.302734 0.577778 0.072656 0.075000
0 0.874219 0.169444 0.048438 0.075000
0 0.630859 0.184722 0.071094 0.105556
0 0.255859 0.508333 0.057031 0.163889
0 0.341797 0.647222 0.077344 0.100000
0 0.874219 0.350694 0.059375 0.087500
