0 0.150781 0.805556 0.039062 0.102778
0 0.211719 0.750694 0.031250 0.093056
0 0.401172 0.813889 0.063281 0.127778
0 0.295312 0.840278 0.073438 0.108333
0 0.142578 0.356944 0.057031 0.111111
0 0.199609 0.194444 0.055469 0.080556
0 0.153906 0.575694 0.053125 0.098611
0 0.370703 0.331944 0.069531 0.105556
0 0.150391 0.509722 0.027344 0.094444
0 0.167969 0.122917 0.060937 0.079167
0 0.602344 0.074306 0.068750 0.087500
0 0.282422 0.509028 0.067969 0.134722
0 0.229297 0.844444 0.058594 0.125000
0 0.389844 0.609722 0.064062 0.125000
0 0.855859 0.204167 0.060156 0.075000
0 0.451562 0.380556 0.092188 0.091667
0 0.642188 0.095139 0.048438 0.123611
0 0.591406 0.143056 0.053125 0.088889
0 0.192188 0.438889 0.054688 0.141667
0 0.257812 0.580556 0.062500 0.122222
0 0.862109 0.320833 0.055469 0.116667
0 0.135937 0.918056 0.059375 0.075000
0 0.233594 0.436111 0.045312 0.127778
0 0.114062 0.211806 0.037500 0.079167
0 0.164453 0.267361 0.075781 0.087500
0 0.152734 0.184722 0.038281 0.077778
