0 0.726172 0.848611 0.057031 0.083333
0 0.136328 0.797917 0.032031 0.104167
0 0.374609 0.922222 0.050781 0.091667
0 0.640234 0.581250 0.041406 0.137500
0 0.730859 0.701389 0.047656 0.116667
0 0.735938 0.935417 0.053125 0.087500
0 0.586719 0.597917 0.046875 0.112500
0 0.843750 0.400694 0.039062 0.073611
0 0.839063 0.305556 0.040625 0.102778
0 0.132812 0.619444 0.034375 0.108333
0 0.112891 0.854167 0.032031 0.086111
0 0.879297 0.348611 0.044531 0.072222
0 0.781641 0.567361 0.053906 0.095833
0 0.123828 0.725694 0.042969 0.098611
0 0.335156 0.917361 0.048438 0.081944
0 0.724219 0.593056 0.035937 0.105556
0 0.576953 0.315972 0.046094 0.137500
0 0.518750 0.642361 0.065625 0.070833
0 0.821484 0.338889 0.053906 0.072222
0 0.551953 0.713194 0.064844 0.076389
0 0.136328 0.289583 0.032031 0.084722
0 0.805859 0.470833 0.042969 0.161111
0 0.662500 0.700000 0.060937 0.091667
0 0.387500 0.152778 0.059375 0.069444
0 0.176953 0.205556 0.046094 0.108333
0 0.176172 0.335417 0.060156 0.093056
0 0.211719 0.406250 0.045312 0.109722
0 0.273438 0.415972 0.054688 0.109722
