0 0.245312 0.106250 0.078125 0.084722
0 0.125391 0.230556 0.063281 0.080556
0 0.177734 0.185417 0.044531 0.143056
0 0.253125 0.559722 0.062500 0.083333
0 0.424219 0.068056 0.068750 0.075000
0 0.369141 0.667361 0.064844 0.112500
0 0.891406 0.856250 0.048438 0.079167
0 0.119531 0.534028 0.039062 0.140278
0 0.135156 0.644444 0.051562 0.086111
0 0.380859 0.796528 0.052344 0.118056
0 0.135547 0.439583 0.061719 0.084722
0 0.561719 0.391667 0.079687 0.077778
0 0.145703 0.911806 0.052344 0.062500
0 0.137891 0.829861 0.052344 0.073611
0 0.424609 0.464583 0.055469 0.101389
0 0.443750 0.641667 0.081250 0.113889
0 0.806250 0.561111 0.039062 0.100000
0 0.634375 0.381250 0.076563 0.084722
0 0.756250 0.878472 0.050000 0.068056
0 0.763281 0.259028 0.050000 0.076389
0 0.511719 0.427083 0.048438 0.140278
0 0.526172 0.063889 0.063281 0.113889
0 0.810156 0.174306 0.092188 0.137500
0 0.324609 0.802778 0.053906 0.127778
0 0.313672 0.113889 0.078906 0.094444
