0 0.121875 0.577083 0.037500 0.073611
0 0.249219 0.341667 0.053125 0.063889
0 0.318359 0.813889 0.047656 0.077778
0 0.888672 0.584028 0.042969 0.106944
0 0.381250 0.921528 0.050000 0.093056
0 0.694141 0.334722 0.046094 0.113889
0 0.646094 0.640972 0.076563 0.079167
0 0.444141 0.922222 0.055469 0.100000
0 0.589063 0.724306 0.065625 0.076389
0 0.803906 0.347222 0.037500 0.125000
0 0.632812 0.381250 0.043750 0.070833
0 0.849609 0.831944 0.033594 0.069444
0 0.630859 0.092361 0.033594 0.115278
0 0.583984 0.653472 0.075781 0.056944
0 0.874219 0.301389 0.048438 0.097222
0 0.855469 0.147917 0.050000 0.062500
0 0.841406 0.334722 0.031250 0.077778
0 0.517578 0.647222 0.083594 0.083333
0 0.825781 0.298611 0.037500 0.086111
0 0.534375 0.372222 0.076563 0.072222
0 0.516797 0.075694 0.071094 0.084722
0 0.562500 0.072222 0.039062 0.111111
0 0.597656 0.061111 0.039062 0.108333
0 0.762109 0.341667 0.047656 0.133333
0 0.660937 0.447222 0.050000 0.111111
0 0.854297 0.091667 0.035156 0.066667
0 0.149219 0.674306 0.053125 0.104167
0 0.591016 0.447222 0.044531 0.125000
