0 0.45906 0.0548308 0.077595 0.108913
0 0.296356 0.122747 0.0784829 0.106827
0 0.674444 0.520157 0.0631926 0.168019
0 0.648019 0.33987 0.0837051 0.136393
0 0.524525 0.393425 0.102869 0.114904
0 0.136932 0.632717 0.0604797 0.146884
0 0.35938 0.136329 0.0570484 0.171186
0 0.160511 0.176376 0.0625724 0.106092
0 0.156867 0.45109 0.0535934 0.121245
0 0.746239 0.239746 0.0538063 0.125525
0 0.231786 0.0551114 0.0492342 0.110223
0 0.583722 0.326543 0.0603157 0.0989855
0 0.235768 0.652891 0.0678841 0.140581
0 0.328883 0.514295 0.0494138 0.15334
0 0.445625 0.491192 0.0640995 0.132536
0 0.276739 0.476179 0.0698939 0.119786
0 0.75657 0.544341 0.0488113 0.135297
0 0.129553 0.226936 0.0445883 0.118043
0 0.359563 0.56359 0.0691066 0.111479
0 0.141086 0.803107 0.0540109 0.0727149
0 0.310188 0.0349656 0.0522897 0.0699312
