0 0.143750 0.581250 0.078125 0.104167
0 0.289453 0.141667 0.066406 0.166667
0 0.700000 0.177083 0.068750 0.145833
0 0.365625 0.156250 0.065625 0.098611
0 0.619531 0.263889 0.062500 0.169444
0 0.611719 0.637500 0.067187 0.141667
0 0.452734 0.343750 0.063281 0.165278
0 0.696875 0.084028 0.060937 0.165278
0 0.811328 0.677083 0.078906 0.123611
0 0.855859 0.346528 0.053906 0.179167
0 0.763672 0.445833 0.072656 0.161111
0 0.385547 0.375000 0.075781 0.113889
0 0.256641 0.245833 0.071094 0.163889
0 0.175391 0.067361 0.064844 0.123611
0 0.303906 0.531250 0.068750 0.148611
