0 0.268750 0.699306 0.084375 0.087500
0 0.620703 0.088194 0.067969 0.109722
0 0.123828 0.690278 0.052344 0.069444
0 0.249219 0.477778 0.075000 0.097222
0 0.663281 0.157639 0.042188 0.104167
0 0.206250 0.289583 0.060937 0.095833
0 0.140234 0.798611 0.047656 0.116667
0 0.442188 0.451389 0.054688 0.152778
0 0.211328 0.401389 0.060156 0.091667
0 0.524609 0.441667 0.053906 0.130556
0 0.553125 0.729861 0.053125 0.090278
0 0.133203 0.589583 0.044531 0.115278
0 0.185156 0.925694 0.056250 0.084722
0 0.141797 0.480556 0.047656 0.108333
0 0.870313 0.489583 0.037500 0.101389
0 0.817578 0.126389 0.039844 0.094444
0 0.764453 0.500000 0.041406 0.097222
0 0.885938 0.179861 0.057813 0.070833
0 0.179297 0.612500 0.053906 0.116667
0 0.317969 0.800000 0.045312 0.111111
0 0.406250 0.722917 0.079687 0.087500
0 0.846094 0.850694 0.056250 0.062500
0 0.166016 0.219444 0.046094 0.136111
0 0.350391 0.650694 0.091406 0.104167
0 0.446875 0.302778 0.045312 0.152778
0 0.128125 0.250000 0.046875 0.063889
