0 0.458438 0.0550771 0.0773573 0.109409
0 0.161618 0.45848 0.0485972 0.12545
0 0.524652 0.392944 0.102892 0.116048
0 0.674331 0.522904 0.0615538 0.163051
0 0.445204 0.491268 0.0635054 0.133668
0 0.583266 0.327139 0.0595812 0.100566
0 0.2976 0.121711 0.0751559 0.106142
0 0.231176 0.0548598 0.0481872 0.10972
0 0.136497 0.636265 0.0591635 0.137034
0 0.360011 0.136647 0.054319 0.168644
0 0.23488 0.64616 0.0646677 0.118539
0 0.648013 0.350908 0.0858313 0.11547
0 0.12576 0.779061 0.0451402 0.10571
0 0.164734 0.166817 0.054717 0.108894
0 0.327475 0.512876 0.0496403 0.148967
0 0.277448 0.474333 0.0668725 0.12015
0 0.756571 0.543969 0.0489159 0.137786
0 0.360054 0.565496 0.0677752 0.107301
0 0.743269 0.237007 0.0534458 0.116838
0 0.123501 0.183867 0.0444732 0.145232
0 0.138032 0.532888 0.044521 0.103997
0 0.310987 0.0367167 0.0533851 0.0734333
