0 0.270313 0.687500 0.090625 0.091667
0 0.601953 0.098611 0.091406 0.083333
0 0.125000 0.694444 0.053125 0.066667
0 0.251953 0.487500 0.060156 0.133333
0 0.663281 0.158333 0.042188 0.100000
0 0.127734 0.297222 0.069531 0.091667
0 0.139453 0.794444 0.050781 0.111111
0 0.441797 0.454861 0.055469 0.145833
0 0.248828 0.366667 0.060156 0.102778
0 0.526563 0.442361 0.057813 0.131944
0 0.553906 0.731944 0.048438 0.097222
0 0.126172 0.584722 0.049219 0.105556
0 0.190234 0.925694 0.061719 0.073611
0 0.141406 0.479861 0.046875 0.109722
0 0.844922 0.306250 0.042969 0.070833
0 0.818750 0.127083 0.042188 0.093056
0 0.762500 0.509722 0.040625 0.119444
0 0.885156 0.179861 0.056250 0.070833
0 0.183594 0.621528 0.050000 0.131944
0 0.382812 0.660417 0.040625 0.120833
0 0.401562 0.861111 0.073438 0.088889
0 0.855859 0.725694 0.057031 0.059722
0 0.154297 0.209028 0.038281 0.106944
0 0.433594 0.721528 0.082812 0.101389
0 0.450781 0.287500 0.043750 0.122222
0 0.121875 0.247917 0.045312 0.054167
