0 0.709375 0.847222 0.053125 0.069444
0 0.145703 0.886111 0.057031 0.072222
0 0.373828 0.921528 0.050781 0.090278
0 0.644922 0.584722 0.052344 0.113889
0 0.775391 0.697917 0.060156 0.093056
0 0.644141 0.915278 0.061719 0.083333
0 0.600000 0.591667 0.042188 0.119444
0 0.840625 0.431250 0.032813 0.098611
0 0.842187 0.309722 0.046875 0.116667
0 0.707031 0.783333 0.054688 0.061111
0 0.112500 0.852083 0.028125 0.081944
0 0.877344 0.354167 0.042188 0.105556
0 0.849219 0.513194 0.040625 0.087500
0 0.134375 0.752778 0.048438 0.088889
0 0.715625 0.943056 0.056250 0.063889
0 0.724219 0.593056 0.035937 0.105556
0 0.604688 0.317361 0.057813 0.126389
0 0.517969 0.640278 0.065625 0.077778
0 0.912891 0.335417 0.035156 0.070833
0 0.549219 0.712500 0.060937 0.080556
0 0.152734 0.257639 0.035156 0.095833
0 0.802344 0.464583 0.046875 0.151389
0 0.660937 0.704167 0.060937 0.105556
0 0.866406 0.392361 0.035937 0.090278
0 0.152344 0.493750 0.034375 0.134722
0 0.125000 0.547917 0.034375 0.081944
0 0.220703 0.420833 0.046094 0.122222
0 0.133203 0.601389 0.044531 0.083333
