0 0.383203 0.805556 0.080469 0.094444
0 0.333594 0.509722 0.073438 0.113889
0 0.774609 0.204167 0.064844 0.125000
0 0.541406 0.062500 0.076563 0.113889
0 0.373828 0.693750 0.063281 0.115278
0 0.262891 0.168750 0.058594 0.093056
0 0.648438 0.281944 0.059375 0.138889
0 0.598828 0.214583 0.071094 0.073611
0 0.874609 0.587500 0.057031 0.102778
0 0.714453 0.527083 0.075781 0.079167
0 0.823438 0.128472 0.060937 0.098611
0 0.243750 0.274306 0.065625 0.095833
0 0.827344 0.454167 0.070312 0.102778
0 0.201172 0.170139 0.058594 0.151389
0 0.323828 0.683333 0.046094 0.080556
0 0.606641 0.745833 0.063281 0.130556
0 0.828125 0.247917 0.046875 0.123611
0 0.876953 0.699306 0.052344 0.134722
0 0.798828 0.611111 0.052344 0.150000
0 0.165234 0.093750 0.063281 0.090278
0 0.684375 0.088889 0.057813 0.100000
