0 0.147656 0.583333 0.071875 0.091667
0 0.244531 0.221528 0.084375 0.115278
0 0.696484 0.186806 0.063281 0.162500
0 0.367188 0.146528 0.051562 0.134722
0 0.612109 0.627778 0.066406 0.130556
0 0.455078 0.345833 0.067969 0.161111
0 0.688672 0.105556 0.066406 0.150000
0 0.807422 0.679167 0.071094 0.127778
0 0.852734 0.352083 0.057031 0.184722
0 0.765625 0.450694 0.071875 0.159722
0 0.151953 0.168750 0.083594 0.134722
0 0.171094 0.070139 0.076563 0.098611
0 0.295703 0.536111 0.071094 0.141667
0 0.337891 0.612500 0.053906 0.119444
0 0.882031 0.188889 0.054688 0.147222
0 0.320312 0.038194 0.101562 0.073611
