0 0.156641 0.428472 0.066406 0.112500
0 0.700781 0.132639 0.065625 0.170833
0 0.303125 0.413889 0.067187 0.208333
0 0.157422 0.213194 0.097656 0.104167
0 0.130859 0.358333 0.038281 0.116667
0 0.201563 0.318056 0.065625 0.161111
0 0.240234 0.407639 0.050781 0.154167
0 0.500000 0.120139 0.121875 0.126389
0 0.866406 0.432639 0.073438 0.093056
0 0.818359 0.204861 0.080469 0.098611
0 0.842578 0.543750 0.082031 0.084722
0 0.652734 0.104861 0.067969 0.151389
0 0.608984 0.760417 0.064844 0.123611
0 0.832812 0.668056 0.060937 0.113889
0 0.491797 0.038889 0.103906 0.075000
0 0.360938 0.196528 0.104688 0.118056
0 0.266016 0.135417 0.072656 0.131944
0 0.166406 0.309722 0.040625 0.094444
