0 0.552734 0.754167 0.066406 0.086111
0 0.616406 0.656944 0.062500 0.111111
0 0.517188 0.565278 0.081250 0.116667
0 0.676172 0.356944 0.057031 0.147222
0 0.400781 0.579167 0.087500 0.094444
0 0.147656 0.742361 0.045312 0.095833
0 0.221484 0.249306 0.053906 0.143056
0 0.231250 0.556944 0.073438 0.091667
0 0.283984 0.375000 0.055469 0.119444
0 0.672266 0.531250 0.052344 0.137500
0 0.562891 0.515278 0.057031 0.175000
0 0.779297 0.575694 0.066406 0.101389
0 0.673047 0.646528 0.069531 0.095833
0 0.749609 0.362500 0.080469 0.111111
0 0.140234 0.647917 0.063281 0.104167
0 0.132422 0.142361 0.050781 0.123611
0 0.242578 0.047222 0.082031 0.091667
0 0.468359 0.447222 0.055469 0.141667
0 0.600391 0.596528 0.058594 0.068056
0 0.636328 0.284028 0.092969 0.093056
0 0.196484 0.050000 0.047656 0.097222
0 0.448437 0.031944 0.053125 0.061111
0 0.576172 0.196528 0.057031 0.093056
