0 0.125781 0.645139 0.040625 0.090278
0 0.190234 0.620833 0.055469 0.075000
0 0.587109 0.638889 0.067969 0.080556
0 0.417187 0.936806 0.065625 0.073611
0 0.533984 0.718056 0.055469 0.113889
0 0.803516 0.906250 0.039844 0.118056
0 0.655859 0.646528 0.075781 0.073611
0 0.462500 0.943056 0.054688 0.069444
0 0.655078 0.782639 0.047656 0.070833
0 0.765234 0.807639 0.044531 0.076389
0 0.830469 0.913194 0.026562 0.079167
0 0.765625 0.932639 0.045312 0.076389
0 0.860547 0.835417 0.046094 0.076389
0 0.144531 0.805556 0.037500 0.069444
0 0.839453 0.313889 0.036719 0.116667
0 0.817187 0.263194 0.043750 0.120833
0 0.832031 0.090278 0.040625 0.063889
0 0.859375 0.112500 0.046875 0.066667
0 0.893359 0.125694 0.028906 0.062500
0 0.635547 0.583333 0.042969 0.108333
0 0.879687 0.160417 0.051562 0.084722
0 0.871484 0.209722 0.036719 0.105556
0 0.535937 0.378472 0.076563 0.081944
0 0.507031 0.070139 0.064062 0.084722
0 0.571875 0.052083 0.046875 0.101389
0 0.616797 0.062500 0.044531 0.100000
0 0.675391 0.184028 0.047656 0.109722
0 0.846094 0.912500 0.021875 0.075000
