0 0.471094 0.654167 0.062500 0.158333
0 0.792578 0.497917 0.052344 0.162500
0 0.330078 0.486806 0.061719 0.104167
0 0.876953 0.297222 0.071094 0.125000
0 0.594141 0.393056 0.061719 0.191667
0 0.558984 0.077083 0.072656 0.106944
0 0.370312 0.723611 0.057813 0.141667
0 0.183594 0.282639 0.056250 0.137500
0 0.229687 0.185417 0.101562 0.090278
0 0.674219 0.334028 0.062500 0.140278
0 0.846875 0.513889 0.060937 0.072222
0 0.836719 0.389583 0.054688 0.156944
0 0.704297 0.652778 0.075781 0.113889
0 0.198047 0.129167 0.067969 0.094444
0 0.874609 0.665972 0.058594 0.093056
0 0.833594 0.578472 0.051562 0.079167
0 0.892188 0.193750 0.060937 0.123611
0 0.230469 0.279861 0.056250 0.106944
0 0.819531 0.447222 0.054688 0.094444
0 0.195312 0.453472 0.057813 0.084722
0 0.324609 0.685417 0.046094 0.081944
0 0.782422 0.727083 0.063281 0.101389
