0 0.180859 0.675694 0.047656 0.140278
0 0.235156 0.750694 0.045312 0.098611
0 0.348828 0.723611 0.082031 0.111111
0 0.315625 0.835417 0.053125 0.112500
0 0.294141 0.600694 0.057031 0.145833
0 0.167578 0.264583 0.072656 0.090278
0 0.146484 0.209028 0.050781 0.098611
0 0.120703 0.452778 0.050781 0.097222
0 0.195703 0.312500 0.063281 0.111111
0 0.167187 0.448611 0.051562 0.083333
0 0.225000 0.647917 0.040625 0.095833
0 0.471875 0.093750 0.053125 0.131944
0 0.546875 0.726389 0.082812 0.094444
0 0.400781 0.801389 0.067187 0.113889
0 0.680859 0.740972 0.060156 0.073611
0 0.609375 0.370139 0.079687 0.093056
0 0.499219 0.374306 0.098437 0.076389
0 0.638672 0.090278 0.053906 0.119444
0 0.593359 0.137500 0.052344 0.091667
0 0.875781 0.360417 0.056250 0.090278
0 0.548047 0.084028 0.088281 0.095833
0 0.601953 0.800000 0.042969 0.111111
0 0.731250 0.519444 0.062500 0.091667
0 0.137891 0.632639 0.041406 0.104167
0 0.169922 0.136806 0.055469 0.084722
0 0.130078 0.384722 0.057031 0.072222
