0 0.154688 0.429167 0.068750 0.111111
0 0.696875 0.132639 0.057813 0.162500
0 0.304688 0.430556 0.067187 0.180556
0 0.154688 0.202083 0.068750 0.165278
0 0.131641 0.331250 0.036719 0.106944
0 0.307422 0.293056 0.075781 0.158333
0 0.240234 0.355556 0.060156 0.138889
0 0.331250 0.061111 0.095312 0.119444
0 0.844141 0.452083 0.050781 0.134722
0 0.823828 0.189583 0.077344 0.106944
0 0.881250 0.705556 0.054688 0.100000
0 0.868750 0.556944 0.062500 0.083333
0 0.643750 0.119444 0.067187 0.152778
0 0.608594 0.759722 0.065625 0.122222
0 0.815625 0.663194 0.076563 0.106944
0 0.230469 0.044444 0.067187 0.086111
0 0.371875 0.201389 0.098437 0.113889
0 0.272266 0.095139 0.066406 0.181944
0 0.157422 0.318056 0.046094 0.113889
