0 0.173437 0.671528 0.064062 0.126389
0 0.235156 0.743056 0.040625 0.113889
0 0.344531 0.715972 0.093750 0.087500
0 0.315625 0.838889 0.056250 0.127778
0 0.316797 0.641667 0.071094 0.127778
0 0.166797 0.279167 0.072656 0.097222
0 0.190234 0.188889 0.050781 0.075000
0 0.125000 0.479861 0.040625 0.120833
0 0.213672 0.313889 0.057031 0.130556
0 0.168359 0.444444 0.047656 0.083333
0 0.224609 0.653472 0.039844 0.104167
0 0.479687 0.091667 0.056250 0.127778
0 0.540625 0.735417 0.081250 0.087500
0 0.400000 0.802083 0.075000 0.106944
0 0.682422 0.739583 0.060156 0.076389
0 0.689844 0.202778 0.068750 0.122222
0 0.497656 0.378472 0.095312 0.081944
0 0.636328 0.091667 0.049219 0.116667
0 0.596094 0.138889 0.053125 0.086111
0 0.866797 0.309028 0.060156 0.084722
0 0.523828 0.174306 0.066406 0.115278
0 0.601953 0.798611 0.047656 0.125000
0 0.859375 0.210417 0.057813 0.101389
0 0.137891 0.634722 0.038281 0.105556
0 0.164453 0.138889 0.049219 0.066667
0 0.128125 0.380556 0.062500 0.069444
