0 0.826953 0.154167 0.075781 0.108333
0 0.216406 0.279167 0.073438 0.108333
0 0.156641 0.243750 0.057031 0.126389
0 0.132422 0.334028 0.080469 0.070833
0 0.597266 0.508333 0.063281 0.141667
0 0.744141 0.559722 0.075781 0.116667
0 0.778125 0.661806 0.084375 0.118056
0 0.491016 0.253472 0.091406 0.115278
0 0.747656 0.801389 0.059375 0.075000
0 0.628906 0.631250 0.050000 0.134722
0 0.880469 0.281944 0.054688 0.125000
0 0.781250 0.374306 0.075000 0.093056
0 0.244922 0.347222 0.089844 0.102778
0 0.842969 0.670833 0.078125 0.083333
0 0.850000 0.755556 0.051562 0.111111
0 0.179297 0.466667 0.049219 0.108333
0 0.807422 0.784028 0.044531 0.129167
0 0.237891 0.434722 0.064844 0.108333
0 0.860156 0.218750 0.071875 0.076389
0 0.888672 0.584028 0.066406 0.081944
