0 0.750000 0.852083 0.054688 0.070833
0 0.415625 0.100000 0.067187 0.072222
0 0.143359 0.805556 0.036719 0.100000
0 0.459766 0.314583 0.083594 0.076389
0 0.374609 0.922222 0.050781 0.091667
0 0.648828 0.584722 0.047656 0.125000
0 0.786328 0.799306 0.052344 0.065278
0 0.737109 0.931944 0.057031 0.077778
0 0.585938 0.589583 0.050000 0.123611
0 0.845313 0.387500 0.040625 0.069444
0 0.838672 0.309028 0.038281 0.109722
0 0.117578 0.543056 0.038281 0.075000
0 0.113281 0.853472 0.029687 0.090278
0 0.685937 0.803472 0.056250 0.076389
0 0.879297 0.348611 0.044531 0.072222
0 0.796875 0.462500 0.039062 0.152778
0 0.128906 0.619444 0.048438 0.063889
0 0.335156 0.917361 0.048438 0.081944
0 0.724219 0.594444 0.035937 0.111111
0 0.633594 0.307639 0.056250 0.126389
0 0.519922 0.643750 0.066406 0.068056
0 0.805078 0.312500 0.044531 0.075000
0 0.595313 0.247222 0.054688 0.108333
0 0.564063 0.708333 0.037500 0.136111
0 0.114844 0.486806 0.042188 0.109722
0 0.761719 0.388889 0.056250 0.069444
0 0.650391 0.703472 0.039844 0.120833
0 0.121875 0.203472 0.040625 0.068056
