0 0.577344 0.732639 0.076563 0.081944
0 0.464844 0.487500 0.078125 0.094444
0 0.505859 0.084028 0.074219 0.104167
0 0.500391 0.735417 0.057031 0.070833
0 0.262500 0.780556 0.060937 0.091667
0 0.473438 0.621528 0.056250 0.073611
0 0.284375 0.569444 0.071875 0.100000
0 0.308203 0.172222 0.060156 0.130556
0 0.132422 0.600000 0.047656 0.063889
0 0.342969 0.752778 0.075000 0.077778
0 0.135156 0.806944 0.043750 0.108333
0 0.272656 0.948611 0.057813 0.102778
0 0.171094 0.442361 0.054688 0.112500
0 0.125391 0.446528 0.033594 0.120833
0 0.115234 0.363889 0.047656 0.088889
0 0.170703 0.265972 0.039844 0.106944
0 0.211719 0.294444 0.043750 0.144444
0 0.241406 0.185417 0.050000 0.134722
0 0.665625 0.090278 0.046875 0.105556
0 0.634766 0.122917 0.047656 0.106944
0 0.119922 0.234722 0.047656 0.072222
0 0.184766 0.189583 0.066406 0.087500
0 0.254297 0.523611 0.058594 0.086111
0 0.869141 0.402083 0.042969 0.104167
0 0.127344 0.534722 0.057813 0.075000
