0 0.405859 0.695833 0.047656 0.158333
0 0.223047 0.307639 0.072656 0.123611
0 0.515234 0.081250 0.092969 0.087500
0 0.729688 0.861111 0.046875 0.097222
0 0.154688 0.372222 0.075000 0.105556
0 0.500781 0.166667 0.096875 0.083333
0 0.558203 0.418750 0.057031 0.165278
0 0.673828 0.411111 0.085156 0.141667
0 0.511328 0.420833 0.047656 0.161111
0 0.583594 0.650694 0.056250 0.143056
0 0.180469 0.281944 0.070312 0.080556
0 0.695312 0.543750 0.059375 0.184722
0 0.637891 0.647222 0.047656 0.113889
0 0.901953 0.777778 0.061719 0.072222
0 0.628906 0.713889 0.040625 0.127778
0 0.653906 0.843056 0.064062 0.127778
0 0.859766 0.844444 0.066406 0.116667
0 0.215625 0.497222 0.051562 0.144444
0 0.525391 0.637500 0.063281 0.094444
0 0.598047 0.761111 0.071094 0.127778
0 0.600781 0.072917 0.075000 0.090278
0 0.647656 0.245833 0.062500 0.136111
0 0.739844 0.520139 0.040625 0.151389
