0 0.287500 0.104861 0.057813 0.095833
0 0.135937 0.769444 0.039062 0.111111
0 0.569531 0.375694 0.075000 0.068056
0 0.146875 0.227083 0.035937 0.137500
0 0.313672 0.406944 0.064844 0.094444
0 0.230859 0.122917 0.063281 0.087500
0 0.373828 0.648611 0.078906 0.063889
0 0.551172 0.729167 0.053906 0.086111
0 0.159375 0.517361 0.068750 0.093056
0 0.422656 0.485417 0.060937 0.123611
0 0.429688 0.774306 0.048438 0.104167
0 0.632422 0.654167 0.063281 0.069444
0 0.660156 0.078472 0.075000 0.087500
0 0.184375 0.233333 0.057813 0.108333
0 0.135156 0.563889 0.046875 0.094444
0 0.385156 0.834722 0.060937 0.113889
0 0.870703 0.360417 0.038281 0.123611
0 0.341406 0.150000 0.051562 0.091667
0 0.198828 0.853472 0.044531 0.093056
0 0.116016 0.225694 0.038281 0.095833
0 0.325781 0.588194 0.054688 0.145833
0 0.130469 0.646528 0.050000 0.079167
0 0.277344 0.583333 0.046875 0.138889
0 0.344141 0.295139 0.077344 0.093056
0 0.717969 0.067361 0.050000 0.048611
0 0.746484 0.797917 0.036719 0.093056
