0 0.147266 0.794444 0.042969 0.113889
0 0.219531 0.764583 0.039062 0.101389
0 0.389453 0.779861 0.083594 0.090278
0 0.296094 0.844444 0.071875 0.091667
0 0.167187 0.282639 0.071875 0.079167
0 0.192969 0.187500 0.064062 0.088889
0 0.150391 0.549306 0.049219 0.093056
0 0.209375 0.331944 0.076563 0.077778
0 0.163672 0.464583 0.052344 0.073611
0 0.256641 0.129861 0.052344 0.106944
0 0.599219 0.072917 0.062500 0.093056
0 0.470703 0.715972 0.083594 0.095833
0 0.385937 0.874306 0.073438 0.090278
0 0.391797 0.596528 0.069531 0.104167
0 0.854297 0.199306 0.057031 0.098611
0 0.451562 0.380556 0.093750 0.083333
0 0.638672 0.090278 0.041406 0.122222
0 0.588281 0.144444 0.059375 0.080556
0 0.169922 0.373611 0.049219 0.125000
0 0.282813 0.568056 0.073438 0.102778
0 0.862500 0.311111 0.046875 0.105556
0 0.135937 0.916667 0.060937 0.072222
0 0.116016 0.273611 0.053906 0.097222
0 0.231641 0.427083 0.042969 0.115278
0 0.101953 0.211806 0.044531 0.062500
