0 0.480469 0.659722 0.053125 0.063889
0 0.180859 0.229167 0.063281 0.119444
0 0.146484 0.549306 0.039844 0.090278
0 0.142578 0.911111 0.044531 0.069444
0 0.559766 0.484722 0.064844 0.094444
0 0.337109 0.590278 0.052344 0.100000
0 0.542578 0.731250 0.061719 0.079167
0 0.528516 0.104167 0.067969 0.111111
0 0.328125 0.438194 0.046875 0.131944
0 0.158594 0.825694 0.043750 0.084722
0 0.622656 0.769444 0.051562 0.116667
0 0.537109 0.652083 0.082031 0.087500
0 0.617969 0.100694 0.053125 0.134722
0 0.814453 0.346528 0.063281 0.093056
0 0.116406 0.206944 0.059375 0.086111
0 0.130859 0.628472 0.057031 0.068056
0 0.183984 0.346528 0.058594 0.126389
0 0.462500 0.595139 0.056250 0.131944
0 0.395313 0.605556 0.045312 0.127778
0 0.776563 0.800000 0.050000 0.080556
0 0.705859 0.448611 0.055469 0.113889
0 0.634766 0.661806 0.055469 0.079167
0 0.861719 0.580556 0.054688 0.066667
0 0.835938 0.528472 0.035937 0.093056
0 0.428906 0.411111 0.054688 0.094444
0 0.446875 0.734722 0.064062 0.102778
0 0.873047 0.650000 0.050781 0.052778
