0 0.277344 0.321528 0.056250 0.159722
0 0.201953 0.111806 0.067969 0.084722
0 0.356641 0.129167 0.061719 0.122222
0 0.545703 0.422917 0.078906 0.106944
0 0.349609 0.727083 0.074219 0.081944
0 0.850000 0.771528 0.035937 0.104167
0 0.661719 0.104861 0.085938 0.076389
0 0.598047 0.111806 0.055469 0.084722
0 0.435156 0.450000 0.048438 0.130556
0 0.767578 0.114583 0.064844 0.104167
0 0.139453 0.670139 0.049219 0.090278
0 0.450391 0.309028 0.071094 0.079167
0 0.160938 0.128472 0.035937 0.095833
0 0.152344 0.771528 0.057813 0.118056
0 0.227734 0.806944 0.042969 0.108333
0 0.461328 0.652778 0.058594 0.127778
0 0.132422 0.526389 0.042969 0.111111
0 0.137109 0.418750 0.058594 0.084722
0 0.824219 0.853472 0.060937 0.070833
0 0.245703 0.633333 0.052344 0.125000
0 0.521484 0.303472 0.049219 0.145833
0 0.298438 0.525000 0.051562 0.155556
0 0.282422 0.788194 0.052344 0.126389
0 0.249609 0.438889 0.071094 0.102778
0 0.180469 0.643750 0.050000 0.081944
