0 0.268359 0.684722 0.086719 0.086111
0 0.611328 0.100694 0.072656 0.095833
0 0.126562 0.697917 0.050000 0.070833
0 0.250781 0.479167 0.057813 0.113889
0 0.663672 0.158333 0.041406 0.100000
0 0.132812 0.323611 0.067187 0.069444
0 0.139844 0.797917 0.051562 0.118056
0 0.431250 0.429861 0.050000 0.137500
0 0.248828 0.366667 0.060156 0.102778
0 0.525781 0.445139 0.053125 0.120833
0 0.552344 0.729167 0.051562 0.086111
0 0.123828 0.587500 0.047656 0.127778
0 0.189062 0.931250 0.059375 0.084722
0 0.143750 0.473611 0.051562 0.102778
0 0.674609 0.383333 0.055469 0.066667
0 0.820312 0.129861 0.045312 0.087500
0 0.762891 0.498611 0.041406 0.097222
0 0.885938 0.220833 0.071875 0.105556
0 0.179688 0.615972 0.053125 0.123611
0 0.301563 0.624306 0.062500 0.106944
0 0.388672 0.853472 0.072656 0.090278
0 0.874609 0.381944 0.047656 0.100000
0 0.158203 0.216667 0.060156 0.122222
0 0.376953 0.656944 0.082031 0.086111
