0 0.173828 0.600694 0.038281 0.112500
0 0.406641 0.862500 0.071094 0.100000
0 0.223438 0.609722 0.051562 0.100000
0 0.351953 0.137500 0.075781 0.091667
0 0.362109 0.838194 0.060156 0.101389
0 0.297656 0.579861 0.056250 0.104167
0 0.535937 0.820833 0.087500 0.094444
0 0.627344 0.079167 0.071875 0.080556
0 0.356250 0.675000 0.076563 0.119444
0 0.611328 0.131944 0.071094 0.066667
0 0.357031 0.467361 0.053125 0.115278
0 0.872266 0.417361 0.042969 0.140278
0 0.196094 0.861806 0.042188 0.101389
0 0.399609 0.073611 0.072656 0.083333
0 0.282813 0.253472 0.051562 0.104167
0 0.149609 0.897917 0.039844 0.093056
0 0.230469 0.785417 0.054688 0.109722
0 0.430469 0.650694 0.062500 0.143056
0 0.139844 0.581944 0.035937 0.111111
0 0.269141 0.606944 0.039844 0.113889
0 0.552734 0.946528 0.075781 0.084722
0 0.263281 0.474306 0.059375 0.120833
0 0.848828 0.470139 0.053906 0.076389
0 0.426563 0.509028 0.064062 0.115278
0 0.630078 0.189583 0.072656 0.095833
0 0.835156 0.400000 0.040625 0.125000
