0 0.580859 0.730556 0.074219 0.086111
0 0.564063 0.628472 0.045312 0.159722
0 0.606641 0.263889 0.060156 0.111111
0 0.343359 0.236111 0.088281 0.100000
0 0.426563 0.240972 0.068750 0.143056
0 0.335938 0.457639 0.054688 0.134722
0 0.440625 0.725000 0.067187 0.075000
0 0.326172 0.722222 0.053906 0.116667
0 0.257812 0.822222 0.059375 0.088889
0 0.187891 0.781250 0.041406 0.106944
0 0.152344 0.759722 0.037500 0.102778
0 0.164453 0.693056 0.060156 0.077778
0 0.293750 0.598611 0.048438 0.122222
0 0.165234 0.437500 0.042969 0.138889
0 0.132812 0.413194 0.056250 0.090278
0 0.128516 0.310417 0.057031 0.079167
0 0.179297 0.288194 0.038281 0.101389
0 0.135156 0.222917 0.065625 0.084722
0 0.505078 0.471528 0.053906 0.073611
0 0.535937 0.446528 0.048438 0.123611
0 0.285938 0.495139 0.051562 0.098611
0 0.843750 0.834028 0.037500 0.095833
0 0.600391 0.077083 0.071094 0.095833
0 0.392578 0.101389 0.058594 0.088889
0 0.234766 0.299306 0.050781 0.131944
