0 0.347656 0.184028 0.060937 0.137500
0 0.230859 0.229861 0.055469 0.137500
0 0.609766 0.532639 0.075781 0.081944
0 0.831641 0.836806 0.074219 0.081944
0 0.158984 0.375000 0.061719 0.119444
0 0.577344 0.303472 0.054688 0.176389
0 0.755469 0.715278 0.057813 0.127778
0 0.636719 0.351389 0.089063 0.113889
0 0.835938 0.254861 0.078125 0.159722
0 0.511328 0.411111 0.049219 0.158333
0 0.897266 0.197222 0.033594 0.116667
0 0.176172 0.284722 0.064844 0.094444
0 0.901172 0.311111 0.064844 0.152778
0 0.760156 0.842361 0.060937 0.079167
0 0.764453 0.552778 0.078906 0.133333
0 0.563672 0.729167 0.058594 0.163889
0 0.689453 0.702083 0.069531 0.098611
0 0.829297 0.714583 0.058594 0.143056
0 0.208594 0.494444 0.043750 0.127778
0 0.541406 0.622917 0.073438 0.073611
0 0.847656 0.359722 0.045312 0.105556
0 0.594531 0.067361 0.081250 0.084722
