0 0.208594 0.431944 0.076563 0.108333
0 0.392578 0.586111 0.088281 0.125000
0 0.304297 0.409722 0.067969 0.177778
0 0.139063 0.364583 0.043750 0.120833
0 0.138672 0.490972 0.058594 0.129167
0 0.183984 0.106944 0.058594 0.180556
0 0.321484 0.279861 0.078906 0.131944
0 0.436719 0.291667 0.095312 0.102778
0 0.241406 0.090278 0.064062 0.169444
0 0.137109 0.246528 0.042969 0.148611
0 0.327734 0.116667 0.082031 0.163889
0 0.855469 0.397917 0.068750 0.106944
0 0.766016 0.502083 0.094531 0.098611
0 0.911719 0.793750 0.050000 0.076389
0 0.874609 0.687500 0.049219 0.086111
0 0.646875 0.074306 0.085938 0.126389
0 0.603906 0.748611 0.075000 0.094444
0 0.819922 0.670833 0.082031 0.097222
0 0.138672 0.123611 0.028906 0.116667
