0 0.818750 0.138889 0.079687 0.105556
0 0.221094 0.276389 0.071875 0.113889
0 0.149219 0.278472 0.064062 0.109722
0 0.154688 0.518056 0.065625 0.083333
0 0.868359 0.638889 0.067969 0.072222
0 0.583594 0.804861 0.085938 0.095833
0 0.788672 0.772917 0.041406 0.123611
0 0.885547 0.285417 0.046094 0.129167
0 0.684766 0.289583 0.086719 0.093056
0 0.275391 0.678472 0.057031 0.148611
0 0.843750 0.750000 0.053125 0.113889
0 0.392578 0.077778 0.074219 0.127778
0 0.839453 0.244444 0.055469 0.136111
0 0.885156 0.565972 0.057813 0.093056
0 0.144531 0.193056 0.056250 0.116667
0 0.216797 0.604861 0.063281 0.106944
0 0.266406 0.790278 0.073438 0.108333
0 0.751172 0.795139 0.039844 0.112500
0 0.866016 0.700000 0.055469 0.063889
