0 0.343342 0.308846 0.0923286 0.108483
0 0.67573 0.524444 0.0620154 0.16329
0 0.525841 0.392355 0.107707 0.11321
0 0.297274 0.126933 0.077676 0.107485
0 0.73317 0.531083 0.0557302 0.145893
0 0.885425 0.780372 0.0499928 0.0653693
0 0.584284 0.323867 0.062192 0.101193
0 0.444633 0.49233 0.0622586 0.128342
0 0.279459 0.473918 0.0683321 0.103453
0 0.15867 0.178242 0.0646705 0.105499
0 0.36152 0.567901 0.0661639 0.118012
0 0.358428 0.135769 0.0567633 0.164755
0 0.166267 0.451568 0.0414723 0.127024
0 0.650353 0.339458 0.0887299 0.132062
0 0.325289 0.513099 0.0575627 0.138931
0 0.738202 0.237492 0.0613598 0.116884
0 0.137496 0.638238 0.0481161 0.136967
0 0.219918 0.498026 0.0525139 0.11848
0 0.222427 0.0463059 0.0642713 0.0926119
0 0.133979 0.350882 0.0454797 0.143196
0 0.180526 0.620507 0.0479358 0.114389
0 0.323083 0.0440697 0.0619938 0.0881394
