0 0.178125 0.518056 0.057813 0.127778
0 0.185547 0.256944 0.061719 0.158333
0 0.223047 0.308333 0.057031 0.086111
0 0.153125 0.368056 0.062500 0.094444
0 0.226562 0.129861 0.090625 0.106944
0 0.351562 0.073611 0.079687 0.116667
0 0.418359 0.116667 0.061719 0.161111
0 0.343359 0.173611 0.096094 0.111111
0 0.803516 0.631944 0.039844 0.108333
0 0.518750 0.378472 0.064062 0.168056
0 0.337891 0.487500 0.071094 0.138889
0 0.356250 0.562500 0.062500 0.094444
0 0.519922 0.522917 0.097656 0.109722
0 0.536328 0.707639 0.053906 0.137500
0 0.499609 0.724306 0.044531 0.098611
0 0.666797 0.373611 0.096094 0.102778
0 0.387891 0.382639 0.058594 0.170833
0 0.653906 0.454167 0.092188 0.094444
0 0.707422 0.318056 0.091406 0.091667
0 0.876172 0.556944 0.052344 0.133333
0 0.869922 0.181944 0.044531 0.108333
0 0.520312 0.132639 0.079687 0.095833
0 0.563672 0.065972 0.069531 0.104167
