0 0.518750 0.041667 0.059375 0.069444
0 0.579297 0.084028 0.044531 0.118056
0 0.622656 0.061806 0.046875 0.084722
0 0.660156 0.186111 0.040625 0.111111
0 0.553516 0.370833 0.061719 0.086111
0 0.446094 0.484722 0.073438 0.100000
0 0.589844 0.576389 0.050000 0.138889
0 0.655469 0.652778 0.076563 0.086111
0 0.771875 0.699306 0.065625 0.059722
0 0.816016 0.262500 0.038281 0.111111
0 0.839453 0.311111 0.036719 0.113889
0 0.828906 0.069444 0.050000 0.044444
0 0.879687 0.222222 0.032813 0.091667
0 0.870313 0.113194 0.046875 0.065278
0 0.466797 0.906944 0.049219 0.111111
0 0.601953 0.921528 0.044531 0.095833
0 0.663672 0.768056 0.049219 0.100000
0 0.800000 0.912500 0.028125 0.061111
0 0.827734 0.909028 0.032031 0.062500
0 0.839844 0.834722 0.042188 0.086111
0 0.179688 0.439583 0.057813 0.068056
0 0.174609 0.563194 0.038281 0.081944
0 0.121094 0.633333 0.043750 0.061111
0 0.148047 0.711111 0.032031 0.108333
0 0.117969 0.696528 0.032813 0.065278
