0 0.134578 0.19795 0.0437355 0.133897
0 0.252267 0.281979 0.0707408 0.0919095
0 0.212152 0.11848 0.0589928 0.102962
0 0.571338 0.486182 0.0754589 0.133251
0 0.573734 0.336183 0.072031 0.118631
0 0.595976 0.646934 0.074411 0.129707
0 0.312213 0.163632 0.0922863 0.110776
0 0.353561 0.586562 0.0613899 0.0907717
0 0.253325 0.509193 0.0867784 0.102631
0 0.733403 0.263162 0.0758164 0.0897208
0 0.405887 0.487212 0.082045 0.0949923
0 0.336249 0.362655 0.0573378 0.15755
0 0.143011 0.351351 0.0708766 0.0972873
0 0.220316 0.207169 0.0530638 0.0967392
0 0.186363 0.704526 0.076196 0.0947587
0 0.410027 0.595064 0.0523846 0.145077
0 0.326295 0.703965 0.0747287 0.104599
0 0.17198 0.608199 0.055181 0.10361
0 0.651522 0.409709 0.0619807 0.147454
0 0.19755 0.039085 0.0669236 0.07817
0 0.824158 0.487388 0.0648741 0.0741759
0 0.143136 0.718156 0.0523342 0.108583
0 0.327841 0.0436213 0.0778633 0.0872427
