0 0.251563 0.340278 0.065625 0.144444
0 0.357812 0.278472 0.079687 0.112500
0 0.153516 0.270833 0.055469 0.091667
0 0.585156 0.275000 0.051562 0.161111
0 0.189844 0.127083 0.057813 0.143056
0 0.516797 0.481250 0.057031 0.087500
0 0.501172 0.279167 0.072656 0.158333
0 0.153125 0.425000 0.062500 0.100000
0 0.131250 0.209028 0.045312 0.112500
0 0.157422 0.355556 0.061719 0.091667
0 0.671484 0.428472 0.053906 0.151389
0 0.186719 0.738194 0.070312 0.120833
0 0.175391 0.607639 0.064844 0.115278
0 0.474219 0.575000 0.090625 0.105556
0 0.612500 0.675000 0.068750 0.075000
0 0.611719 0.356944 0.089063 0.097222
0 0.207031 0.453472 0.043750 0.134722
0 0.130078 0.593750 0.049219 0.140278
0 0.507422 0.390972 0.038281 0.115278
0 0.414844 0.561806 0.070312 0.123611
0 0.358984 0.625694 0.082031 0.118056
0 0.819141 0.438889 0.061719 0.088889
0 0.747656 0.654861 0.068750 0.109722
0 0.160547 0.517361 0.077344 0.090278
0 0.823438 0.817361 0.054688 0.145833
0 0.876563 0.725694 0.054688 0.101389
