0 0.471484 0.331250 0.052344 0.104167
0 0.128906 0.718750 0.035937 0.087500
0 0.664062 0.143750 0.039062 0.120833
0 0.130078 0.312500 0.057031 0.080556
0 0.443359 0.379861 0.089844 0.081944
0 0.217578 0.220139 0.055469 0.112500
0 0.528516 0.440278 0.050781 0.125000
0 0.547656 0.722917 0.062500 0.073611
0 0.167187 0.504861 0.056250 0.109722
0 0.125391 0.518750 0.044531 0.137500
0 0.142969 0.427778 0.067187 0.111111
0 0.847656 0.754861 0.054688 0.087500
0 0.724219 0.059722 0.082812 0.061111
0 0.596484 0.681944 0.041406 0.108333
0 0.597656 0.459028 0.059375 0.115278
0 0.173828 0.310417 0.053906 0.120833
0 0.322656 0.656944 0.051562 0.116667
0 0.394922 0.818750 0.055469 0.123611
0 0.871094 0.365278 0.039062 0.119444
0 0.309766 0.209028 0.049219 0.129167
0 0.164062 0.147917 0.059375 0.084722
0 0.287109 0.545139 0.077344 0.118056
0 0.331250 0.768056 0.056250 0.097222
0 0.555859 0.088194 0.083594 0.087500
0 0.252734 0.120139 0.064844 0.087500
0 0.424609 0.648611 0.049219 0.125000
