0 0.297266 0.139583 0.050781 0.118056
0 0.342578 0.101389 0.050781 0.122222
0 0.491406 0.313194 0.090625 0.095833
0 0.292187 0.448611 0.053125 0.122222
0 0.141406 0.268750 0.054688 0.101389
0 0.105859 0.243056 0.030469 0.061111
0 0.108984 0.193750 0.041406 0.045833
0 0.123438 0.466667 0.045312 0.094444
0 0.116016 0.568750 0.038281 0.104167
0 0.166016 0.538889 0.055469 0.108333
0 0.120313 0.640278 0.056250 0.072222
0 0.166016 0.687500 0.053906 0.069444
0 0.173047 0.765278 0.058594 0.083333
0 0.381250 0.740278 0.051562 0.097222
0 0.433203 0.745833 0.049219 0.122222
0 0.481250 0.763194 0.043750 0.120833
0 0.546094 0.664583 0.065625 0.073611
0 0.612500 0.570833 0.071875 0.100000
0 0.618750 0.659722 0.079687 0.088889
0 0.705469 0.709028 0.043750 0.123611
0 0.686328 0.800694 0.041406 0.115278
0 0.882422 0.725694 0.032031 0.081944
0 0.872656 0.783333 0.048438 0.055556
0 0.718750 0.314583 0.067187 0.081944
0 0.631250 0.389583 0.057813 0.101389
0 0.858984 0.152083 0.049219 0.095833
0 0.605859 0.114583 0.063281 0.076389
