0 0.463281 0.290972 0.071875 0.206944
0 0.250391 0.085417 0.058594 0.168056
0 0.156250 0.247917 0.075000 0.109722
0 0.298047 0.311111 0.114844 0.111111
0 0.519922 0.272222 0.058594 0.180556
0 0.254688 0.244444 0.065625 0.133333
0 0.861719 0.397917 0.059375 0.140278
0 0.770703 0.328472 0.071094 0.134722
0 0.607422 0.755556 0.067969 0.113889
0 0.800391 0.685417 0.074219 0.120833
0 0.663672 0.244444 0.072656 0.144444
0 0.151953 0.163194 0.061719 0.087500
0 0.288672 0.072917 0.057031 0.143056
0 0.882031 0.622917 0.071875 0.081944
0 0.330078 0.406250 0.113281 0.104167
0 0.409766 0.602778 0.092969 0.102778
0 0.421484 0.190972 0.100781 0.104167
0 0.781641 0.771528 0.064844 0.081944
0 0.211719 0.227778 0.056250 0.183333
