0 0.532025 0.284511 0.0474766 0.122461
0 0.541258 0.737715 0.0540344 0.120948
0 0.240508 0.136813 0.0628045 0.121763
0 0.301439 0.490574 0.0824445 0.0916578
0 0.522174 0.182726 0.0818258 0.0896653
0 0.426662 0.719935 0.0745371 0.0864019
0 0.238338 0.250802 0.0813966 0.116362
0 0.135425 0.258214 0.0472252 0.117742
0 0.366429 0.288212 0.0753538 0.130037
0 0.348918 0.619574 0.0566059 0.147944
0 0.888965 0.240005 0.0578617 0.0833963
0 0.857098 0.775276 0.0547468 0.0954712
0 0.418743 0.57154 0.0709982 0.0804506
0 0.609559 0.720466 0.0469038 0.134828
0 0.6531 0.400978 0.0639651 0.136008
0 0.153014 0.70213 0.0665702 0.0832286
0 0.205701 0.539044 0.0534468 0.134727
0 0.359665 0.405002 0.064486 0.12691
0 0.181736 0.642018 0.0579018 0.137303
0 0.681164 0.735304 0.0531239 0.13664
0 0.484568 0.715354 0.0630573 0.077832
0 0.481248 0.484015 0.0642933 0.149695
0 0.811222 0.457181 0.0556913 0.117379
0 0.526567 0.547082 0.0617151 0.125066
0 0.199714 0.13641 0.0437641 0.122204
0 0.131672 0.185274 0.0479107 0.058002
