0 0.173828 0.154861 0.050781 0.131944
0 0.125781 0.229167 0.057813 0.075000
0 0.131250 0.292361 0.060937 0.095833
0 0.380469 0.638194 0.057813 0.081944
0 0.237500 0.434722 0.060937 0.122222
0 0.424609 0.070139 0.063281 0.073611
0 0.144141 0.502083 0.047656 0.106944
0 0.111328 0.468056 0.027344 0.080556
0 0.118359 0.545833 0.041406 0.161111
0 0.193359 0.439583 0.049219 0.145833
0 0.210547 0.702778 0.046094 0.122222
0 0.152734 0.719444 0.038281 0.122222
0 0.276172 0.689583 0.082031 0.090278
0 0.306641 0.535417 0.057031 0.104167
0 0.146484 0.913194 0.053906 0.065278
0 0.136328 0.829861 0.052344 0.068056
0 0.354297 0.451389 0.058594 0.152778
0 0.450781 0.646528 0.085938 0.101389
0 0.709766 0.954861 0.077344 0.090278
0 0.806250 0.562500 0.039062 0.102778
0 0.771094 0.490278 0.057813 0.086111
0 0.566406 0.301389 0.043750 0.136111
0 0.762109 0.256250 0.053906 0.079167
0 0.645703 0.491667 0.063281 0.102778
0 0.579688 0.099306 0.065625 0.095833
0 0.794141 0.148611 0.064844 0.083333
