0 0.253906 0.463889 0.051562 0.094444
0 0.184375 0.250694 0.079687 0.101389
0 0.233594 0.300000 0.054688 0.100000
0 0.154297 0.375000 0.060156 0.108333
0 0.225391 0.133333 0.085156 0.097222
0 0.345703 0.219444 0.057031 0.155556
0 0.396484 0.260417 0.049219 0.168056
0 0.457813 0.266667 0.092188 0.102778
0 0.804688 0.581250 0.040625 0.137500
0 0.555078 0.290278 0.105469 0.119444
0 0.326562 0.603472 0.053125 0.148611
0 0.353906 0.556944 0.053125 0.105556
0 0.551562 0.689583 0.054688 0.151389
0 0.510156 0.608333 0.042188 0.102778
0 0.830859 0.663889 0.061719 0.108333
0 0.344922 0.450694 0.089844 0.098611
0 0.610547 0.120139 0.071094 0.137500
0 0.808594 0.220833 0.050000 0.163889
0 0.841797 0.184028 0.057031 0.140278
0 0.385547 0.386806 0.075781 0.120833
0 0.547656 0.075000 0.068750 0.127778
0 0.890625 0.193750 0.057813 0.118056
0 0.662891 0.463889 0.061719 0.163889
