0 0.458984 0.305556 0.069531 0.186111
0 0.322656 0.209028 0.098437 0.118056
0 0.153906 0.248611 0.067187 0.111111
0 0.296094 0.325694 0.065625 0.184722
0 0.515625 0.291667 0.060937 0.147222
0 0.302734 0.122917 0.097656 0.112500
0 0.876953 0.402778 0.038281 0.155556
0 0.777734 0.368750 0.077344 0.109722
0 0.601953 0.747917 0.072656 0.104167
0 0.805078 0.686111 0.074219 0.116667
0 0.671484 0.257639 0.057031 0.165278
0 0.155469 0.161806 0.057813 0.081944
0 0.275000 0.088889 0.095312 0.133333
0 0.884375 0.623611 0.070312 0.086111
0 0.483984 0.603472 0.063281 0.140278
0 0.427734 0.203472 0.100781 0.115278
0 0.776172 0.770139 0.067969 0.079167
0 0.211719 0.228472 0.057813 0.184722
