0 0.148438 0.229167 0.042188 0.111111
0 0.108984 0.295139 0.033594 0.095833
0 0.151953 0.397222 0.055469 0.077778
0 0.126953 0.479167 0.041406 0.083333
0 0.204687 0.493750 0.059375 0.079167
0 0.141406 0.618750 0.039062 0.079167
0 0.148047 0.764583 0.036719 0.126389
0 0.394141 0.946528 0.049219 0.106944
0 0.508203 0.822222 0.027344 0.102778
0 0.503125 0.594444 0.037500 0.116667
0 0.569531 0.573611 0.034375 0.130556
0 0.569922 0.430556 0.055469 0.058333
0 0.587891 0.706944 0.039844 0.136111
0 0.694141 0.683333 0.042969 0.080556
0 0.711328 0.594444 0.042969 0.094444
0 0.760547 0.632639 0.046094 0.051389
0 0.794531 0.568750 0.062500 0.120833
0 0.799609 0.699306 0.030469 0.123611
0 0.800000 0.909028 0.032813 0.087500
0 0.833594 0.812500 0.032813 0.105556
0 0.880078 0.830556 0.042969 0.055556
0 0.872266 0.325000 0.044531 0.083333
0 0.706250 0.102083 0.054688 0.090278
0 0.727734 0.059722 0.042969 0.055556
0 0.805078 0.074306 0.036719 0.073611
0 0.829688 0.097917 0.025000 0.079167
0 0.862109 0.079861 0.042969 0.056944
0 0.871484 0.140278 0.032031 0.102778
