0 0.147656 0.581944 0.079687 0.088889
0 0.228516 0.269444 0.078906 0.108333
0 0.696484 0.185417 0.066406 0.159722
0 0.610938 0.624306 0.067187 0.131944
0 0.454688 0.344444 0.065625 0.166667
0 0.692578 0.107639 0.074219 0.145833
0 0.809766 0.679861 0.072656 0.129167
0 0.792188 0.329861 0.060937 0.193056
0 0.764062 0.463889 0.073438 0.150000
0 0.151562 0.227778 0.065625 0.155556
0 0.152734 0.105556 0.086719 0.097222
0 0.249219 0.520139 0.046875 0.123611
0 0.346094 0.538194 0.082812 0.156944
0 0.916797 0.219444 0.075781 0.100000
0 0.305078 0.041667 0.083594 0.080556
0 0.907813 0.790278 0.035937 0.111111
0 0.284766 0.383333 0.046094 0.119444
