0 0.299609 0.420139 0.075781 0.145833
0 0.356250 0.261806 0.076563 0.104167
0 0.153125 0.265278 0.043750 0.080556
0 0.494922 0.137500 0.085156 0.116667
0 0.193359 0.125694 0.050781 0.140278
0 0.485156 0.491667 0.065625 0.086111
0 0.508594 0.272222 0.062500 0.150000
0 0.202344 0.388889 0.046875 0.161111
0 0.130469 0.208333 0.043750 0.097222
0 0.155859 0.367361 0.049219 0.112500
0 0.680078 0.384722 0.052344 0.163889
0 0.168750 0.724306 0.067187 0.093056
0 0.201172 0.660417 0.050781 0.148611
0 0.464453 0.577778 0.077344 0.138889
0 0.625391 0.670833 0.069531 0.086111
0 0.617969 0.351389 0.090625 0.100000
0 0.203516 0.553472 0.050781 0.137500
0 0.137500 0.603472 0.040625 0.137500
0 0.510547 0.402083 0.044531 0.137500
0 0.408594 0.570833 0.067187 0.113889
0 0.345703 0.592361 0.086719 0.115278
0 0.862891 0.441667 0.060156 0.066667
0 0.750000 0.690972 0.050000 0.126389
0 0.121484 0.371528 0.025781 0.159722
0 0.817969 0.822222 0.053125 0.155556
0 0.876172 0.725694 0.053906 0.101389
