0 0.143359 0.800000 0.047656 0.113889
0 0.416406 0.785417 0.089063 0.087500
0 0.403516 0.868056 0.085156 0.086111
0 0.139063 0.358333 0.054688 0.105556
0 0.204687 0.192361 0.067187 0.084722
0 0.170313 0.590278 0.062500 0.094444
0 0.315625 0.357639 0.070312 0.120833
0 0.118359 0.297917 0.039844 0.115278
0 0.600781 0.077083 0.062500 0.087500
0 0.294141 0.505556 0.072656 0.105556
0 0.386328 0.609722 0.064844 0.122222
0 0.639062 0.108333 0.059375 0.097222
0 0.587109 0.140972 0.055469 0.087500
0 0.248438 0.315972 0.054688 0.143056
0 0.328125 0.643056 0.070312 0.127778
0 0.865625 0.377083 0.040625 0.112500
0 0.139063 0.913889 0.067187 0.069444
0 0.218359 0.104167 0.063281 0.080556
0 0.119531 0.461806 0.054688 0.095833
0 0.180078 0.263194 0.061719 0.068056
0 0.194141 0.829167 0.035156 0.083333
0 0.166016 0.477083 0.035156 0.112500
0 0.232031 0.833333 0.064062 0.072222
0 0.878516 0.271528 0.042969 0.131944
0 0.470703 0.492361 0.066406 0.079167
0 0.372266 0.461111 0.046094 0.166667
