0 0.192578 0.082639 0.074219 0.101389
0 0.191406 0.181250 0.065625 0.120833
0 0.139453 0.347917 0.047656 0.148611
0 0.130078 0.541667 0.072656 0.077778
0 0.119531 0.638889 0.068750 0.097222
0 0.254297 0.625000 0.069531 0.102778
0 0.339062 0.447222 0.056250 0.130556
0 0.488672 0.250000 0.100781 0.108333
0 0.464453 0.315278 0.091406 0.075000
0 0.667969 0.137500 0.075000 0.113889
0 0.664062 0.281944 0.101562 0.111111
0 0.882812 0.281944 0.054688 0.133333
0 0.916406 0.295833 0.046875 0.136111
0 0.897656 0.474306 0.060937 0.101389
0 0.878125 0.570139 0.050000 0.129167
0 0.838281 0.697222 0.079687 0.102778
0 0.851562 0.756250 0.051562 0.101389
0 0.592969 0.822917 0.064062 0.112500
0 0.501563 0.799306 0.051562 0.090278
0 0.135547 0.463194 0.058594 0.093056
