0 0.45899 0.0546905 0.0773272 0.109381
0 0.277529 0.469924 0.0705413 0.0971418
0 0.297104 0.123158 0.0791167 0.10681
0 0.524467 0.391688 0.0982897 0.11531
0 0.674534 0.519123 0.0632345 0.168589
0 0.325757 0.517136 0.0532807 0.146062
0 0.359073 0.13733 0.0583613 0.171683
0 0.200973 0.588364 0.0648244 0.0957575
0 0.445204 0.489901 0.062576 0.132475
0 0.159887 0.455426 0.0498591 0.122685
0 0.231777 0.0546905 0.0487343 0.109381
0 0.649755 0.350037 0.0850004 0.114994
0 0.208904 0.808992 0.0659991 0.0818824
0 0.58505 0.330079 0.0638363 0.0911499
0 0.137682 0.632712 0.0572596 0.147907
0 0.731355 0.233683 0.0599554 0.124026
0 0.757646 0.546351 0.049773 0.141055
0 0.161087 0.183724 0.0688605 0.118568
0 0.129405 0.221963 0.0428691 0.132442
0 0.306791 0.0364926 0.0481058 0.0729853
0 0.362176 0.566312 0.0738136 0.107435
0 0.140075 0.554174 0.058026 0.0640355
