0 0.458749 0.0533767 0.0773972 0.106753
0 0.675636 0.520097 0.0619156 0.166388
0 0.324836 0.517694 0.0555327 0.14945
0 0.582022 0.327142 0.0572975 0.099613
0 0.292933 0.124252 0.086216 0.107091
0 0.52847 0.392359 0.088784 0.114119
0 0.359096 0.132734 0.0558815 0.178266
0 0.219476 0.0457381 0.0521824 0.0914762
0 0.161904 0.452487 0.0421392 0.124226
0 0.159269 0.177883 0.0640605 0.105416
0 0.73343 0.532218 0.0562797 0.145137
0 0.445353 0.490412 0.062328 0.135533
0 0.138819 0.307315 0.0464785 0.152609
0 0.280771 0.476047 0.0684744 0.107393
0 0.200418 0.587125 0.0649497 0.0951759
0 0.648955 0.341047 0.0893741 0.131229
0 0.733966 0.233527 0.0634285 0.124027
0 0.140338 0.630024 0.0510292 0.143235
0 0.364178 0.567113 0.0790363 0.106861
0 0.730014 0.770441 0.0675005 0.0748054
0 0.15544 0.545449 0.0634939 0.0708974
0 0.31092 0.0362946 0.0506088 0.0725893
0 0.32412 0.0439381 0.0706893 0.0878762
