0 0.339062 0.093056 0.100000 0.100000
0 0.309375 0.432639 0.084375 0.118056
0 0.228906 0.129861 0.062500 0.131944
0 0.247266 0.272917 0.069531 0.084722
0 0.157422 0.573611 0.055469 0.166667
0 0.504297 0.284722 0.096094 0.105556
0 0.299219 0.309028 0.126562 0.115278
0 0.852734 0.404861 0.047656 0.140278
0 0.776563 0.343056 0.071875 0.111111
0 0.599219 0.742361 0.084375 0.087500
0 0.802734 0.692361 0.071094 0.109722
0 0.678125 0.240278 0.067187 0.166667
0 0.298438 0.190972 0.073438 0.081944
0 0.297266 0.073611 0.075781 0.105556
0 0.872266 0.625000 0.060156 0.086111
0 0.119531 0.418750 0.057813 0.131944
0 0.400781 0.595833 0.068750 0.172222
0 0.392188 0.195833 0.104688 0.102778
0 0.791797 0.772222 0.069531 0.069444
