0 0.308984 0.563194 0.049219 0.154167
0 0.376563 0.225694 0.060937 0.079167
0 0.141406 0.747917 0.037500 0.129167
0 0.226172 0.308333 0.069531 0.094444
0 0.662500 0.152083 0.042188 0.109722
0 0.163672 0.334722 0.050781 0.119444
0 0.222656 0.613889 0.050000 0.105556
0 0.429297 0.468750 0.046094 0.151389
0 0.188672 0.426389 0.052344 0.113889
0 0.383594 0.296528 0.075000 0.090278
0 0.555469 0.723611 0.048438 0.086111
0 0.137109 0.586111 0.053906 0.088889
0 0.208594 0.726389 0.067187 0.072222
0 0.138281 0.495139 0.056250 0.112500
0 0.873437 0.420833 0.034375 0.091667
0 0.819922 0.131250 0.050781 0.101389
0 0.605078 0.372222 0.082031 0.097222
0 0.884375 0.179167 0.054688 0.069444
0 0.263672 0.804167 0.078906 0.091667
0 0.166797 0.821528 0.057031 0.081944
0 0.296875 0.234722 0.054688 0.091667
0 0.458203 0.523611 0.066406 0.116667
0 0.120703 0.323611 0.036719 0.125000
0 0.245312 0.472222 0.057813 0.119444
0 0.180859 0.606250 0.033594 0.129167
0 0.348047 0.081250 0.063281 0.109722
