0 0.675011 0.528185 0.0754622 0.144612
0 0.163241 0.209954 0.0485095 0.150487
0 0.231648 0.0533413 0.047581 0.106683
0 0.526686 0.39076 0.0948406 0.117247
0 0.454969 0.0538607 0.0740527 0.107721
0 0.586808 0.325491 0.0664101 0.104369
0 0.164884 0.465085 0.0437479 0.12428
0 0.296536 0.131907 0.0786258 0.116657
0 0.200188 0.702182 0.0619122 0.0915819
0 0.366286 0.572851 0.0618326 0.115531
0 0.329631 0.5157 0.0564115 0.15048
0 0.743045 0.533707 0.0594359 0.11868
0 0.136996 0.631129 0.058746 0.141046
0 0.737027 0.238606 0.0659288 0.119087
0 0.36037 0.138091 0.0530259 0.161981
0 0.128962 0.176054 0.0416595 0.132135
0 0.445859 0.488313 0.0627342 0.132831
0 0.236074 0.634365 0.060327 0.118274
0 0.649325 0.346397 0.0866652 0.124844
0 0.128377 0.494779 0.0446733 0.108361
0 0.284198 0.466058 0.0550389 0.134937
0 0.318349 0.0490743 0.0663411 0.0981487
