0 0.122656 0.568056 0.042188 0.097222
0 0.134766 0.484722 0.047656 0.102778
0 0.266016 0.475000 0.052344 0.077778
0 0.238281 0.522917 0.042188 0.076389
0 0.168750 0.760417 0.056250 0.073611
0 0.137109 0.810417 0.035156 0.054167
0 0.126953 0.768750 0.032031 0.095833
0 0.133203 0.727083 0.047656 0.081944
0 0.171875 0.906250 0.059375 0.070833
0 0.743359 0.703472 0.046094 0.090278
0 0.829688 0.434028 0.051562 0.081944
0 0.519141 0.649306 0.078906 0.081944
0 0.457422 0.598611 0.041406 0.136111
0 0.464453 0.714583 0.046094 0.129167
0 0.636328 0.652083 0.053906 0.079167
0 0.576172 0.595833 0.053906 0.097222
0 0.744141 0.595139 0.044531 0.109722
0 0.868359 0.396528 0.053906 0.076389
0 0.874609 0.262500 0.046094 0.088889
0 0.921094 0.770139 0.045312 0.065278
0 0.776172 0.575000 0.042969 0.083333
0 0.741406 0.315972 0.056250 0.070833
0 0.769531 0.058333 0.059375 0.050000
0 0.809375 0.100000 0.028125 0.083333
0 0.783594 0.638889 0.056250 0.052778
0 0.821875 0.100000 0.021875 0.088889
0 0.773438 0.104167 0.064062 0.088889
0 0.787891 0.122917 0.032031 0.090278
