0 0.139844 0.258333 0.046875 0.075000
0 0.140625 0.381250 0.065625 0.062500
0 0.118750 0.422917 0.056250 0.065278
0 0.130469 0.497222 0.048438 0.080556
0 0.133594 0.557639 0.050000 0.056944
0 0.121094 0.775694 0.050000 0.056944
0 0.160938 0.888889 0.057813 0.066667
0 0.380469 0.925000 0.050000 0.075000
0 0.554297 0.670833 0.047656 0.094444
0 0.580469 0.597222 0.053125 0.091667
0 0.628906 0.648611 0.045312 0.052778
0 0.650781 0.600000 0.046875 0.086111
0 0.681641 0.690972 0.035156 0.101389
0 0.724219 0.483333 0.060937 0.069444
0 0.748047 0.318750 0.057031 0.068056
0 0.801172 0.309028 0.036719 0.076389
0 0.717578 0.056944 0.041406 0.108333
0 0.743359 0.095833 0.027344 0.133333
0 0.768750 0.078472 0.037500 0.062500
0 0.852344 0.109722 0.056250 0.102778
0 0.874219 0.327778 0.046875 0.083333
0 0.804297 0.909028 0.032031 0.090278
0 0.792578 0.743056 0.055469 0.077778
0 0.819141 0.731944 0.033594 0.097222
0 0.786328 0.611806 0.052344 0.059722
0 0.807813 0.547917 0.060937 0.076389
0 0.851562 0.561806 0.035937 0.112500
