0 0.145703 0.786111 0.042969 0.100000
0 0.413672 0.795139 0.088281 0.104167
0 0.405859 0.869444 0.085156 0.086111
0 0.183203 0.431944 0.057031 0.083333
0 0.207031 0.195139 0.070312 0.084722
0 0.164062 0.597917 0.059375 0.093056
0 0.242969 0.449306 0.040625 0.156944
0 0.149609 0.186111 0.050781 0.102778
0 0.605078 0.076389 0.067969 0.088889
0 0.285938 0.642361 0.068750 0.095833
0 0.391406 0.604167 0.065625 0.119444
0 0.636719 0.109028 0.057813 0.104167
0 0.589063 0.140972 0.054688 0.093056
0 0.249219 0.307639 0.054688 0.156944
0 0.354687 0.670139 0.082812 0.118056
0 0.882031 0.406944 0.057813 0.116667
0 0.136719 0.914583 0.062500 0.070833
0 0.319141 0.260417 0.055469 0.118056
0 0.226562 0.247222 0.064062 0.075000
0 0.154688 0.856250 0.051562 0.054167
0 0.234375 0.836111 0.064062 0.075000
0 0.853906 0.293056 0.045312 0.088889
0 0.475391 0.488194 0.061719 0.081944
0 0.142187 0.531250 0.042188 0.123611
0 0.204297 0.350694 0.049219 0.090278
0 0.296094 0.437500 0.065625 0.133333
