0 0.293359 0.345833 0.075781 0.105556
0 0.238672 0.131944 0.075781 0.091667
0 0.356641 0.131944 0.061719 0.116667
0 0.556641 0.450000 0.069531 0.108333
0 0.381250 0.831250 0.053125 0.129167
0 0.850000 0.761111 0.035937 0.125000
0 0.656641 0.091667 0.082031 0.080556
0 0.588281 0.104861 0.054688 0.087500
0 0.434375 0.447917 0.048438 0.137500
0 0.760156 0.123611 0.048438 0.105556
0 0.134375 0.672222 0.060937 0.091667
0 0.446875 0.307639 0.068750 0.084722
0 0.161719 0.125694 0.035937 0.095833
0 0.148438 0.765278 0.053125 0.111111
0 0.227734 0.806944 0.042969 0.108333
0 0.458203 0.648611 0.064844 0.125000
0 0.135937 0.510417 0.046875 0.098611
0 0.134375 0.414583 0.064062 0.087500
0 0.798047 0.861111 0.060156 0.069444
0 0.245703 0.635417 0.052344 0.129167
0 0.214062 0.310417 0.042188 0.093056
0 0.521484 0.303472 0.049219 0.145833
0 0.283984 0.520833 0.080469 0.116667
0 0.285156 0.795833 0.053125 0.125000
0 0.402344 0.541667 0.078125 0.097222
0 0.179688 0.643056 0.050000 0.083333
