0 0.487109 0.113889 0.089844 0.111111
0 0.305078 0.425000 0.078906 0.116667
0 0.247656 0.136806 0.065625 0.165278
0 0.244922 0.277083 0.074219 0.093056
0 0.173047 0.586111 0.058594 0.161111
0 0.479687 0.269444 0.082812 0.136111
0 0.208203 0.364583 0.078906 0.131944
0 0.853906 0.398611 0.046875 0.147222
0 0.768750 0.606944 0.082812 0.152778
0 0.604297 0.752778 0.074219 0.108333
0 0.878906 0.559722 0.048438 0.191667
0 0.677734 0.246528 0.063281 0.162500
0 0.307812 0.193056 0.067187 0.102778
0 0.376953 0.081250 0.092969 0.104167
0 0.851953 0.227083 0.067969 0.101389
0 0.132812 0.445833 0.059375 0.138889
0 0.442188 0.645139 0.059375 0.168056
0 0.385156 0.206944 0.112500 0.102778
0 0.891406 0.782639 0.039062 0.140278
