0 0.277344 0.094444 0.065625 0.091667
0 0.135937 0.769444 0.039062 0.111111
0 0.569531 0.375694 0.075000 0.068056
0 0.146875 0.227083 0.035937 0.137500
0 0.315234 0.405556 0.067969 0.097222
0 0.230859 0.122917 0.063281 0.087500
0 0.376953 0.653472 0.061719 0.079167
0 0.549219 0.725000 0.057813 0.077778
0 0.160938 0.502083 0.064062 0.106944
0 0.423438 0.485417 0.059375 0.123611
0 0.429688 0.782639 0.048438 0.087500
0 0.661719 0.081250 0.075000 0.087500
0 0.184375 0.233333 0.057813 0.108333
0 0.148047 0.582639 0.061719 0.093056
0 0.387109 0.840278 0.064844 0.125000
0 0.870703 0.360417 0.038281 0.123611
0 0.337891 0.154167 0.052344 0.105556
0 0.198828 0.853472 0.044531 0.093056
0 0.116016 0.225694 0.038281 0.095833
0 0.325781 0.588194 0.054688 0.145833
0 0.128125 0.643056 0.054688 0.072222
0 0.277344 0.583333 0.046875 0.138889
0 0.344141 0.295139 0.077344 0.093056
0 0.717969 0.067361 0.050000 0.048611
0 0.658984 0.473611 0.058594 0.061111
