0 0.360547 0.215972 0.071094 0.134722
0 0.230859 0.223611 0.055469 0.150000
0 0.562500 0.468750 0.065625 0.143056
0 0.833203 0.835417 0.074219 0.081944
0 0.158984 0.375000 0.061719 0.119444
0 0.573047 0.297917 0.046094 0.187500
0 0.762891 0.677083 0.067969 0.118056
0 0.660156 0.346528 0.093750 0.098611
0 0.832422 0.263889 0.071094 0.141667
0 0.511328 0.411111 0.049219 0.158333
0 0.892969 0.193056 0.045312 0.113889
0 0.179297 0.283333 0.064844 0.094444
0 0.912109 0.268056 0.046094 0.144444
0 0.762109 0.840972 0.050781 0.084722
0 0.762891 0.557639 0.075781 0.143056
0 0.563672 0.729167 0.058594 0.163889
0 0.688281 0.709722 0.068750 0.116667
0 0.828516 0.709028 0.057031 0.131944
0 0.208984 0.501389 0.042969 0.141667
0 0.541406 0.622917 0.073438 0.073611
0 0.847656 0.359722 0.045312 0.105556
0 0.594531 0.067361 0.081250 0.084722
