0 0.24487 0.510445 0.0907155 0.101516
0 0.252514 0.286752 0.0657411 0.103095
0 0.315752 0.160552 0.0901452 0.116535
0 0.403217 0.486035 0.0846409 0.0970026
0 0.291491 0.666617 0.0721556 0.100821
0 0.408322 0.594092 0.0520508 0.141653
0 0.585364 0.650801 0.0920048 0.0913947
0 0.356453 0.586142 0.0658739 0.0858359
0 0.569615 0.484699 0.0762344 0.129812
0 0.219108 0.112324 0.0635932 0.110088
0 0.214873 0.217803 0.0499234 0.135449
0 0.614431 0.342284 0.0854719 0.098067
0 0.141675 0.352674 0.0571613 0.130068
0 0.332634 0.363855 0.0562921 0.156376
0 0.740394 0.27467 0.0729083 0.0934456
0 0.182859 0.698793 0.0741181 0.0919335
0 0.14628 0.174265 0.0650724 0.110242
0 0.162319 0.609301 0.0658401 0.0960828
0 0.653181 0.408983 0.0585317 0.141672
0 0.217127 0.0323358 0.0805427 0.0646715
0 0.140027 0.711186 0.0421087 0.0948476
0 0.829431 0.466356 0.0486996 0.103754
0 0.319227 0.0446242 0.0692147 0.0892484
