0 0.347322 0.181325 0.0756723 0.112517
0 0.266578 0.717151 0.0714725 0.0892846
0 0.575606 0.759467 0.0691904 0.0908274
0 0.14041 0.335951 0.057493 0.0921346
0 0.527519 0.256183 0.0910747 0.105584
0 0.593389 0.350178 0.0898474 0.0939206
0 0.512914 0.718408 0.0629004 0.137566
0 0.25894 0.311205 0.0696357 0.1088
0 0.474458 0.191805 0.0680993 0.105199
0 0.432579 0.101815 0.0981058 0.0942455
0 0.857968 0.775651 0.0549566 0.0957523
0 0.205964 0.592861 0.0863289 0.109857
0 0.243828 0.186369 0.0790114 0.0875274
0 0.592934 0.199821 0.0628674 0.119283
0 0.877535 0.625906 0.0647865 0.109768
0 0.814601 0.44544 0.0569515 0.0906491
0 0.874501 0.465454 0.0697426 0.0804384
0 0.367858 0.41873 0.0627164 0.0970523
0 0.450181 0.559879 0.0759453 0.119447
0 0.320392 0.675742 0.0677731 0.116989
0 0.174518 0.1611 0.0807458 0.104114
0 0.135071 0.245198 0.0448798 0.0958032
0 0.524134 0.519925 0.0704218 0.0999615
0 0.519602 0.594063 0.071773 0.078266
0 0.158792 0.697179 0.0706483 0.0880792
