0 0.764844 0.072917 0.043750 0.073611
0 0.789844 0.114583 0.029687 0.079167
0 0.811328 0.088889 0.027344 0.069444
0 0.848828 0.146528 0.041406 0.084722
0 0.864453 0.102083 0.032031 0.073611
0 0.814063 0.151389 0.026562 0.072222
0 0.822266 0.215278 0.050781 0.055556
0 0.872266 0.279167 0.049219 0.075000
0 0.790234 0.465972 0.049219 0.098611
0 0.892969 0.624306 0.025000 0.095833
0 0.883594 0.705556 0.035937 0.061111
0 0.886328 0.754861 0.035156 0.059722
0 0.882422 0.830556 0.030469 0.075000
0 0.812109 0.918750 0.041406 0.073611
0 0.658203 0.704167 0.038281 0.113889
0 0.639453 0.653472 0.050781 0.059722
0 0.735547 0.634028 0.061719 0.068056
0 0.568750 0.311806 0.051562 0.073611
0 0.513281 0.473611 0.060937 0.077778
0 0.559375 0.597917 0.031250 0.090278
0 0.521875 0.650000 0.073438 0.077778
0 0.396875 0.686806 0.056250 0.079167
0 0.271875 0.474306 0.045312 0.084722
0 0.244141 0.523611 0.042969 0.075000
0 0.143359 0.721528 0.052344 0.076389
0 0.137109 0.792361 0.041406 0.056944
0 0.128125 0.826389 0.040625 0.058333
0 0.173828 0.901389 0.052344 0.066667
