0 0.520612 0.183097 0.0745033 0.0886396
0 0.240722 0.133395 0.0609971 0.117735
0 0.427466 0.718474 0.0733354 0.0836497
0 0.36297 0.400816 0.0665907 0.118397
0 0.135003 0.258487 0.0473077 0.119465
0 0.546374 0.738016 0.052262 0.116673
0 0.36142 0.291091 0.0637021 0.144686
0 0.414463 0.571414 0.0668638 0.0815598
0 0.567418 0.344732 0.0888289 0.101935
0 0.502289 0.734081 0.0463011 0.112991
0 0.857469 0.775082 0.054122 0.0938838
0 0.350263 0.614922 0.0553059 0.161917
0 0.469138 0.551605 0.0603612 0.158046
0 0.29624 0.425224 0.0766274 0.0900848
0 0.598452 0.718448 0.0549202 0.116043
0 0.680884 0.73653 0.052503 0.140032
0 0.526678 0.547271 0.0611225 0.117973
0 0.204849 0.543398 0.0560066 0.136133
0 0.532363 0.273301 0.0468597 0.104679
0 0.227719 0.247255 0.0815526 0.104132
0 0.199014 0.139833 0.0449327 0.112001
0 0.810509 0.447203 0.0538025 0.110638
0 0.181266 0.635636 0.0562903 0.136384
0 0.15739 0.705768 0.0651131 0.0881254
0 0.576369 0.158252 0.0767782 0.118264
0 0.13136 0.184897 0.0508561 0.0553914
