0 0.153516 0.431944 0.066406 0.113889
0 0.697656 0.130556 0.059375 0.175000
0 0.301953 0.400694 0.064844 0.193056
0 0.154688 0.202778 0.087500 0.097222
0 0.133203 0.360417 0.038281 0.104167
0 0.201953 0.320139 0.064844 0.168056
0 0.228516 0.430556 0.063281 0.122222
0 0.507031 0.076389 0.078125 0.150000
0 0.842578 0.404861 0.058594 0.145833
0 0.770312 0.417361 0.064062 0.140278
0 0.595313 0.161806 0.107813 0.106944
0 0.606250 0.759722 0.067187 0.119444
0 0.872656 0.629167 0.067187 0.127778
0 0.607031 0.053472 0.100000 0.090278
0 0.362109 0.199306 0.107031 0.104167
0 0.267188 0.131944 0.068750 0.144444
0 0.155078 0.301389 0.042969 0.100000
0 0.882422 0.353472 0.053906 0.137500
