0 0.245312 0.445833 0.067187 0.083333
0 0.186328 0.249306 0.075781 0.104167
0 0.232031 0.309722 0.045312 0.127778
0 0.153125 0.369444 0.062500 0.097222
0 0.226172 0.136111 0.085156 0.094444
0 0.328906 0.245139 0.062500 0.151389
0 0.382812 0.263194 0.050000 0.179167
0 0.455859 0.266667 0.088281 0.102778
0 0.802344 0.612500 0.059375 0.075000
0 0.541797 0.318750 0.071094 0.162500
0 0.320312 0.563889 0.045312 0.172222
0 0.355859 0.570833 0.050781 0.111111
0 0.535156 0.704167 0.057813 0.127778
0 0.510547 0.611111 0.047656 0.113889
0 0.835938 0.638889 0.056250 0.097222
0 0.358203 0.447917 0.092969 0.104167
0 0.609375 0.111806 0.073438 0.154167
0 0.819922 0.256944 0.072656 0.097222
0 0.859766 0.341667 0.049219 0.161111
0 0.873437 0.186806 0.051562 0.098611
0 0.388281 0.362500 0.070312 0.144444
0 0.553516 0.070833 0.057031 0.133333
