0 0.125781 0.695139 0.039062 0.062500
0 0.451562 0.354167 0.059375 0.091667
0 0.269141 0.478472 0.052344 0.087500
0 0.237500 0.522222 0.045312 0.075000
0 0.126562 0.564583 0.054688 0.079167
0 0.132422 0.749306 0.052344 0.076389
0 0.620313 0.707639 0.043750 0.131944
0 0.383594 0.581250 0.073438 0.079167
0 0.888672 0.684028 0.052344 0.065278
0 0.888672 0.129167 0.028906 0.069444
0 0.507031 0.648611 0.070312 0.083333
0 0.836719 0.092361 0.032813 0.106944
0 0.360938 0.662500 0.057813 0.086111
0 0.889844 0.742361 0.045312 0.059722
0 0.876563 0.309722 0.037500 0.080556
0 0.882031 0.386806 0.039062 0.098611
0 0.860938 0.252778 0.045312 0.100000
0 0.923438 0.765972 0.043750 0.065278
0 0.890234 0.265278 0.033594 0.094444
0 0.806250 0.123611 0.037500 0.088889
0 0.740625 0.327778 0.059375 0.086111
0 0.748437 0.636111 0.056250 0.058333
0 0.866016 0.072222 0.038281 0.063889
0 0.749609 0.120139 0.061719 0.076389
0 0.119922 0.646528 0.046094 0.056944
0 0.510547 0.305556 0.063281 0.080556
0 0.867969 0.127083 0.042188 0.073611
0 0.811328 0.065278 0.030469 0.069444
