0 0.175781 0.427083 0.046875 0.104167
0 0.121875 0.484028 0.037500 0.098611
0 0.266016 0.475000 0.052344 0.077778
0 0.238281 0.522917 0.042188 0.076389
0 0.170313 0.761806 0.054688 0.068056
0 0.141016 0.806944 0.033594 0.061111
0 0.126953 0.768750 0.032031 0.095833
0 0.134375 0.722222 0.050000 0.072222
0 0.173828 0.907639 0.055469 0.068056
0 0.771484 0.686806 0.038281 0.109722
0 0.561328 0.707639 0.039844 0.106944
0 0.517578 0.649306 0.075781 0.079167
0 0.483203 0.602778 0.052344 0.108333
0 0.537891 0.595139 0.041406 0.109722
0 0.640234 0.651389 0.058594 0.055556
0 0.592578 0.598611 0.063281 0.108333
0 0.674219 0.584722 0.043750 0.113889
0 0.728516 0.645139 0.071094 0.070833
0 0.867969 0.250000 0.068750 0.061111
0 0.922656 0.770139 0.042188 0.056944
0 0.871094 0.305556 0.051562 0.061111
0 0.698438 0.315278 0.043750 0.105556
0 0.782422 0.051389 0.058594 0.050000
0 0.807031 0.108333 0.032813 0.058333
0 0.830859 0.090972 0.032031 0.048611
0 0.399219 0.579861 0.039062 0.106944
0 0.780859 0.110417 0.053906 0.084722
0 0.805469 0.050694 0.026562 0.034722
