0 0.40184 0.731738 0.0560071 0.123767
0 0.565673 0.251007 0.102161 0.119782
0 0.489778 0.278728 0.0496664 0.149105
0 0.265782 0.202275 0.0717305 0.0925495
0 0.169311 0.226263 0.0516762 0.085114
0 0.140608 0.47411 0.072692 0.103412
0 0.340606 0.665164 0.0575334 0.158114
0 0.169335 0.602747 0.0511765 0.140585
0 0.858888 0.771846 0.056093 0.0897475
0 0.230148 0.680438 0.0660533 0.107134
0 0.365488 0.412192 0.0565989 0.109805
0 0.398522 0.559838 0.0945536 0.10497
0 0.193537 0.327213 0.0603996 0.149343
0 0.135175 0.22986 0.0387761 0.0983356
0 0.613871 0.411503 0.0733289 0.10585
0 0.149846 0.690076 0.0592999 0.110567
0 0.861012 0.424604 0.0517279 0.106312
0 0.651263 0.287063 0.0517117 0.163363
0 0.505602 0.5454 0.0569979 0.116836
0 0.222534 0.178039 0.0518431 0.123532
0 0.421282 0.212519 0.0602608 0.118049
0 0.852536 0.607764 0.0543812 0.105253
0 0.605796 0.669051 0.0706614 0.0689991
0 0.213144 0.592758 0.0478572 0.14039
0 0.209701 0.46659 0.0607488 0.103646
0 0.197216 0.126924 0.0499769 0.134327
