0 0.277344 0.262500 0.053125 0.133333
0 0.458984 0.813889 0.069531 0.072222
0 0.135156 0.252083 0.045312 0.090278
0 0.339062 0.422917 0.103125 0.140278
0 0.290625 0.099306 0.073438 0.101389
0 0.668359 0.418750 0.055469 0.131944
0 0.596484 0.274306 0.050781 0.137500
0 0.205859 0.510417 0.055469 0.134722
0 0.350000 0.622917 0.051562 0.143056
0 0.418750 0.711806 0.093750 0.090278
0 0.219141 0.692361 0.061719 0.106944
0 0.292578 0.631250 0.055469 0.151389
0 0.638672 0.667361 0.067969 0.079167
0 0.425000 0.564583 0.103125 0.109722
0 0.205859 0.322917 0.088281 0.093056
0 0.169531 0.231250 0.070312 0.079167
0 0.280078 0.397222 0.044531 0.119444
0 0.138281 0.353472 0.048438 0.134722
0 0.523828 0.266667 0.061719 0.172222
0 0.746484 0.668750 0.074219 0.079167
0 0.290234 0.202083 0.075781 0.073611
0 0.805078 0.422222 0.066406 0.080556
0 0.816406 0.596528 0.064062 0.076389
0 0.520312 0.550694 0.065625 0.151389
0 0.829297 0.781250 0.052344 0.095833
0 0.876563 0.757639 0.056250 0.104167
