0 0.115234 0.574306 0.028906 0.076389
0 0.130469 0.785417 0.039062 0.059722
0 0.317969 0.825000 0.050000 0.088889
0 0.891016 0.582639 0.039844 0.098611
0 0.380859 0.921528 0.055469 0.090278
0 0.647656 0.328472 0.067187 0.093056
0 0.645312 0.643056 0.075000 0.075000
0 0.442188 0.921528 0.062500 0.087500
0 0.594531 0.722222 0.053125 0.102778
0 0.793750 0.345833 0.054688 0.127778
0 0.637500 0.399306 0.053125 0.084722
0 0.261719 0.820139 0.028125 0.090278
0 0.735156 0.409722 0.043750 0.138889
0 0.586719 0.652083 0.067187 0.059722
0 0.873437 0.298611 0.045312 0.091667
0 0.856250 0.149306 0.051562 0.065278
0 0.841406 0.334722 0.031250 0.077778
0 0.517578 0.647222 0.083594 0.083333
0 0.826172 0.293056 0.036719 0.086111
0 0.533984 0.387500 0.075781 0.077778
0 0.507031 0.086806 0.064062 0.081944
0 0.557813 0.073611 0.046875 0.111111
0 0.597656 0.061806 0.043750 0.106944
0 0.757422 0.333333 0.042969 0.138889
0 0.663281 0.433333 0.037500 0.125000
0 0.852734 0.094444 0.032031 0.072222
0 0.148828 0.677083 0.053906 0.098611
0 0.590625 0.437500 0.042188 0.147222
