0 0.270703 0.690972 0.088281 0.087500
0 0.606641 0.097222 0.077344 0.100000
0 0.129688 0.713194 0.039062 0.090278
0 0.248828 0.478472 0.080469 0.084722
0 0.663281 0.154167 0.040625 0.100000
0 0.132812 0.312500 0.067187 0.083333
0 0.139844 0.810417 0.042188 0.109722
0 0.383203 0.203472 0.063281 0.087500
0 0.250391 0.359722 0.058594 0.102778
0 0.533984 0.455556 0.055469 0.111111
0 0.548828 0.723611 0.058594 0.075000
0 0.128125 0.602778 0.039062 0.138889
0 0.190625 0.929167 0.062500 0.080556
0 0.142187 0.474306 0.048438 0.120833
0 0.660156 0.380556 0.065625 0.069444
0 0.813672 0.126389 0.039844 0.102778
0 0.711719 0.618750 0.062500 0.073611
0 0.650781 0.311806 0.050000 0.140278
0 0.179297 0.615278 0.053906 0.125000
0 0.275781 0.613194 0.064062 0.084722
0 0.389453 0.856250 0.074219 0.090278
0 0.871484 0.366667 0.038281 0.119444
0 0.360156 0.714583 0.076563 0.087500
0 0.250000 0.552083 0.065625 0.070833
0 0.127734 0.258333 0.044531 0.080556
0 0.335156 0.452083 0.067187 0.093056
