0 0.470703 0.330556 0.050781 0.102778
0 0.128906 0.718750 0.035937 0.087500
0 0.658984 0.134722 0.036719 0.105556
0 0.130078 0.312500 0.057031 0.080556
0 0.444922 0.380556 0.086719 0.083333
0 0.217578 0.225000 0.055469 0.102778
0 0.529687 0.442361 0.048438 0.120833
0 0.547656 0.722917 0.062500 0.073611
0 0.168359 0.504167 0.060156 0.105556
0 0.125391 0.518750 0.044531 0.137500
0 0.142969 0.427778 0.067187 0.111111
0 0.852344 0.255556 0.043750 0.100000
0 0.622266 0.147222 0.044531 0.116667
0 0.596484 0.681944 0.041406 0.108333
0 0.592969 0.446528 0.050000 0.140278
0 0.175391 0.309722 0.050781 0.122222
0 0.319531 0.658333 0.051562 0.122222
0 0.398047 0.819444 0.061719 0.127778
0 0.871094 0.365278 0.039062 0.119444
0 0.309766 0.209028 0.049219 0.129167
0 0.144922 0.193056 0.053906 0.105556
0 0.287891 0.549306 0.077344 0.118056
0 0.331641 0.775694 0.057031 0.081944
0 0.553516 0.088889 0.078906 0.088889
0 0.252734 0.120139 0.064844 0.087500
0 0.424609 0.648611 0.049219 0.125000
