0 0.224963 0.106506 0.0878523 0.0848013
0 0.472427 0.190579 0.0735677 0.110464
0 0.215955 0.329441 0.0516665 0.132015
0 0.367186 0.101657 0.0780531 0.0917975
0 0.858053 0.773179 0.0559879 0.0902445
0 0.597104 0.36181 0.0890957 0.0996106
0 0.391806 0.223863 0.0593106 0.157036
0 0.416754 0.570795 0.0731191 0.083195
0 0.856242 0.446925 0.0576435 0.0985127
0 0.302867 0.104536 0.0506378 0.12077
0 0.624252 0.715083 0.0622774 0.114369
0 0.15366 0.720991 0.0695217 0.100859
0 0.693731 0.739881 0.0483548 0.151098
0 0.301178 0.418793 0.0725059 0.110925
0 0.270769 0.186404 0.0842998 0.112935
0 0.204488 0.733073 0.052288 0.12606
0 0.183525 0.202207 0.0636469 0.140524
0 0.498065 0.44828 0.047307 0.110318
0 0.220868 0.671268 0.0745955 0.107676
0 0.134583 0.257118 0.0467286 0.118211
0 0.493952 0.721016 0.061312 0.142589
0 0.48939 0.578133 0.0614647 0.15739
0 0.548933 0.803457 0.0563618 0.114375
0 0.513041 0.771807 0.0458417 0.0947925
0 0.130827 0.185412 0.0485555 0.0689397
0 0.533444 0.576098 0.068622 0.0996961
