0 0.134567 0.197889 0.0433266 0.131745
0 0.252349 0.281662 0.0711379 0.0912915
0 0.571233 0.486537 0.076033 0.132073
0 0.312481 0.163619 0.0905263 0.111547
0 0.343352 0.604141 0.0754985 0.0840084
0 0.4043 0.487078 0.0845385 0.0950424
0 0.335188 0.362109 0.0560901 0.161335
0 0.207111 0.117224 0.0685771 0.102244
0 0.252176 0.509493 0.0874613 0.102107
0 0.596554 0.649858 0.0762113 0.131924
0 0.572777 0.334679 0.0720356 0.122793
0 0.345764 0.703155 0.0621268 0.102111
0 0.220117 0.206654 0.0528738 0.0988355
0 0.730734 0.2638 0.0738829 0.0922261
0 0.150275 0.376222 0.04875 0.121278
0 0.185664 0.705171 0.0769309 0.0935966
0 0.410207 0.594442 0.0519768 0.144321
0 0.140449 0.718214 0.0399619 0.110174
0 0.650901 0.413611 0.05938 0.1421
0 0.171162 0.608585 0.0555176 0.106096
0 0.819702 0.493966 0.0655661 0.0790686
0 0.199693 0.0361231 0.0784299 0.0722462
0 0.325621 0.0429732 0.0740176 0.0859463
0 0.140881 0.117804 0.0568062 0.0541885
