0 0.229297 0.456250 0.069531 0.090278
0 0.188281 0.257639 0.056250 0.148611
0 0.223438 0.313889 0.057813 0.102778
0 0.151562 0.370139 0.065625 0.098611
0 0.219922 0.141667 0.077344 0.102778
0 0.356641 0.072222 0.089844 0.119444
0 0.418359 0.116667 0.061719 0.161111
0 0.340625 0.173611 0.084375 0.111111
0 0.802734 0.636806 0.038281 0.118056
0 0.519141 0.377083 0.064844 0.170833
0 0.322656 0.539583 0.054688 0.151389
0 0.357031 0.556944 0.060937 0.083333
0 0.538672 0.700694 0.053906 0.148611
0 0.496875 0.720833 0.059375 0.080556
0 0.666016 0.379167 0.097656 0.083333
0 0.389844 0.342361 0.064062 0.151389
0 0.676172 0.471528 0.083594 0.112500
0 0.681641 0.308333 0.096094 0.100000
0 0.876172 0.558333 0.052344 0.136111
0 0.871094 0.180556 0.046875 0.105556
0 0.462891 0.258333 0.053906 0.183333
0 0.557813 0.069444 0.057813 0.122222
