0 0.277344 0.097917 0.057813 0.073611
0 0.200391 0.447222 0.063281 0.100000
0 0.178125 0.269444 0.048438 0.136111
0 0.111719 0.405556 0.039062 0.116667
0 0.144141 0.536806 0.039844 0.068056
0 0.114453 0.538889 0.039844 0.119444
0 0.141016 0.906944 0.046094 0.069444
0 0.526953 0.513194 0.061719 0.079167
0 0.274609 0.937500 0.060156 0.072222
0 0.522656 0.764583 0.075000 0.084722
0 0.498047 0.106944 0.058594 0.108333
0 0.332422 0.207639 0.061719 0.131944
0 0.158594 0.825694 0.043750 0.084722
0 0.875391 0.563889 0.061719 0.072222
0 0.866406 0.620833 0.050000 0.061111
0 0.648828 0.313889 0.072656 0.083333
0 0.842187 0.418750 0.057813 0.065278
0 0.567578 0.422917 0.069531 0.098611
0 0.604688 0.613194 0.054688 0.118056
0 0.692187 0.402083 0.042188 0.118056
0 0.605859 0.103472 0.052344 0.134722
0 0.841797 0.354167 0.058594 0.080556
0 0.325000 0.561111 0.067187 0.086111
0 0.404687 0.733333 0.051562 0.116667
0 0.716406 0.084722 0.053125 0.061111
0 0.113281 0.232639 0.034375 0.093056
0 0.175781 0.368056 0.060937 0.080556
