0 0.205859 0.431944 0.082031 0.108333
0 0.223047 0.197917 0.041406 0.112500
0 0.392188 0.586111 0.087500 0.125000
0 0.303125 0.406944 0.068750 0.172222
0 0.138672 0.367361 0.042969 0.118056
0 0.136328 0.495139 0.061719 0.118056
0 0.171094 0.122222 0.064062 0.155556
0 0.316016 0.297222 0.085156 0.097222
0 0.434375 0.293750 0.093750 0.112500
0 0.238672 0.081944 0.064844 0.152778
0 0.139453 0.223611 0.052344 0.138889
0 0.324609 0.095139 0.099219 0.162500
0 0.789844 0.376389 0.078125 0.111111
0 0.772266 0.470833 0.060156 0.155556
0 0.910156 0.793750 0.045312 0.068056
0 0.872266 0.675694 0.055469 0.095833
0 0.651953 0.081250 0.089844 0.112500
0 0.603906 0.748611 0.075000 0.094444
0 0.813281 0.680556 0.084375 0.097222
