0 0.229425 0.104428 0.0804312 0.0814715
0 0.139497 0.336454 0.0584073 0.0934662
0 0.856997 0.776674 0.0546385 0.0964486
0 0.268555 0.712853 0.076946 0.083965
0 0.379225 0.234638 0.0725357 0.13263
0 0.877329 0.624496 0.0684929 0.108524
0 0.136576 0.244815 0.0475947 0.0923571
0 0.475254 0.194479 0.067712 0.106508
0 0.522056 0.52338 0.0739944 0.107647
0 0.359465 0.415608 0.0640608 0.112638
0 0.517017 0.71482 0.0619619 0.134053
0 0.308903 0.0893245 0.0585488 0.0935511
0 0.628625 0.729214 0.0805347 0.0858604
0 0.557685 0.707909 0.0544535 0.116701
0 0.430719 0.145876 0.0835874 0.0971283
0 0.235364 0.183476 0.0797788 0.101755
0 0.68877 0.430728 0.0485899 0.133549
0 0.156998 0.718845 0.0772624 0.111707
0 0.247751 0.777266 0.0594335 0.126645
0 0.325123 0.197086 0.087842 0.143385
0 0.694332 0.297919 0.0595012 0.167763
0 0.401204 0.556513 0.115135 0.140905
0 0.87548 0.457286 0.0662806 0.0917726
0 0.593192 0.591016 0.0521717 0.0930044
0 0.414695 0.565313 0.0884104 0.125317
0 0.37397 0.544464 0.0609565 0.118352
0 0.135854 0.184756 0.0474301 0.0614745
