0 0.115234 0.574306 0.028906 0.076389
0 0.133594 0.822222 0.037500 0.116667
0 0.317969 0.825000 0.050000 0.088889
0 0.891016 0.584028 0.039844 0.101389
0 0.380859 0.921528 0.055469 0.090278
0 0.651953 0.292361 0.052344 0.098611
0 0.646094 0.640972 0.076563 0.079167
0 0.442188 0.921528 0.062500 0.087500
0 0.594922 0.723611 0.052344 0.100000
0 0.799609 0.346528 0.046094 0.123611
0 0.642188 0.389583 0.067187 0.101389
0 0.215625 0.899306 0.039062 0.079167
0 0.719531 0.118056 0.045312 0.122222
0 0.586719 0.652083 0.067187 0.059722
0 0.873437 0.298611 0.045312 0.091667
0 0.856250 0.149306 0.051562 0.065278
0 0.841406 0.334722 0.031250 0.077778
0 0.517578 0.647222 0.083594 0.083333
0 0.826172 0.293056 0.036719 0.086111
0 0.533984 0.387500 0.075781 0.077778
0 0.508594 0.089583 0.046875 0.104167
0 0.559375 0.072222 0.046875 0.100000
0 0.597656 0.061806 0.043750 0.106944
0 0.757422 0.333333 0.042969 0.138889
0 0.666797 0.443056 0.044531 0.105556
0 0.852734 0.094444 0.032031 0.072222
0 0.148828 0.677083 0.053906 0.098611
0 0.590625 0.437500 0.042188 0.147222
