0 0.295429 0.127613 0.0835896 0.105085
0 0.279647 0.472016 0.0676702 0.100427
0 0.586876 0.327115 0.0693342 0.102335
0 0.676346 0.525198 0.0621468 0.150512
0 0.159231 0.179535 0.0639314 0.104712
0 0.130519 0.412028 0.0431216 0.1423
0 0.734217 0.527968 0.0558393 0.136715
0 0.360166 0.137972 0.0545787 0.164049
0 0.328839 0.513315 0.0529206 0.152174
0 0.318053 0.320621 0.0893708 0.102678
0 0.36239 0.572963 0.0688793 0.109676
0 0.733936 0.234564 0.0530605 0.122427
0 0.444045 0.497349 0.0629946 0.124981
0 0.172214 0.727639 0.0552452 0.0840235
0 0.651572 0.347057 0.0849937 0.120211
0 0.458956 0.386566 0.0965406 0.105249
0 0.891345 0.80399 0.0393255 0.0822564
0 0.225703 0.0475365 0.0565721 0.095073
0 0.137418 0.64381 0.0461627 0.124749
0 0.17664 0.626054 0.0543364 0.134448
0 0.167401 0.425017 0.0605128 0.101868
0 0.203747 0.0399388 0.0388875 0.0798777
0 0.321709 0.0441002 0.0628568 0.0882005
