0 0.150000 0.582639 0.068750 0.095833
0 0.319922 0.344444 0.069531 0.155556
0 0.691016 0.173611 0.060156 0.155556
0 0.611328 0.625000 0.067969 0.130556
0 0.473438 0.268056 0.087500 0.122222
0 0.707422 0.072917 0.100781 0.106944
0 0.808984 0.672917 0.074219 0.115278
0 0.835938 0.594444 0.056250 0.138889
0 0.760547 0.445139 0.067969 0.176389
0 0.180078 0.288889 0.083594 0.116667
0 0.145313 0.149306 0.054688 0.159722
0 0.245312 0.512500 0.056250 0.111111
0 0.323047 0.515972 0.080469 0.159722
0 0.907031 0.790972 0.040625 0.101389
0 0.435547 0.535417 0.047656 0.123611
0 0.890625 0.370139 0.054688 0.156944
0 0.178906 0.065972 0.076563 0.129167
