0 0.816797 0.132639 0.077344 0.087500
0 0.230469 0.280556 0.064062 0.141667
0 0.173828 0.283333 0.052344 0.166667
0 0.138281 0.526389 0.073438 0.108333
0 0.612891 0.519444 0.061719 0.138889
0 0.569141 0.808333 0.107031 0.094444
0 0.829688 0.780556 0.045312 0.091667
0 0.878516 0.663889 0.075781 0.075000
0 0.744922 0.810417 0.050781 0.109722
0 0.792188 0.779861 0.039062 0.120833
0 0.883984 0.282639 0.053906 0.123611
0 0.683984 0.288889 0.089844 0.091667
0 0.246094 0.607639 0.079687 0.106944
0 0.637500 0.661806 0.084375 0.093056
0 0.853125 0.735417 0.064062 0.109722
0 0.392188 0.078472 0.075000 0.126389
0 0.855078 0.215278 0.072656 0.100000
0 0.884375 0.575694 0.057813 0.104167
0 0.143359 0.192361 0.052344 0.134722
