0 0.512891 0.054167 0.071094 0.088889
0 0.577344 0.069444 0.051562 0.136111
0 0.616797 0.060417 0.047656 0.090278
0 0.675000 0.180556 0.045312 0.108333
0 0.565234 0.388889 0.063281 0.080556
0 0.468750 0.936806 0.067187 0.076389
0 0.558203 0.585417 0.080469 0.081944
0 0.655469 0.653472 0.075000 0.093056
0 0.818359 0.867361 0.030469 0.073611
0 0.817578 0.261111 0.044531 0.127778
0 0.839453 0.311111 0.036719 0.113889
0 0.832812 0.088889 0.054688 0.069444
0 0.876953 0.220833 0.044531 0.088889
0 0.862891 0.103472 0.047656 0.054167
0 0.514453 0.554167 0.044531 0.138889
0 0.416797 0.568750 0.042969 0.123611
0 0.664844 0.774306 0.056250 0.095833
0 0.802344 0.917361 0.037500 0.070833
0 0.828516 0.913194 0.033594 0.070833
0 0.842969 0.836111 0.035937 0.080556
0 0.443359 0.281944 0.041406 0.130556
0 0.174219 0.583333 0.045312 0.077778
0 0.122266 0.631944 0.039844 0.091667
0 0.160938 0.714583 0.040625 0.112500
0 0.637500 0.343056 0.039062 0.088889
0 0.874609 0.154861 0.057031 0.048611
0 0.892188 0.117361 0.034375 0.065278
