0 0.220269 0.0488654 0.0534784 0.0977308
0 0.561808 0.517061 0.0573339 0.154073
0 0.286532 0.0930603 0.0747224 0.110547
0 0.254929 0.266269 0.0588895 0.138898
0 0.239473 0.725512 0.0664433 0.0806652
0 0.28262 0.471225 0.063369 0.119914
0 0.614588 0.2116 0.0585772 0.149402
0 0.37526 0.0662785 0.0615497 0.132557
0 0.364219 0.54291 0.0604958 0.120634
0 0.44453 0.492107 0.0636073 0.130333
0 0.147508 0.649181 0.0621221 0.125493
0 0.325659 0.578874 0.0530602 0.168016
0 0.669863 0.342842 0.0972264 0.105662
0 0.66411 0.529391 0.0689693 0.147224
0 0.174908 0.546245 0.0661793 0.0941706
0 0.742454 0.523883 0.0629019 0.115616
0 0.155421 0.151108 0.061926 0.0935076
0 0.622146 0.493296 0.0582508 0.137567
0 0.586191 0.79038 0.0869318 0.084584
0 0.556743 0.338891 0.0490781 0.119224
0 0.156772 0.272175 0.067511 0.133028
0 0.177396 0.352126 0.0388699 0.118516
0 0.308579 0.0308686 0.0530844 0.0617371
0 0.321714 0.0478657 0.0561949 0.0957314
