0 0.449609 0.664583 0.086719 0.084722
0 0.176563 0.222222 0.050000 0.133333
0 0.150000 0.568750 0.053125 0.073611
0 0.145313 0.911111 0.039062 0.069444
0 0.553125 0.487500 0.048438 0.094444
0 0.273438 0.936806 0.062500 0.073611
0 0.546875 0.731250 0.067187 0.073611
0 0.521094 0.104167 0.054688 0.100000
0 0.308594 0.184028 0.076563 0.106944
0 0.158594 0.825694 0.043750 0.084722
0 0.869922 0.566667 0.057031 0.075000
0 0.618359 0.418056 0.047656 0.133333
0 0.607812 0.606250 0.053125 0.109722
0 0.536719 0.660417 0.085938 0.087500
0 0.611328 0.110417 0.060156 0.137500
0 0.810547 0.343056 0.060156 0.080556
0 0.154297 0.117361 0.046094 0.079167
0 0.413281 0.736806 0.048438 0.131944
0 0.289062 0.093056 0.060937 0.069444
0 0.186719 0.347222 0.051562 0.105556
0 0.566406 0.181944 0.039062 0.108333
0 0.395703 0.603472 0.039844 0.120833
0 0.137891 0.434028 0.042969 0.093056
0 0.451953 0.418750 0.057031 0.093056
0 0.857422 0.409722 0.041406 0.097222
0 0.859766 0.509722 0.042969 0.119444
0 0.717187 0.491667 0.073438 0.086111
