0 0.177344 0.676389 0.050000 0.130556
0 0.234766 0.749306 0.047656 0.106944
0 0.302734 0.705556 0.085156 0.105556
0 0.316016 0.839583 0.052344 0.115278
0 0.295312 0.593750 0.056250 0.140278
0 0.165234 0.263889 0.075781 0.088889
0 0.146484 0.209028 0.050781 0.098611
0 0.120313 0.455556 0.053125 0.102778
0 0.192969 0.313194 0.065625 0.106944
0 0.166406 0.447917 0.050000 0.081944
0 0.225000 0.649306 0.040625 0.095833
0 0.470703 0.093750 0.053906 0.131944
0 0.544922 0.728472 0.083594 0.098611
0 0.404297 0.802083 0.064844 0.112500
0 0.680859 0.740972 0.060156 0.073611
0 0.609766 0.368750 0.080469 0.090278
0 0.499219 0.374306 0.098437 0.076389
0 0.639062 0.091667 0.051562 0.125000
0 0.596875 0.139583 0.051562 0.087500
0 0.870313 0.353472 0.046875 0.104167
0 0.549609 0.084028 0.091406 0.095833
0 0.611719 0.801389 0.042188 0.127778
0 0.787109 0.522917 0.071094 0.098611
0 0.135156 0.616667 0.039062 0.097222
0 0.165625 0.134722 0.046875 0.088889
0 0.130469 0.400000 0.057813 0.102778
