0 0.297266 0.663194 0.058594 0.137500
0 0.232422 0.131944 0.042969 0.119444
0 0.160938 0.785417 0.053125 0.079167
0 0.197266 0.184722 0.055469 0.122222
0 0.723047 0.466667 0.036719 0.100000
0 0.120703 0.499306 0.038281 0.126389
0 0.129297 0.639583 0.041406 0.081944
0 0.207813 0.802083 0.050000 0.118056
0 0.119141 0.299306 0.058594 0.081944
0 0.374219 0.095833 0.046875 0.108333
0 0.154688 0.910417 0.050000 0.070833
0 0.116406 0.886111 0.029687 0.102778
0 0.382812 0.374306 0.075000 0.093056
0 0.220703 0.382639 0.069531 0.084722
0 0.857812 0.742361 0.054688 0.068056
0 0.680859 0.703472 0.055469 0.126389
0 0.674219 0.337500 0.051562 0.091667
0 0.363672 0.657639 0.064844 0.106944
0 0.426563 0.085417 0.075000 0.087500
0 0.859375 0.333333 0.081250 0.091667
0 0.273438 0.735417 0.071875 0.106944
0 0.173437 0.466667 0.064062 0.094444
0 0.423047 0.282639 0.050781 0.159722
0 0.644531 0.242361 0.035937 0.131944
0 0.122656 0.220833 0.042188 0.083333
0 0.387500 0.868056 0.075000 0.091667
