0 0.823047 0.154167 0.074219 0.113889
0 0.214844 0.280556 0.067187 0.111111
0 0.158594 0.238889 0.054688 0.138889
0 0.184766 0.609028 0.041406 0.145833
0 0.615234 0.493750 0.052344 0.176389
0 0.621875 0.791667 0.062500 0.130556
0 0.825391 0.781250 0.042969 0.090278
0 0.490234 0.249306 0.094531 0.104167
0 0.744922 0.800000 0.050781 0.088889
0 0.791016 0.790972 0.041406 0.131944
0 0.882422 0.276389 0.050781 0.136111
0 0.684766 0.293056 0.092969 0.094444
0 0.237109 0.594444 0.082031 0.102778
0 0.634375 0.668056 0.075000 0.105556
0 0.851562 0.738889 0.060937 0.116667
0 0.133984 0.564583 0.036719 0.098611
0 0.396875 0.074306 0.076563 0.123611
0 0.853906 0.215972 0.065625 0.098611
0 0.885156 0.575694 0.059375 0.104167
