0 0.232031 0.455556 0.062500 0.094444
0 0.182812 0.251389 0.062500 0.138889
0 0.235156 0.315278 0.051562 0.138889
0 0.150391 0.368750 0.067969 0.095833
0 0.220312 0.171528 0.084375 0.101389
0 0.330469 0.240972 0.059375 0.148611
0 0.348438 0.086806 0.081250 0.087500
0 0.453125 0.260417 0.096875 0.095833
0 0.804688 0.627083 0.056250 0.079167
0 0.548047 0.292361 0.091406 0.140278
0 0.320312 0.563889 0.046875 0.172222
0 0.353516 0.570139 0.055469 0.104167
0 0.534766 0.703472 0.057031 0.126389
0 0.511328 0.613889 0.049219 0.108333
0 0.880469 0.748611 0.048438 0.091667
0 0.383594 0.422917 0.056250 0.126389
0 0.609375 0.122917 0.075000 0.131944
0 0.823438 0.260417 0.075000 0.106944
0 0.856250 0.522917 0.056250 0.140278
0 0.880469 0.187500 0.060937 0.102778
0 0.391797 0.338889 0.069531 0.163889
0 0.547656 0.066667 0.062500 0.130556
