0 0.303125 0.621528 0.073438 0.081944
0 0.319922 0.184028 0.046094 0.120833
0 0.128125 0.713194 0.042188 0.095833
0 0.344531 0.260417 0.065625 0.112500
0 0.662109 0.152778 0.046094 0.113889
0 0.121094 0.453472 0.043750 0.131944
0 0.168359 0.727778 0.049219 0.086111
0 0.214453 0.838194 0.055469 0.079167
0 0.183594 0.456250 0.050000 0.129167
0 0.389062 0.099306 0.043750 0.118056
0 0.321094 0.559722 0.051562 0.066667
0 0.135156 0.898611 0.054688 0.086111
0 0.577344 0.444444 0.060937 0.102778
0 0.138672 0.526389 0.050781 0.086111
0 0.882031 0.260417 0.057813 0.084722
0 0.667969 0.679167 0.056250 0.130556
0 0.523828 0.367361 0.089844 0.087500
0 0.854297 0.163194 0.060156 0.079167
0 0.284766 0.815972 0.053906 0.090278
0 0.192188 0.615972 0.048438 0.148611
0 0.260547 0.191667 0.082031 0.102778
0 0.753906 0.099306 0.040625 0.084722
0 0.200391 0.357639 0.061719 0.076389
0 0.173437 0.147917 0.046875 0.134722
0 0.128906 0.820139 0.045312 0.068056
0 0.337891 0.098611 0.063281 0.094444
