0 0.116406 0.574306 0.045312 0.065278
0 0.127344 0.315278 0.051562 0.125000
0 0.489063 0.581250 0.059375 0.104167
0 0.654687 0.436111 0.048438 0.130556
0 0.380859 0.924306 0.053906 0.090278
0 0.424219 0.381944 0.071875 0.086111
0 0.648438 0.640278 0.075000 0.080556
0 0.466406 0.937500 0.059375 0.083333
0 0.591016 0.735417 0.041406 0.120833
0 0.814453 0.258333 0.046094 0.122222
0 0.625391 0.386111 0.058594 0.063889
0 0.793750 0.819444 0.035937 0.066667
0 0.736328 0.643750 0.061719 0.070833
0 0.594531 0.650694 0.059375 0.059722
0 0.853906 0.158333 0.043750 0.050000
0 0.853516 0.104861 0.050781 0.065278
0 0.864062 0.770139 0.031250 0.084722
0 0.838281 0.314583 0.037500 0.120833
0 0.518750 0.650000 0.082812 0.083333
0 0.142578 0.581250 0.055469 0.095833
0 0.517188 0.390278 0.071875 0.075000
0 0.497656 0.097222 0.075000 0.075000
0 0.548047 0.066667 0.069531 0.091667
0 0.608594 0.080556 0.051562 0.111111
0 0.673047 0.181250 0.049219 0.101389
0 0.830859 0.447222 0.053906 0.119444
0 0.883203 0.136806 0.027344 0.095833
0 0.136328 0.661806 0.057031 0.101389
