0 0.309375 0.415972 0.075000 0.140278
0 0.244922 0.097222 0.067969 0.166667
0 0.157422 0.249306 0.067969 0.104167
0 0.160547 0.577778 0.057031 0.163889
0 0.496094 0.296528 0.103125 0.106944
0 0.310156 0.303472 0.093750 0.115278
0 0.852734 0.404167 0.047656 0.147222
0 0.770703 0.354167 0.066406 0.119444
0 0.598437 0.743056 0.085938 0.088889
0 0.803516 0.687500 0.072656 0.111111
0 0.676172 0.250000 0.063281 0.183333
0 0.303516 0.191667 0.071094 0.088889
0 0.302344 0.081944 0.085938 0.119444
0 0.876172 0.625694 0.066406 0.084722
0 0.131641 0.441667 0.049219 0.147222
0 0.407031 0.604167 0.067187 0.166667
0 0.407031 0.191667 0.110937 0.105556
0 0.782031 0.765278 0.071875 0.091667
0 0.252344 0.245833 0.079687 0.094444
