0 0.195703 0.440278 0.069531 0.091667
0 0.131641 0.245833 0.055469 0.102778
0 0.177344 0.183333 0.053125 0.116667
0 0.141406 0.767361 0.050000 0.090278
0 0.421094 0.143056 0.043750 0.111111
0 0.369531 0.661806 0.067187 0.112500
0 0.881250 0.356944 0.037500 0.072222
0 0.120313 0.506250 0.043750 0.104167
0 0.129688 0.651389 0.040625 0.091667
0 0.378906 0.799306 0.046875 0.123611
0 0.123828 0.429861 0.050781 0.098611
0 0.396484 0.082639 0.044531 0.109722
0 0.143359 0.913194 0.047656 0.068056
0 0.137109 0.828472 0.057031 0.056944
0 0.420312 0.494444 0.054688 0.083333
0 0.490234 0.659028 0.069531 0.112500
0 0.790625 0.585417 0.042188 0.073611
0 0.622266 0.377083 0.083594 0.084722
0 0.859375 0.435417 0.042188 0.101389
0 0.763672 0.249306 0.039844 0.095833
0 0.513672 0.439583 0.057031 0.112500
0 0.497656 0.084028 0.073438 0.090278
0 0.871875 0.300000 0.062500 0.072222
0 0.275391 0.729167 0.075781 0.088889
0 0.282031 0.189583 0.064062 0.109722
0 0.118750 0.350694 0.037500 0.131944
