0 0.128516 0.457639 0.044531 0.118056
0 0.485547 0.558333 0.041406 0.155556
0 0.348047 0.139583 0.067969 0.098611
0 0.553906 0.663889 0.056250 0.150000
0 0.448047 0.785417 0.060156 0.129167
0 0.693750 0.700000 0.053125 0.100000
0 0.628906 0.079167 0.070312 0.072222
0 0.358203 0.667361 0.067969 0.126389
0 0.610156 0.135417 0.073438 0.073611
0 0.357031 0.448611 0.057813 0.133333
0 0.874219 0.404167 0.046875 0.116667
0 0.167187 0.677778 0.057813 0.072222
0 0.408984 0.073611 0.060156 0.080556
0 0.282422 0.260417 0.050781 0.109722
0 0.128906 0.730556 0.035937 0.108333
0 0.218359 0.695833 0.046094 0.122222
0 0.428125 0.643056 0.057813 0.150000
0 0.145703 0.612500 0.046094 0.108333
0 0.241406 0.605556 0.037500 0.158333
0 0.699609 0.859028 0.069531 0.084722
0 0.275391 0.402778 0.057031 0.150000
0 0.861328 0.481944 0.053906 0.063889
0 0.435156 0.476389 0.073438 0.116667
0 0.634375 0.185417 0.065625 0.093056
0 0.278906 0.630556 0.046875 0.097222
