0 0.124219 0.648611 0.034375 0.094444
0 0.154688 0.648611 0.050000 0.075000
0 0.716016 0.645139 0.049219 0.073611
0 0.418750 0.934028 0.051562 0.079167
0 0.384375 0.917361 0.048438 0.101389
0 0.802344 0.913194 0.039062 0.098611
0 0.655078 0.647917 0.074219 0.079167
0 0.457031 0.934028 0.067187 0.076389
0 0.643750 0.773611 0.056250 0.091667
0 0.815234 0.245139 0.042969 0.104167
0 0.486328 0.655556 0.069531 0.066667
0 0.807813 0.835417 0.039062 0.081944
0 0.848047 0.812500 0.041406 0.061111
0 0.594531 0.653472 0.056250 0.059722
0 0.852734 0.160417 0.058594 0.056944
0 0.853516 0.110417 0.047656 0.065278
0 0.446875 0.370833 0.070312 0.063889
0 0.838672 0.313194 0.038281 0.123611
0 0.618359 0.575694 0.038281 0.126389
0 0.875391 0.213889 0.041406 0.105556
0 0.527344 0.382639 0.075000 0.081944
0 0.506250 0.070139 0.050000 0.109722
0 0.557031 0.062500 0.056250 0.094444
0 0.617188 0.075694 0.065625 0.079167
0 0.675000 0.180556 0.045312 0.108333
0 0.836719 0.913194 0.040625 0.081944
0 0.883203 0.131944 0.030469 0.088889
0 0.876563 0.468056 0.034375 0.088889
