0 0.453351 0.049417 0.0862595 0.098834
0 0.230808 0.0529085 0.0472144 0.105817
0 0.583695 0.329413 0.0633625 0.0925484
0 0.675991 0.527688 0.0773356 0.142881
0 0.138287 0.631293 0.0555767 0.142158
0 0.523549 0.392311 0.095278 0.114955
0 0.648027 0.352841 0.0856649 0.110344
0 0.73505 0.238127 0.06549 0.126954
0 0.743896 0.532708 0.0567557 0.119218
0 0.200611 0.70025 0.061522 0.088367
0 0.365775 0.571917 0.0615104 0.114944
0 0.445352 0.48974 0.0632274 0.131613
0 0.296096 0.127821 0.068513 0.135429
0 0.355702 0.148265 0.0605886 0.163456
0 0.330323 0.512111 0.0551084 0.155009
0 0.162869 0.470755 0.0452622 0.133267
0 0.126677 0.155096 0.0447232 0.119102
0 0.149645 0.220243 0.0449003 0.141469
0 0.281749 0.465074 0.0585899 0.139326
0 0.235324 0.633731 0.0649654 0.121684
