0 0.820312 0.163889 0.068750 0.105556
0 0.212891 0.276389 0.075781 0.113889
0 0.157031 0.238889 0.054688 0.138889
0 0.184766 0.603472 0.039844 0.134722
0 0.591016 0.329861 0.077344 0.137500
0 0.623047 0.794444 0.060156 0.138889
0 0.831641 0.783333 0.044531 0.105556
0 0.483203 0.252778 0.107031 0.113889
0 0.742969 0.795833 0.050000 0.088889
0 0.791016 0.775694 0.036719 0.123611
0 0.882812 0.277778 0.054688 0.138889
0 0.683203 0.288889 0.092969 0.094444
0 0.238672 0.598611 0.072656 0.094444
0 0.635938 0.665278 0.087500 0.122222
0 0.853125 0.745833 0.051562 0.102778
0 0.134375 0.564583 0.035937 0.098611
0 0.483984 0.086111 0.082031 0.127778
0 0.851172 0.216667 0.067969 0.086111
0 0.883984 0.575694 0.057031 0.104167
