0 0.615234 0.659028 0.063281 0.109722
0 0.517188 0.565278 0.081250 0.116667
0 0.230859 0.556944 0.069531 0.091667
0 0.533984 0.759722 0.061719 0.094444
0 0.221484 0.248611 0.052344 0.141667
0 0.403906 0.580556 0.089063 0.100000
0 0.676562 0.356250 0.056250 0.145833
0 0.146875 0.742361 0.045312 0.095833
0 0.672266 0.529861 0.052344 0.140278
0 0.467187 0.451389 0.056250 0.138889
0 0.778906 0.577778 0.067187 0.108333
0 0.139453 0.649306 0.061719 0.101389
0 0.287109 0.386806 0.053906 0.118056
0 0.749219 0.363194 0.078125 0.112500
0 0.241797 0.045833 0.080469 0.088889
0 0.563281 0.516667 0.056250 0.175000
0 0.675781 0.648611 0.073438 0.088889
0 0.130859 0.138194 0.053906 0.131944
0 0.599609 0.597222 0.058594 0.069444
0 0.644531 0.286111 0.095312 0.094444
0 0.448437 0.033333 0.045312 0.063889
0 0.196094 0.048611 0.046875 0.094444
0 0.794531 0.279861 0.039062 0.106944
0 0.358594 0.056250 0.070312 0.109722
