0 0.817578 0.144444 0.077344 0.116667
0 0.222656 0.277778 0.068750 0.116667
0 0.147656 0.277778 0.070312 0.108333
0 0.139063 0.521528 0.073438 0.093056
0 0.848047 0.656944 0.063281 0.077778
0 0.578516 0.806944 0.092969 0.086111
0 0.780078 0.429861 0.063281 0.131944
0 0.793359 0.769444 0.047656 0.125000
0 0.887109 0.284722 0.049219 0.130556
0 0.690234 0.289583 0.083594 0.104167
0 0.132812 0.562500 0.034375 0.094444
0 0.482031 0.634722 0.103125 0.097222
0 0.848437 0.740278 0.051562 0.136111
0 0.392969 0.077083 0.073438 0.129167
0 0.845703 0.234722 0.049219 0.133333
0 0.885156 0.577778 0.059375 0.108333
0 0.141797 0.190278 0.063281 0.122222
0 0.221484 0.601389 0.060156 0.122222
0 0.476953 0.480556 0.086719 0.113889
0 0.750000 0.797917 0.042188 0.118056
