0 0.382812 0.601389 0.059375 0.169444
0 0.229687 0.404861 0.056250 0.129167
0 0.654297 0.410417 0.082031 0.104167
0 0.878906 0.716667 0.065625 0.080556
0 0.156641 0.372222 0.066406 0.113889
0 0.617578 0.599306 0.071094 0.095833
0 0.335938 0.624306 0.040625 0.106944
0 0.730078 0.747917 0.053906 0.129167
0 0.889062 0.629167 0.059375 0.111111
0 0.864453 0.450694 0.055469 0.076389
0 0.518359 0.413889 0.053906 0.152778
0 0.893750 0.400000 0.056250 0.080556
0 0.182422 0.288889 0.057031 0.108333
0 0.910547 0.236111 0.060156 0.105556
0 0.776172 0.844444 0.077344 0.086111
0 0.827344 0.629167 0.075000 0.116667
0 0.784766 0.706944 0.061719 0.122222
0 0.842969 0.553472 0.056250 0.098611
0 0.680469 0.818750 0.039062 0.104167
0 0.809375 0.756944 0.048438 0.097222
0 0.221094 0.511806 0.040625 0.101389
0 0.847266 0.761806 0.055469 0.090278
