0 0.666016 0.661806 0.052344 0.079167
0 0.790234 0.851389 0.072656 0.080556
0 0.186719 0.287500 0.059375 0.075000
0 0.221094 0.222917 0.046875 0.109722
0 0.808203 0.750000 0.063281 0.102778
0 0.189453 0.197917 0.061719 0.104167
0 0.612500 0.620139 0.050000 0.168056
0 0.844141 0.825694 0.053906 0.093056
0 0.711719 0.630556 0.046875 0.138889
0 0.885547 0.728472 0.067969 0.079167
0 0.800781 0.213194 0.048438 0.104167
0 0.839844 0.712500 0.045312 0.125000
0 0.750781 0.776389 0.067187 0.075000
0 0.623437 0.738889 0.053125 0.113889
0 0.905469 0.816667 0.040625 0.116667
0 0.912500 0.668056 0.068750 0.102778
0 0.935156 0.690972 0.031250 0.087500
0 0.528516 0.404861 0.066406 0.137500
0 0.728125 0.446528 0.081250 0.118056
0 0.713281 0.731944 0.065625 0.094444
0 0.135156 0.388889 0.081250 0.080556
0 0.921484 0.196528 0.030469 0.126389
