0 0.343359 0.107639 0.099219 0.106944
0 0.306250 0.429167 0.078125 0.125000
0 0.244531 0.139583 0.060937 0.151389
0 0.247266 0.272917 0.069531 0.084722
0 0.158203 0.577778 0.057031 0.175000
0 0.507422 0.282639 0.102344 0.101389
0 0.267969 0.336806 0.109375 0.112500
0 0.852344 0.405556 0.046875 0.141667
0 0.776563 0.343056 0.071875 0.111111
0 0.599219 0.742361 0.084375 0.087500
0 0.804297 0.686806 0.069531 0.112500
0 0.675781 0.240278 0.067187 0.166667
0 0.301563 0.193056 0.067187 0.091667
0 0.296094 0.072917 0.081250 0.104167
0 0.872266 0.623611 0.060156 0.083333
0 0.132812 0.427083 0.084375 0.115278
0 0.400781 0.595833 0.068750 0.172222
0 0.392188 0.195833 0.104688 0.102778
0 0.791406 0.772222 0.075000 0.080556
