0 0.206641 0.433333 0.077344 0.113889
0 0.216406 0.210417 0.045312 0.112500
0 0.387500 0.586806 0.082812 0.131944
0 0.302734 0.402778 0.066406 0.186111
0 0.139063 0.367361 0.045312 0.109722
0 0.135156 0.497222 0.060937 0.122222
0 0.171875 0.226389 0.045312 0.158333
0 0.229687 0.313194 0.073438 0.106944
0 0.433203 0.292361 0.096094 0.109722
0 0.244922 0.100694 0.061719 0.156944
0 0.133984 0.223611 0.038281 0.138889
0 0.334375 0.095139 0.070312 0.187500
0 0.786719 0.369444 0.076563 0.108333
0 0.768359 0.489583 0.058594 0.162500
0 0.911328 0.798611 0.050781 0.083333
0 0.871094 0.652083 0.046875 0.131944
0 0.645703 0.081250 0.099219 0.115278
0 0.603906 0.748611 0.075000 0.094444
0 0.817187 0.670139 0.078125 0.104167
