0 0.614844 0.656250 0.062500 0.109722
0 0.401953 0.584722 0.080469 0.105556
0 0.516797 0.569444 0.082031 0.113889
0 0.222266 0.249306 0.052344 0.140278
0 0.230469 0.556250 0.068750 0.093056
0 0.581250 0.781250 0.067187 0.079167
0 0.677344 0.359028 0.054688 0.165278
0 0.760938 0.380556 0.062500 0.138889
0 0.778125 0.575694 0.065625 0.109722
0 0.243750 0.045139 0.082812 0.087500
0 0.289844 0.372222 0.064062 0.105556
0 0.158984 0.711806 0.052344 0.068056
0 0.671875 0.531250 0.054688 0.140278
0 0.147656 0.632639 0.071875 0.101389
0 0.602344 0.599306 0.062500 0.068056
0 0.468750 0.446528 0.057813 0.140278
0 0.635156 0.292361 0.085938 0.093056
0 0.562891 0.520139 0.055469 0.170833
0 0.669531 0.640972 0.064062 0.095833
0 0.126172 0.127083 0.050781 0.123611
0 0.196875 0.048611 0.046875 0.094444
0 0.464062 0.087500 0.060937 0.147222
0 0.364063 0.046528 0.067187 0.090278
0 0.458984 0.063194 0.052344 0.104167
