0 0.139063 0.809722 0.034375 0.055556
0 0.125000 0.768056 0.029687 0.094444
0 0.132422 0.720833 0.050781 0.069444
0 0.121094 0.418056 0.043750 0.088889
0 0.173047 0.908333 0.055469 0.063889
0 0.168750 0.763194 0.064062 0.070833
0 0.518750 0.645833 0.053125 0.077778
0 0.616797 0.645833 0.053906 0.058333
0 0.619922 0.709722 0.042969 0.080556
0 0.661328 0.701389 0.044531 0.125000
0 0.570703 0.603472 0.036719 0.112500
0 0.726562 0.645833 0.065625 0.063889
0 0.873437 0.297917 0.051562 0.073611
0 0.539062 0.581250 0.040625 0.123611
0 0.264062 0.474306 0.051562 0.076389
0 0.241406 0.522222 0.048438 0.077778
0 0.564844 0.714583 0.042188 0.118056
0 0.806250 0.573611 0.059375 0.083333
0 0.921094 0.772222 0.042188 0.055556
0 0.598047 0.558333 0.042969 0.091667
0 0.766797 0.057639 0.039844 0.062500
0 0.576172 0.043750 0.053906 0.062500
0 0.701953 0.313889 0.047656 0.097222
0 0.805859 0.061806 0.036719 0.056944
0 0.740625 0.115972 0.053125 0.087500
0 0.774609 0.106944 0.033594 0.080556
0 0.130469 0.334028 0.048438 0.081944
0 0.797656 0.102778 0.018750 0.066667
