0 0.137500 0.575694 0.071875 0.093056
0 0.289453 0.143750 0.066406 0.168056
0 0.701172 0.180556 0.071094 0.141667
0 0.364453 0.159722 0.063281 0.105556
0 0.619141 0.260417 0.060156 0.173611
0 0.611719 0.628472 0.067187 0.123611
0 0.454297 0.343056 0.063281 0.166667
0 0.697656 0.082639 0.060937 0.162500
0 0.811719 0.671528 0.079687 0.112500
0 0.855859 0.342361 0.053906 0.190278
0 0.771094 0.540278 0.071875 0.130556
0 0.333984 0.376389 0.074219 0.108333
0 0.260156 0.236806 0.062500 0.190278
0 0.187109 0.066667 0.091406 0.108333
0 0.146484 0.404167 0.078906 0.127778
