0 0.122266 0.645833 0.030469 0.088889
0 0.153125 0.644444 0.050000 0.077778
0 0.794531 0.454861 0.043750 0.118056
0 0.537891 0.609028 0.064844 0.095833
0 0.381641 0.920833 0.049219 0.094444
0 0.806641 0.913194 0.052344 0.070833
0 0.655078 0.647917 0.074219 0.079167
0 0.464453 0.939583 0.052344 0.076389
0 0.638281 0.797222 0.054688 0.086111
0 0.814453 0.261806 0.046094 0.115278
0 0.301953 0.120139 0.050781 0.054167
0 0.805078 0.822917 0.046094 0.065278
0 0.725781 0.693056 0.048438 0.119444
0 0.596094 0.652778 0.059375 0.058333
0 0.844922 0.160417 0.042969 0.065278
0 0.853516 0.110417 0.047656 0.065278
0 0.442188 0.415278 0.039062 0.125000
0 0.838281 0.312500 0.039062 0.116667
0 0.593359 0.587500 0.067969 0.069444
0 0.874609 0.213889 0.039844 0.105556
0 0.495703 0.374306 0.057031 0.156944
0 0.508984 0.068056 0.046094 0.111111
0 0.553516 0.063194 0.050781 0.093056
0 0.627734 0.075000 0.072656 0.072222
0 0.675391 0.174306 0.046094 0.112500
0 0.871484 0.655556 0.053906 0.075000
0 0.883203 0.138194 0.027344 0.098611
0 0.138672 0.892361 0.046094 0.081944
