0 0.251327 0.283252 0.0719103 0.0922358
0 0.133526 0.195014 0.045832 0.136164
0 0.572164 0.485364 0.0726788 0.130722
0 0.340388 0.687648 0.0584321 0.102684
0 0.335633 0.363673 0.055956 0.158388
0 0.310538 0.1649 0.0899311 0.107828
0 0.406104 0.487766 0.0807162 0.0940039
0 0.252281 0.5105 0.0869957 0.104942
0 0.299286 0.598546 0.0462299 0.11793
0 0.573869 0.332135 0.0703802 0.123835
0 0.150167 0.375699 0.0487121 0.120936
0 0.41012 0.595956 0.0515334 0.144132
0 0.73408 0.267444 0.073798 0.0885473
0 0.229173 0.153977 0.0609692 0.118316
0 0.567892 0.665063 0.0681049 0.161448
0 0.173369 0.705735 0.0759429 0.0938797
0 0.829739 0.472706 0.0663136 0.0771968
0 0.652807 0.407241 0.064225 0.15211
0 0.209016 0.0774512 0.0550755 0.145024
0 0.172973 0.604303 0.0516506 0.0967397
0 0.230457 0.0229592 0.0707214 0.0459184
0 0.136859 0.681111 0.0434573 0.124997
0 0.323283 0.043724 0.0739811 0.0874479
0 0.559753 0.652523 0.0526627 0.1368
