0 0.831641 0.154861 0.089844 0.104167
0 0.219922 0.282639 0.069531 0.115278
0 0.158984 0.239583 0.057031 0.131944
0 0.140625 0.481250 0.051562 0.123611
0 0.638672 0.516667 0.078906 0.108333
0 0.758594 0.761806 0.057813 0.126389
0 0.225781 0.533333 0.060937 0.138889
0 0.488281 0.249306 0.104688 0.115278
0 0.728516 0.789583 0.039844 0.106944
0 0.535547 0.495139 0.078906 0.106944
0 0.883203 0.285417 0.060156 0.118056
0 0.895312 0.491667 0.053125 0.108333
0 0.202344 0.763194 0.060937 0.093056
0 0.835156 0.670833 0.070312 0.083333
0 0.853516 0.747917 0.061719 0.101389
0 0.171875 0.509722 0.037500 0.130556
0 0.158984 0.677083 0.052344 0.115278
0 0.439063 0.610417 0.085938 0.104167
0 0.855859 0.210417 0.072656 0.095833
0 0.883984 0.580556 0.057031 0.086111
