0 0.209766 0.431250 0.074219 0.106944
0 0.361328 0.438889 0.063281 0.169444
0 0.301563 0.413194 0.062500 0.184722
0 0.134766 0.356250 0.053906 0.120833
0 0.142187 0.486111 0.060937 0.141667
0 0.179688 0.123611 0.087500 0.125000
0 0.320312 0.283333 0.071875 0.136111
0 0.437109 0.292361 0.096094 0.104167
0 0.256250 0.113194 0.062500 0.159722
0 0.138281 0.231250 0.046875 0.137500
0 0.327734 0.118750 0.096094 0.168056
0 0.854688 0.397222 0.067187 0.108333
0 0.766406 0.509028 0.095312 0.112500
0 0.909375 0.794444 0.045312 0.077778
0 0.875000 0.688889 0.053125 0.088889
0 0.644531 0.076389 0.090625 0.122222
0 0.609766 0.756944 0.063281 0.111111
0 0.818750 0.678472 0.079687 0.098611
0 0.142969 0.123611 0.037500 0.116667
