0 0.361719 0.115278 0.078125 0.116667
0 0.308984 0.404861 0.085156 0.156944
0 0.246484 0.134028 0.063281 0.165278
0 0.249609 0.273611 0.061719 0.100000
0 0.157812 0.582639 0.056250 0.184722
0 0.501172 0.282639 0.089844 0.101389
0 0.207031 0.368750 0.076563 0.143056
0 0.851953 0.397917 0.046094 0.126389
0 0.780859 0.343750 0.080469 0.112500
0 0.599219 0.742361 0.084375 0.087500
0 0.855469 0.657639 0.064062 0.134722
0 0.674609 0.247917 0.063281 0.168056
0 0.305078 0.189583 0.064844 0.101389
0 0.337500 0.055556 0.112500 0.091667
0 0.836328 0.592361 0.042969 0.120833
0 0.134766 0.458333 0.053906 0.150000
0 0.387109 0.608333 0.097656 0.105556
0 0.382422 0.198611 0.094531 0.111111
0 0.941016 0.234722 0.055469 0.111111
