0 0.161348 0.464405 0.0463673 0.13748
0 0.458354 0.0545403 0.0780108 0.109081
0 0.524503 0.391957 0.0973454 0.115201
0 0.294467 0.121253 0.0804291 0.104592
0 0.674444 0.522112 0.0626873 0.153437
0 0.197735 0.717775 0.0712526 0.0791029
0 0.445164 0.490298 0.0622898 0.131504
0 0.358617 0.137101 0.0559419 0.1637
0 0.583366 0.330623 0.0593044 0.0978263
0 0.231724 0.0548553 0.0474867 0.109711
0 0.276581 0.473138 0.0647968 0.12136
0 0.648313 0.348494 0.0854425 0.118076
0 0.733103 0.234405 0.0623589 0.125363
0 0.236718 0.63268 0.0604273 0.127472
0 0.75714 0.544354 0.0494055 0.138891
0 0.136361 0.633182 0.0591447 0.144919
0 0.366266 0.572752 0.061787 0.116654
0 0.329419 0.513882 0.0629356 0.143256
0 0.163435 0.171348 0.0580384 0.120293
0 0.126525 0.180376 0.0394028 0.121379
0 0.13656 0.541273 0.0542761 0.0984094
0 0.323203 0.0459796 0.0737488 0.0919592
0 0.310335 0.0372871 0.052938 0.0745742
