0 0.621999 0.143273 0.0878759 0.108081
0 0.455715 0.0491355 0.0876737 0.0982709
0 0.525145 0.389116 0.101667 0.115001
0 0.201389 0.700628 0.0621104 0.0875524
0 0.680533 0.528886 0.0830331 0.135194
0 0.587434 0.332404 0.0681505 0.0879072
0 0.357672 0.151187 0.0571589 0.155123
0 0.130594 0.147974 0.0469906 0.121513
0 0.297555 0.14201 0.0777471 0.110853
0 0.283985 0.472162 0.0557544 0.125955
0 0.221028 0.058727 0.0642254 0.117454
0 0.330463 0.51444 0.0532456 0.153508
0 0.677401 0.342865 0.101773 0.114943
0 0.746883 0.531313 0.0649601 0.110377
0 0.151379 0.26638 0.066529 0.11157
0 0.366503 0.575069 0.0647774 0.113902
0 0.444876 0.487152 0.0616601 0.134286
0 0.236517 0.631408 0.0600763 0.115725
0 0.141497 0.627169 0.0501371 0.147987
0 0.128901 0.496721 0.041121 0.11912
0 0.174358 0.530827 0.0534906 0.158209
0 0.331874 0.0534707 0.0828284 0.106941
0 0.339865 0.0813717 0.0783958 0.0636979
