0 0.139063 0.809722 0.034375 0.055556
0 0.125000 0.768056 0.029687 0.094444
0 0.132422 0.720833 0.050781 0.069444
0 0.118750 0.422222 0.048438 0.083333
0 0.173047 0.908333 0.055469 0.063889
0 0.168750 0.763194 0.064062 0.070833
0 0.518750 0.645833 0.053125 0.077778
0 0.616797 0.645833 0.053906 0.058333
0 0.619922 0.709722 0.042969 0.080556
0 0.663672 0.697917 0.044531 0.118056
0 0.567187 0.602778 0.031250 0.113889
0 0.727734 0.643750 0.067969 0.059722
0 0.873437 0.297917 0.051562 0.073611
0 0.535937 0.586806 0.034375 0.134722
0 0.264062 0.474306 0.051562 0.076389
0 0.241406 0.522222 0.048438 0.077778
0 0.564844 0.714583 0.042188 0.118056
0 0.806250 0.573611 0.059375 0.083333
0 0.921094 0.772222 0.042188 0.055556
0 0.614453 0.513194 0.066406 0.087500
0 0.766797 0.057639 0.039844 0.062500
0 0.560937 0.051389 0.054688 0.061111
0 0.701953 0.313889 0.047656 0.097222
0 0.806250 0.061806 0.037500 0.056944
0 0.742188 0.111806 0.050000 0.095833
0 0.775391 0.107639 0.032031 0.081944
0 0.124219 0.332639 0.056250 0.076389
0 0.797656 0.102778 0.018750 0.066667
