0 0.182812 0.198611 0.054688 0.108333
0 0.137109 0.255556 0.041406 0.069444
0 0.112891 0.391667 0.046094 0.116667
0 0.169922 0.309722 0.046094 0.111111
0 0.155469 0.425000 0.046875 0.094444
0 0.150391 0.533333 0.041406 0.069444
0 0.296875 0.363889 0.050000 0.125000
0 0.383203 0.052778 0.049219 0.097222
0 0.454297 0.659722 0.055469 0.066667
0 0.379688 0.926389 0.051562 0.069444
0 0.497266 0.738194 0.038281 0.104167
0 0.509766 0.665278 0.061719 0.063889
0 0.558984 0.653472 0.033594 0.101389
0 0.580469 0.593750 0.062500 0.081944
0 0.614453 0.598611 0.044531 0.097222
0 0.610938 0.704861 0.040625 0.081944
0 0.703906 0.838194 0.060937 0.056944
0 0.803125 0.908333 0.034375 0.088889
0 0.778516 0.812500 0.061719 0.083333
0 0.775000 0.706250 0.035937 0.087500
0 0.742188 0.565278 0.071875 0.080556
0 0.736328 0.449306 0.072656 0.070833
0 0.783203 0.278472 0.055469 0.090278
0 0.879297 0.261806 0.047656 0.073611
0 0.867578 0.109722 0.028906 0.083333
0 0.848437 0.173611 0.040625 0.100000
0 0.767578 0.067361 0.049219 0.065278
0 0.725391 0.068056 0.033594 0.102778
