0 0.527734 0.835417 0.074219 0.126389
0 0.332422 0.509028 0.069531 0.115278
0 0.771875 0.109028 0.057813 0.137500
0 0.548438 0.070833 0.056250 0.138889
0 0.371094 0.686806 0.068750 0.101389
0 0.262891 0.168750 0.058594 0.093056
0 0.659375 0.286111 0.064062 0.136111
0 0.553516 0.286111 0.052344 0.158333
0 0.874609 0.588889 0.057031 0.105556
0 0.711719 0.522917 0.073438 0.076389
0 0.821875 0.131250 0.056250 0.101389
0 0.233203 0.282639 0.066406 0.093056
0 0.791797 0.372917 0.066406 0.093056
0 0.141016 0.108333 0.057031 0.094444
0 0.323828 0.683333 0.046094 0.080556
0 0.629297 0.609722 0.086719 0.111111
0 0.828516 0.248611 0.047656 0.127778
0 0.872266 0.700694 0.052344 0.137500
0 0.503906 0.198611 0.062500 0.105556
0 0.798047 0.605556 0.053906 0.133333
0 0.703516 0.114583 0.080469 0.101389
0 0.184375 0.084722 0.064062 0.088889
