0 0.175391 0.671528 0.060156 0.126389
0 0.234766 0.745139 0.038281 0.109722
0 0.340234 0.717361 0.086719 0.087500
0 0.314844 0.834722 0.057813 0.105556
0 0.295312 0.600000 0.057813 0.141667
0 0.165234 0.276389 0.074219 0.086111
0 0.159766 0.195139 0.052344 0.087500
0 0.121094 0.453472 0.051562 0.106944
0 0.208984 0.303472 0.071094 0.104167
0 0.166406 0.445833 0.048438 0.080556
0 0.225781 0.648611 0.042188 0.097222
0 0.471094 0.095833 0.053125 0.127778
0 0.551953 0.727778 0.082031 0.091667
0 0.403125 0.804861 0.071875 0.109722
0 0.682422 0.739583 0.060156 0.076389
0 0.609375 0.369444 0.081250 0.091667
0 0.497656 0.378472 0.095312 0.081944
0 0.637500 0.093750 0.048438 0.120833
0 0.593750 0.143750 0.059375 0.081944
0 0.873828 0.333333 0.047656 0.108333
0 0.550391 0.116667 0.066406 0.111111
0 0.600781 0.795833 0.045312 0.125000
0 0.673438 0.145139 0.053125 0.126389
0 0.137500 0.638194 0.040625 0.115278
0 0.164453 0.142361 0.053906 0.070833
0 0.128516 0.387500 0.060156 0.080556
