0 0.256250 0.581944 0.054688 0.138889
0 0.339844 0.215972 0.076563 0.076389
0 0.122656 0.679167 0.060937 0.097222
0 0.307031 0.342361 0.067187 0.109722
0 0.664844 0.154167 0.039062 0.111111
0 0.128516 0.409028 0.039844 0.120833
0 0.218750 0.604861 0.039062 0.109722
0 0.213672 0.840278 0.047656 0.083333
0 0.187891 0.449306 0.049219 0.134722
0 0.385547 0.102778 0.039844 0.122222
0 0.320312 0.568750 0.046875 0.081944
0 0.134766 0.900694 0.049219 0.079167
0 0.631641 0.486806 0.077344 0.098611
0 0.137891 0.509028 0.041406 0.123611
0 0.882812 0.255556 0.045312 0.091667
0 0.850000 0.236111 0.035937 0.116667
0 0.608984 0.378472 0.088281 0.093056
0 0.853516 0.168750 0.042969 0.101389
0 0.270313 0.831944 0.048438 0.108333
0 0.175781 0.804861 0.043750 0.115278
0 0.260156 0.196528 0.070312 0.095833
0 0.746875 0.701389 0.045312 0.108333
0 0.174219 0.351389 0.060937 0.077778
0 0.266016 0.105556 0.069531 0.094444
0 0.133984 0.820833 0.041406 0.088889
0 0.344531 0.089583 0.054688 0.101389
