0 0.155469 0.159722 0.048438 0.125000
0 0.235547 0.216667 0.053906 0.141667
0 0.291797 0.281250 0.080469 0.101389
0 0.294922 0.736111 0.061719 0.086111
0 0.418359 0.553472 0.064844 0.118056
0 0.690234 0.673611 0.053906 0.125000
0 0.476953 0.426389 0.058594 0.138889
0 0.346094 0.535417 0.073438 0.126389
0 0.561719 0.495139 0.060937 0.170833
0 0.298047 0.642361 0.074219 0.106944
0 0.319531 0.061111 0.070312 0.119444
0 0.447656 0.047222 0.073438 0.091667
0 0.348828 0.337500 0.072656 0.113889
0 0.664062 0.348611 0.057813 0.163889
0 0.744141 0.534722 0.063281 0.100000
0 0.198047 0.681250 0.041406 0.104167
0 0.137891 0.350000 0.055469 0.088889
0 0.148047 0.636111 0.055469 0.125000
0 0.692969 0.505556 0.062500 0.150000
0 0.284375 0.474306 0.065625 0.118056
0 0.230469 0.084722 0.060937 0.122222
0 0.205078 0.028472 0.060156 0.054167
0 0.386328 0.042361 0.082031 0.081944
