0 0.246484 0.097917 0.063281 0.079167
0 0.112891 0.597222 0.035156 0.130556
0 0.125781 0.806944 0.029687 0.100000
0 0.156250 0.835417 0.037500 0.068056
0 0.146875 0.294444 0.060937 0.111111
0 0.414062 0.593056 0.051562 0.136111
0 0.459375 0.384722 0.065625 0.127778
0 0.874219 0.140278 0.064062 0.055556
0 0.598828 0.115972 0.049219 0.131944
0 0.593750 0.604861 0.040625 0.101389
0 0.850000 0.590972 0.039062 0.098611
0 0.639844 0.654861 0.067187 0.070833
0 0.296094 0.383333 0.050000 0.130556
0 0.552734 0.728472 0.052344 0.101389
0 0.662109 0.109722 0.074219 0.058333
0 0.539062 0.097917 0.050000 0.131944
0 0.394531 0.734722 0.048438 0.111111
0 0.674219 0.168056 0.075000 0.080556
0 0.304688 0.086806 0.065625 0.065278
0 0.108984 0.195139 0.038281 0.062500
0 0.147266 0.909722 0.050781 0.058333
0 0.160156 0.181250 0.045312 0.109722
0 0.192969 0.143056 0.045312 0.113889
0 0.548828 0.258333 0.075781 0.100000
0 0.122266 0.256944 0.038281 0.075000
0 0.685547 0.841667 0.042969 0.094444
0 0.582422 0.380556 0.053906 0.127778
