0 0.305859 0.454861 0.074219 0.168056
0 0.328125 0.321528 0.089063 0.104167
0 0.153125 0.265278 0.043750 0.080556
0 0.489063 0.145139 0.073438 0.112500
0 0.193359 0.125694 0.050781 0.140278
0 0.485938 0.480556 0.068750 0.075000
0 0.510547 0.272917 0.058594 0.151389
0 0.202344 0.388889 0.046875 0.161111
0 0.130469 0.208333 0.043750 0.097222
0 0.155859 0.367361 0.049219 0.112500
0 0.623437 0.258333 0.085938 0.111111
0 0.163281 0.725694 0.067187 0.093056
0 0.208594 0.666667 0.045312 0.161111
0 0.475391 0.568750 0.089844 0.093056
0 0.623828 0.665278 0.064844 0.083333
0 0.613281 0.354167 0.090625 0.100000
0 0.169922 0.634028 0.050781 0.137500
0 0.134375 0.647917 0.040625 0.137500
0 0.482031 0.397917 0.075000 0.065278
0 0.398828 0.573611 0.064844 0.100000
0 0.312891 0.634722 0.060156 0.155556
0 0.862891 0.441667 0.060156 0.066667
0 0.749609 0.695833 0.049219 0.136111
0 0.120703 0.335417 0.025781 0.159722
0 0.817969 0.822222 0.053125 0.155556
0 0.876172 0.725694 0.053906 0.101389
