0 0.143750 0.790972 0.045312 0.101389
0 0.412500 0.786111 0.085938 0.088889
0 0.400391 0.870833 0.078906 0.086111
0 0.148828 0.364583 0.050781 0.115278
0 0.203516 0.190972 0.069531 0.084722
0 0.166797 0.592361 0.058594 0.095833
0 0.364453 0.305556 0.061719 0.133333
0 0.117578 0.297222 0.039844 0.105556
0 0.598828 0.075694 0.061719 0.093056
0 0.292969 0.489583 0.051562 0.126389
0 0.384375 0.610417 0.076563 0.101389
0 0.389062 0.533333 0.079687 0.072222
0 0.640234 0.092361 0.060156 0.106944
0 0.586328 0.140972 0.061719 0.087500
0 0.246484 0.304167 0.053906 0.144444
0 0.323828 0.645139 0.066406 0.129167
0 0.866797 0.365278 0.049219 0.113889
0 0.138672 0.913889 0.067969 0.069444
0 0.216016 0.110417 0.058594 0.079167
0 0.117969 0.463194 0.054688 0.093056
0 0.177344 0.263889 0.064062 0.069444
0 0.194141 0.829167 0.035156 0.083333
0 0.166016 0.479861 0.035156 0.106944
0 0.230469 0.833333 0.064062 0.072222
0 0.878906 0.274306 0.050000 0.123611
0 0.460938 0.493750 0.062500 0.098611
