0 0.173437 0.153472 0.051562 0.134722
0 0.124609 0.228472 0.060156 0.076389
0 0.133203 0.296528 0.057031 0.087500
0 0.382422 0.643750 0.061719 0.079167
0 0.257812 0.581250 0.064062 0.143056
0 0.426953 0.070833 0.067969 0.075000
0 0.141406 0.513194 0.043750 0.129167
0 0.114062 0.464583 0.021875 0.073611
0 0.118359 0.545833 0.041406 0.161111
0 0.199609 0.435417 0.050781 0.143056
0 0.173437 0.599306 0.062500 0.070833
0 0.152734 0.719444 0.038281 0.122222
0 0.273828 0.688889 0.077344 0.088889
0 0.324609 0.309722 0.067969 0.105556
0 0.146484 0.913194 0.053906 0.065278
0 0.136328 0.829861 0.052344 0.068056
0 0.352344 0.460417 0.054688 0.151389
0 0.449219 0.646528 0.082812 0.101389
0 0.857812 0.613889 0.059375 0.069444
0 0.806641 0.555556 0.038281 0.088889
0 0.640234 0.384722 0.077344 0.080556
0 0.566797 0.305556 0.042969 0.127778
0 0.763281 0.255556 0.045312 0.088889
0 0.647266 0.495139 0.066406 0.109722
0 0.577734 0.102778 0.066406 0.088889
0 0.794141 0.148611 0.064844 0.083333
