0 0.576172 0.738889 0.074219 0.075000
0 0.580078 0.821528 0.086719 0.090278
0 0.511719 0.080556 0.085938 0.080556
0 0.558203 0.634722 0.052344 0.088889
0 0.392188 0.606944 0.076563 0.127778
0 0.442578 0.727083 0.069531 0.076389
0 0.286719 0.571528 0.075000 0.104167
0 0.307031 0.171528 0.050000 0.126389
0 0.162500 0.602083 0.040625 0.115278
0 0.155859 0.763194 0.036719 0.101389
0 0.139844 0.645833 0.040625 0.108333
0 0.216016 0.740972 0.053906 0.143056
0 0.164844 0.431944 0.043750 0.130556
0 0.131250 0.418750 0.046875 0.095833
0 0.122266 0.294444 0.057031 0.080556
0 0.175781 0.295139 0.050000 0.104167
0 0.132812 0.214583 0.062500 0.076389
0 0.158203 0.521528 0.035156 0.070833
0 0.264062 0.290278 0.056250 0.144444
0 0.598047 0.076389 0.075781 0.088889
0 0.386719 0.100694 0.060937 0.093056
0 0.218359 0.305556 0.042969 0.136111
0 0.204687 0.196528 0.078125 0.076389
0 0.247656 0.517361 0.076563 0.076389
0 0.441406 0.258333 0.078125 0.075000
0 0.703516 0.844444 0.060156 0.083333
