0 0.123047 0.688889 0.041406 0.066667
0 0.124609 0.591667 0.053906 0.075000
0 0.264453 0.481250 0.052344 0.081944
0 0.239063 0.529861 0.043750 0.079167
0 0.293359 0.743750 0.064844 0.123611
0 0.451562 0.314583 0.034375 0.109722
0 0.132031 0.746528 0.043750 0.065278
0 0.160156 0.723611 0.062500 0.072222
0 0.302734 0.397222 0.049219 0.125000
0 0.880469 0.702083 0.048438 0.073611
0 0.849219 0.117361 0.034375 0.068056
0 0.519531 0.646528 0.070312 0.073611
0 0.840234 0.070139 0.060156 0.059722
0 0.373828 0.726389 0.066406 0.072222
0 0.887891 0.760417 0.041406 0.076389
0 0.812891 0.710417 0.061719 0.065278
0 0.889844 0.297917 0.031250 0.095833
0 0.864844 0.265972 0.035937 0.109722
0 0.918750 0.772222 0.043750 0.058333
0 0.698438 0.581250 0.050000 0.129167
0 0.757812 0.336806 0.043750 0.095833
0 0.773047 0.057639 0.061719 0.065278
0 0.789453 0.111806 0.035156 0.065278
0 0.753906 0.634722 0.053125 0.061111
0 0.862500 0.065278 0.035937 0.050000
0 0.747266 0.113194 0.057031 0.073611
0 0.128906 0.645833 0.046875 0.050000
0 0.577344 0.070833 0.067187 0.069444
