0 0.341567 0.304619 0.0928698 0.104245
0 0.295575 0.127413 0.0832383 0.103202
0 0.280161 0.471591 0.0681887 0.0990745
0 0.67676 0.524598 0.0630327 0.153209
0 0.734326 0.532299 0.0568127 0.147719
0 0.326132 0.513747 0.057342 0.132346
0 0.582664 0.322687 0.0563944 0.111289
0 0.130367 0.413122 0.0428436 0.139766
0 0.360068 0.136158 0.054434 0.170482
0 0.464118 0.390015 0.100168 0.116015
0 0.44526 0.496393 0.0642335 0.123492
0 0.158913 0.180692 0.0641891 0.106053
0 0.73303 0.23661 0.0553626 0.126171
0 0.362322 0.570603 0.0674308 0.115351
0 0.167539 0.423934 0.0593464 0.100663
0 0.172432 0.726716 0.0537926 0.0827182
0 0.134699 0.644457 0.0499237 0.131288
0 0.176814 0.623495 0.0538934 0.106203
0 0.89327 0.803441 0.0371687 0.0849255
0 0.650714 0.339461 0.0850458 0.134938
0 0.223137 0.0460162 0.0635218 0.0920325
0 0.32254 0.0436325 0.061443 0.087265
0 0.208423 0.0438645 0.0473336 0.0877291
