0 0.158203 0.428472 0.066406 0.112500
0 0.703125 0.132639 0.051562 0.165278
0 0.303125 0.416667 0.067187 0.208333
0 0.155469 0.211806 0.090625 0.098611
0 0.130859 0.358333 0.038281 0.116667
0 0.202344 0.318056 0.067187 0.175000
0 0.242969 0.402778 0.054688 0.155556
0 0.510938 0.122222 0.103125 0.133333
0 0.869531 0.409028 0.050000 0.137500
0 0.818359 0.204861 0.080469 0.098611
0 0.855469 0.604861 0.059375 0.095833
0 0.660547 0.106250 0.052344 0.176389
0 0.608984 0.760417 0.064844 0.123611
0 0.848437 0.665972 0.079687 0.081944
0 0.613672 0.112500 0.086719 0.100000
0 0.357031 0.196528 0.104688 0.118056
0 0.266406 0.135417 0.075000 0.126389
0 0.155859 0.306944 0.042969 0.088889
0 0.843750 0.486806 0.070312 0.120833
