0 0.476953 0.652083 0.064844 0.168056
0 0.797656 0.543056 0.065625 0.161111
0 0.331250 0.509028 0.064062 0.115278
0 0.858594 0.568056 0.045312 0.180556
0 0.667188 0.473611 0.057813 0.141667
0 0.559766 0.076389 0.061719 0.119444
0 0.374609 0.698611 0.061719 0.125000
0 0.210938 0.180556 0.045312 0.097222
0 0.260156 0.160417 0.067187 0.098611
0 0.676562 0.334722 0.056250 0.138889
0 0.832812 0.506250 0.039062 0.093056
0 0.835547 0.314583 0.082031 0.090278
0 0.680078 0.657639 0.061719 0.106944
0 0.183594 0.095833 0.079687 0.077778
0 0.875781 0.666667 0.060937 0.094444
0 0.831641 0.636111 0.032031 0.122222
0 0.878125 0.201389 0.048438 0.125000
0 0.231250 0.293056 0.064062 0.083333
0 0.787891 0.409722 0.064844 0.122222
0 0.149219 0.109028 0.060937 0.087500
0 0.323828 0.683333 0.046094 0.080556
0 0.784375 0.737500 0.065625 0.116667
0 0.901172 0.256250 0.049219 0.087500
