0 0.124609 0.690278 0.039844 0.055556
0 0.147266 0.618750 0.053906 0.073611
0 0.266016 0.482639 0.058594 0.079167
0 0.236719 0.522222 0.045312 0.075000
0 0.126172 0.570139 0.049219 0.090278
0 0.755859 0.160417 0.052344 0.068056
0 0.133984 0.745833 0.057031 0.069444
0 0.582031 0.705556 0.048438 0.119444
0 0.268750 0.606944 0.046875 0.108333
0 0.889062 0.681944 0.050000 0.063889
0 0.859766 0.118056 0.041406 0.055556
0 0.514062 0.647222 0.079687 0.083333
0 0.832812 0.069444 0.053125 0.061111
0 0.359766 0.663194 0.055469 0.106944
0 0.890234 0.740278 0.046094 0.063889
0 0.780859 0.336806 0.044531 0.095833
0 0.895703 0.281250 0.030469 0.104167
0 0.867969 0.259028 0.031250 0.104167
0 0.924219 0.769444 0.040625 0.058333
0 0.864844 0.167361 0.048438 0.062500
0 0.819141 0.118750 0.042969 0.104167
0 0.772656 0.052778 0.062500 0.052778
0 0.783984 0.093056 0.030469 0.061111
0 0.750000 0.638889 0.054688 0.055556
0 0.860547 0.066667 0.042969 0.052778
0 0.759766 0.104167 0.064844 0.063889
0 0.121484 0.652083 0.049219 0.051389
0 0.507031 0.290278 0.064062 0.077778
