0 0.178516 0.677083 0.050781 0.131944
0 0.230469 0.752778 0.039062 0.111111
0 0.267188 0.706250 0.056250 0.098611
0 0.316016 0.839583 0.052344 0.115278
0 0.295312 0.593750 0.056250 0.140278
0 0.171094 0.265972 0.071875 0.093056
0 0.147266 0.210417 0.050781 0.098611
0 0.119922 0.447222 0.052344 0.111111
0 0.195312 0.315278 0.064062 0.100000
0 0.171094 0.444444 0.043750 0.088889
0 0.226562 0.649306 0.040625 0.095833
0 0.470703 0.093750 0.053906 0.131944
0 0.542578 0.728472 0.083594 0.098611
0 0.405078 0.803472 0.060156 0.115278
0 0.680859 0.740972 0.060156 0.073611
0 0.605859 0.369444 0.074219 0.091667
0 0.499219 0.374306 0.098437 0.076389
0 0.635156 0.095139 0.059375 0.118056
0 0.596875 0.139583 0.051562 0.087500
0 0.894141 0.338889 0.061719 0.097222
0 0.544922 0.084722 0.082031 0.097222
0 0.616406 0.788889 0.046875 0.108333
0 0.870703 0.479167 0.049219 0.122222
0 0.142187 0.618750 0.057813 0.081944
0 0.166797 0.142361 0.049219 0.073611
0 0.128516 0.385417 0.058594 0.076389
