0 0.236719 0.613194 0.053125 0.129167
0 0.141797 0.304167 0.047656 0.136111
0 0.231250 0.132639 0.043750 0.112500
0 0.152344 0.777083 0.059375 0.095833
0 0.176172 0.179167 0.064844 0.086111
0 0.374219 0.663194 0.075000 0.112500
0 0.883203 0.344444 0.041406 0.080556
0 0.120313 0.495833 0.043750 0.130556
0 0.128516 0.647917 0.035156 0.104167
0 0.375391 0.795139 0.049219 0.126389
0 0.226562 0.270139 0.042188 0.129167
0 0.378125 0.096528 0.046875 0.112500
0 0.146875 0.914583 0.054688 0.070833
0 0.135937 0.833333 0.054688 0.069444
0 0.176953 0.455556 0.052344 0.119444
0 0.460547 0.836806 0.055469 0.118056
0 0.861719 0.736111 0.060937 0.077778
0 0.625000 0.375694 0.073438 0.087500
0 0.732812 0.714583 0.057813 0.073611
0 0.762891 0.238194 0.049219 0.081944
0 0.301563 0.597917 0.082812 0.120833
0 0.412109 0.111806 0.050781 0.137500
0 0.870313 0.297917 0.059375 0.079167
0 0.277734 0.734722 0.074219 0.100000
0 0.116016 0.344444 0.033594 0.125000
0 0.284766 0.195833 0.055469 0.127778
