0 0.713672 0.850694 0.055469 0.070833
0 0.310937 0.083333 0.062500 0.066667
0 0.142578 0.812500 0.035156 0.105556
0 0.254688 0.256944 0.064062 0.080556
0 0.374609 0.922222 0.050781 0.091667
0 0.640234 0.577083 0.041406 0.140278
0 0.730078 0.693056 0.046094 0.136111
0 0.736328 0.931250 0.060156 0.087500
0 0.587109 0.589583 0.041406 0.126389
0 0.845313 0.388889 0.040625 0.075000
0 0.841797 0.311806 0.035156 0.115278
0 0.123047 0.584722 0.042969 0.050000
0 0.113281 0.855556 0.029687 0.088889
0 0.317578 0.223611 0.060156 0.130556
0 0.879297 0.348611 0.044531 0.072222
0 0.759766 0.533333 0.044531 0.130556
0 0.121094 0.638889 0.048438 0.091667
0 0.335156 0.917361 0.048438 0.081944
0 0.723047 0.590278 0.033594 0.102778
0 0.574219 0.319444 0.050000 0.122222
0 0.521484 0.640278 0.066406 0.072222
0 0.815625 0.329167 0.054688 0.069444
0 0.264453 0.146528 0.078906 0.070833
0 0.549609 0.715972 0.047656 0.101389
0 0.120703 0.534722 0.044531 0.086111
0 0.803906 0.476389 0.039062 0.133333
0 0.657422 0.697917 0.052344 0.115278
0 0.466406 0.610417 0.046875 0.095833
