0 0.145703 0.793750 0.046094 0.098611
0 0.411719 0.782639 0.081250 0.087500
0 0.378906 0.862500 0.084375 0.091667
0 0.149219 0.365972 0.054688 0.118056
0 0.203516 0.191667 0.063281 0.083333
0 0.165234 0.595833 0.061719 0.097222
0 0.368750 0.303472 0.057813 0.143056
0 0.115625 0.295833 0.046875 0.083333
0 0.603516 0.076389 0.064844 0.088889
0 0.287500 0.522222 0.079687 0.094444
0 0.389453 0.602778 0.066406 0.119444
0 0.453125 0.379167 0.087500 0.086111
0 0.641016 0.097222 0.061719 0.116667
0 0.589844 0.143056 0.057813 0.083333
0 0.238281 0.379861 0.051562 0.143056
0 0.275000 0.613194 0.078125 0.101389
0 0.878516 0.322917 0.067969 0.065278
0 0.139844 0.914583 0.067187 0.070833
0 0.116406 0.218750 0.042188 0.079167
0 0.119922 0.465972 0.057031 0.087500
0 0.182422 0.263889 0.064844 0.066667
0 0.195312 0.834028 0.032813 0.084722
0 0.168750 0.478472 0.039062 0.115278
0 0.230469 0.838194 0.051562 0.079167
0 0.882812 0.256944 0.053125 0.094444
