0 0.598047 0.725694 0.066406 0.159722
0 0.332813 0.506944 0.068750 0.111111
0 0.802734 0.107639 0.060156 0.112500
0 0.567187 0.068750 0.071875 0.101389
0 0.374609 0.697917 0.061719 0.123611
0 0.264062 0.165972 0.056250 0.087500
0 0.677734 0.329861 0.071094 0.165278
0 0.529687 0.302778 0.057813 0.133333
0 0.887891 0.600000 0.064844 0.088889
0 0.755078 0.516667 0.075781 0.086111
0 0.787891 0.252778 0.074219 0.086111
0 0.230078 0.283333 0.064844 0.094444
0 0.790234 0.359028 0.067969 0.087500
0 0.141797 0.107639 0.063281 0.093056
0 0.323828 0.683333 0.046094 0.080556
0 0.665234 0.645833 0.060156 0.158333
0 0.833203 0.259722 0.039844 0.133333
0 0.904297 0.695139 0.066406 0.101389
0 0.189844 0.093750 0.056250 0.118056
0 0.192969 0.210417 0.079687 0.084722
0 0.758203 0.161806 0.053906 0.106944
0 0.820703 0.501389 0.066406 0.125000
