0 0.126562 0.462500 0.048438 0.108333
0 0.447266 0.368056 0.082031 0.091667
0 0.348047 0.139583 0.067969 0.098611
0 0.561328 0.663889 0.052344 0.125000
0 0.441016 0.792361 0.046094 0.126389
0 0.706250 0.647222 0.051562 0.122222
0 0.628906 0.079167 0.070312 0.072222
0 0.360547 0.664583 0.072656 0.120833
0 0.610156 0.135417 0.073438 0.073611
0 0.353906 0.446528 0.056250 0.148611
0 0.874219 0.404167 0.046875 0.116667
0 0.141406 0.676389 0.060937 0.069444
0 0.405859 0.072917 0.066406 0.079167
0 0.282422 0.260417 0.050781 0.109722
0 0.128516 0.733333 0.036719 0.108333
0 0.218359 0.695833 0.046094 0.122222
0 0.427734 0.644444 0.057031 0.147222
0 0.136719 0.609028 0.053125 0.073611
0 0.133984 0.362500 0.072656 0.088889
0 0.713672 0.878472 0.060156 0.095833
0 0.276172 0.397917 0.055469 0.156944
0 0.767578 0.362500 0.050781 0.125000
0 0.631641 0.186806 0.071094 0.095833
0 0.278516 0.625000 0.049219 0.100000
0 0.403516 0.505556 0.089844 0.086111
0 0.786328 0.282639 0.044531 0.145833
