0 0.293750 0.132639 0.059375 0.118056
0 0.346094 0.102083 0.075000 0.118056
0 0.489844 0.311806 0.087500 0.093056
0 0.298438 0.402778 0.042188 0.152778
0 0.143359 0.227778 0.042969 0.113889
0 0.153906 0.534028 0.048438 0.109722
0 0.108594 0.197222 0.035937 0.047222
0 0.111719 0.577778 0.035937 0.069444
0 0.340234 0.684722 0.064844 0.066667
0 0.378125 0.626389 0.070312 0.091667
0 0.119531 0.638889 0.056250 0.072222
0 0.158594 0.690278 0.043750 0.072222
0 0.169141 0.766667 0.052344 0.086111
0 0.406250 0.727778 0.048438 0.136111
0 0.439844 0.740972 0.046875 0.104167
0 0.481641 0.770833 0.044531 0.116667
0 0.547656 0.661806 0.065625 0.073611
0 0.539453 0.472917 0.075781 0.106944
0 0.621875 0.661806 0.082812 0.090278
0 0.698828 0.709028 0.046094 0.129167
0 0.810156 0.852083 0.056250 0.076389
0 0.882422 0.725694 0.032031 0.081944
0 0.871875 0.786806 0.051562 0.048611
0 0.715234 0.322917 0.064844 0.076389
0 0.646484 0.125694 0.055469 0.104167
0 0.852734 0.179167 0.044531 0.125000
0 0.591797 0.111111 0.067969 0.077778
