0 0.583594 0.738194 0.079687 0.087500
0 0.485156 0.206944 0.085938 0.111111
0 0.500781 0.083333 0.078125 0.111111
0 0.478906 0.716667 0.051562 0.097222
0 0.210156 0.626389 0.062500 0.127778
0 0.335547 0.638194 0.064844 0.068056
0 0.283203 0.567361 0.074219 0.095833
0 0.343359 0.266667 0.047656 0.161111
0 0.425000 0.772917 0.046875 0.123611
0 0.146875 0.887500 0.040625 0.100000
0 0.421484 0.871528 0.078906 0.087500
0 0.214844 0.416667 0.062500 0.091667
0 0.120703 0.471528 0.053906 0.076389
0 0.113672 0.411111 0.042969 0.100000
0 0.566797 0.378472 0.080469 0.098611
0 0.153125 0.329861 0.057813 0.101389
0 0.241016 0.147917 0.074219 0.090278
0 0.665625 0.090278 0.046875 0.105556
0 0.633203 0.119444 0.046094 0.102778
0 0.141016 0.218750 0.053906 0.087500
0 0.169141 0.152083 0.042969 0.109722
0 0.253906 0.523611 0.065625 0.083333
0 0.866406 0.399306 0.040625 0.109722
0 0.255859 0.263889 0.080469 0.077778
0 0.127734 0.717361 0.057031 0.120833
