0 0.619922 0.131250 0.058594 0.073611
0 0.741016 0.109722 0.057031 0.127778
0 0.860156 0.154167 0.059375 0.061111
0 0.330859 0.434722 0.030469 0.113889
0 0.490625 0.309722 0.084375 0.105556
0 0.608594 0.456944 0.081250 0.069444
0 0.621094 0.659028 0.076563 0.087500
0 0.532813 0.109722 0.051562 0.125000
0 0.293750 0.439583 0.056250 0.109722
0 0.425000 0.583333 0.037500 0.127778
0 0.430078 0.744444 0.055469 0.111111
0 0.133984 0.461806 0.052344 0.095833
0 0.159375 0.690278 0.053125 0.061111
0 0.110156 0.508333 0.034375 0.088889
0 0.121094 0.577778 0.040625 0.100000
0 0.121484 0.643750 0.057031 0.056944
0 0.337891 0.589583 0.061719 0.118056
0 0.161719 0.813194 0.045312 0.095833
0 0.187500 0.780556 0.065625 0.086111
0 0.683594 0.802083 0.043750 0.109722
0 0.864453 0.303472 0.038281 0.112500
0 0.869922 0.697917 0.050781 0.073611
0 0.883984 0.731250 0.039844 0.073611
0 0.870703 0.785417 0.041406 0.056944
0 0.308594 0.154167 0.046875 0.130556
0 0.140234 0.340972 0.046094 0.137500
0 0.109375 0.201389 0.040625 0.072222
