0 0.520703 0.124306 0.082031 0.115278
0 0.426953 0.244444 0.085156 0.102778
0 0.364453 0.268056 0.063281 0.088889
0 0.283594 0.090972 0.065625 0.076389
0 0.196875 0.119444 0.048438 0.127778
0 0.224219 0.148611 0.057813 0.102778
0 0.205469 0.265278 0.057813 0.122222
0 0.212109 0.388889 0.046094 0.100000
0 0.131250 0.207639 0.042188 0.101389
0 0.157422 0.393056 0.064844 0.088889
0 0.172266 0.636111 0.052344 0.144444
0 0.230859 0.633333 0.075781 0.113889
0 0.242578 0.535417 0.071094 0.134722
0 0.362891 0.618056 0.064844 0.133333
0 0.361328 0.424306 0.052344 0.087500
0 0.485938 0.459722 0.065625 0.097222
0 0.285547 0.174306 0.053906 0.126389
0 0.456250 0.569444 0.087500 0.102778
0 0.452734 0.693750 0.067969 0.112500
0 0.576562 0.591667 0.089063 0.094444
0 0.680078 0.736806 0.055469 0.156944
0 0.746094 0.300000 0.051562 0.152778
0 0.747656 0.613889 0.067187 0.086111
0 0.778516 0.798611 0.061719 0.119444
0 0.792578 0.859028 0.042969 0.101389
0 0.874609 0.718056 0.046094 0.108333
