0 0.227344 0.187500 0.076563 0.097222
0 0.124609 0.228472 0.061719 0.079167
0 0.171484 0.181250 0.046094 0.134722
0 0.253516 0.552083 0.058594 0.070833
0 0.428125 0.069444 0.070312 0.077778
0 0.369141 0.661111 0.064844 0.102778
0 0.104688 0.297222 0.039062 0.122222
0 0.119141 0.531944 0.038281 0.144444
0 0.131641 0.641667 0.057031 0.083333
0 0.197266 0.786806 0.069531 0.079167
0 0.307031 0.623611 0.053125 0.111111
0 0.483594 0.320833 0.053125 0.125000
0 0.150391 0.914583 0.060156 0.068056
0 0.136719 0.831944 0.054688 0.075000
0 0.421875 0.463194 0.051562 0.090278
0 0.451172 0.650000 0.088281 0.097222
0 0.823438 0.167361 0.042188 0.081944
0 0.805859 0.557639 0.039844 0.093056
0 0.634375 0.377083 0.075000 0.084722
0 0.578516 0.400000 0.046094 0.147222
0 0.766406 0.261806 0.051562 0.076389
0 0.514062 0.434722 0.059375 0.113889
0 0.574219 0.105556 0.062500 0.083333
0 0.791797 0.145833 0.067969 0.083333
0 0.311328 0.768750 0.061719 0.109722
0 0.311719 0.117361 0.075000 0.087500
