0 0.558203 0.299306 0.055469 0.187500
0 0.278516 0.456250 0.063281 0.176389
0 0.124219 0.359722 0.050000 0.191667
0 0.269141 0.318056 0.066406 0.088889
0 0.147266 0.531250 0.072656 0.118056
0 0.483984 0.271528 0.050781 0.170833
0 0.423047 0.111806 0.064844 0.184722
0 0.862500 0.365972 0.053125 0.143056
0 0.756641 0.468056 0.082031 0.094444
0 0.599609 0.743056 0.078906 0.091667
0 0.873437 0.629861 0.071875 0.123611
0 0.694531 0.130556 0.057813 0.144444
0 0.358594 0.203472 0.100000 0.101389
0 0.610547 0.072222 0.099219 0.108333
0 0.801562 0.438889 0.065625 0.127778
0 0.129688 0.445139 0.064062 0.109722
0 0.494141 0.468056 0.107031 0.097222
