0 0.274219 0.689583 0.089063 0.084722
0 0.592969 0.106944 0.075000 0.094444
0 0.124609 0.718750 0.041406 0.079167
0 0.245312 0.463194 0.071875 0.098611
0 0.662500 0.150694 0.042188 0.106944
0 0.132812 0.312500 0.067187 0.083333
0 0.166016 0.840972 0.060156 0.087500
0 0.464062 0.459028 0.040625 0.154167
0 0.241016 0.370833 0.063281 0.125000
0 0.530469 0.446528 0.048438 0.129167
0 0.549219 0.723611 0.062500 0.075000
0 0.144531 0.648611 0.046875 0.113889
0 0.216016 0.934028 0.067969 0.076389
0 0.142187 0.482639 0.037500 0.129167
0 0.661719 0.378472 0.060937 0.076389
0 0.813672 0.126389 0.039844 0.102778
0 0.596094 0.681250 0.043750 0.115278
0 0.581641 0.515278 0.061719 0.116667
0 0.182031 0.369444 0.050000 0.144444
0 0.276172 0.613194 0.069531 0.084722
0 0.391797 0.855556 0.069531 0.091667
0 0.871484 0.366667 0.038281 0.119444
0 0.377344 0.713889 0.082812 0.091667
0 0.252344 0.550000 0.062500 0.075000
0 0.127734 0.258333 0.044531 0.080556
0 0.316797 0.336111 0.057031 0.127778
