0 0.266797 0.540278 0.050781 0.150000
0 0.378125 0.227083 0.065625 0.081944
0 0.132031 0.718056 0.046875 0.111111
0 0.271484 0.322917 0.069531 0.115278
0 0.662500 0.157639 0.043750 0.104167
0 0.126172 0.391667 0.052344 0.116667
0 0.223438 0.603472 0.040625 0.112500
0 0.391406 0.656250 0.065625 0.095833
0 0.174609 0.416667 0.050781 0.163889
0 0.385937 0.103472 0.043750 0.131944
0 0.314844 0.559722 0.057813 0.069444
0 0.174219 0.571528 0.048438 0.129167
0 0.634375 0.640972 0.076563 0.079167
0 0.138672 0.500000 0.042969 0.105556
0 0.875391 0.256944 0.042969 0.105556
0 0.816016 0.129167 0.044531 0.113889
0 0.607812 0.371528 0.087500 0.093056
0 0.885938 0.181944 0.057813 0.072222
0 0.254688 0.821528 0.073438 0.093056
0 0.167578 0.823611 0.050781 0.075000
0 0.241797 0.207639 0.078906 0.093056
0 0.748437 0.951389 0.053125 0.075000
0 0.124219 0.270833 0.039062 0.113889
0 0.309375 0.254861 0.054688 0.126389
0 0.155859 0.755556 0.042969 0.061111
0 0.344922 0.089583 0.055469 0.104167
