0 0.240601 0.132951 0.0600784 0.11856
0 0.361196 0.287187 0.0660773 0.129419
0 0.302256 0.490573 0.0820646 0.090043
0 0.135545 0.259137 0.0466191 0.116785
0 0.426351 0.719537 0.0755407 0.0854608
0 0.857475 0.775366 0.0549221 0.0928389
0 0.419913 0.570827 0.0731989 0.0787615
0 0.519718 0.183546 0.0841408 0.0905801
0 0.568971 0.346211 0.0859804 0.0984934
0 0.349894 0.613449 0.0542448 0.160574
0 0.501848 0.734218 0.0418289 0.120475
0 0.203594 0.53506 0.0575906 0.126832
0 0.546928 0.739606 0.0549233 0.119926
0 0.681165 0.733148 0.0526247 0.138333
0 0.598689 0.718384 0.0539304 0.1274
0 0.359602 0.402754 0.0665331 0.127524
0 0.198366 0.141241 0.0450012 0.109625
0 0.532831 0.267049 0.0485149 0.0942812
0 0.18085 0.638719 0.0576397 0.133111
0 0.227172 0.250084 0.0839958 0.102258
0 0.157204 0.706886 0.062744 0.0872196
0 0.812691 0.457404 0.0543957 0.112802
0 0.480727 0.489929 0.0633957 0.154526
0 0.525947 0.545416 0.0603224 0.123929
0 0.862115 0.205798 0.0483656 0.0773438
0 0.131141 0.184868 0.0474811 0.0574892
