0 0.119922 0.253472 0.042969 0.106944
0 0.152734 0.187500 0.032031 0.111111
0 0.118750 0.419444 0.045312 0.063889
0 0.125391 0.493056 0.041406 0.075000
0 0.134766 0.634722 0.033594 0.075000
0 0.153906 0.775000 0.043750 0.102778
0 0.296094 0.144444 0.051562 0.069444
0 0.528906 0.931250 0.059375 0.101389
0 0.514844 0.704861 0.051562 0.109722
0 0.502734 0.603472 0.044531 0.093056
0 0.568750 0.585417 0.054688 0.109722
0 0.655469 0.718056 0.046875 0.102778
0 0.694531 0.690278 0.039062 0.058333
0 0.698047 0.593750 0.046094 0.109722
0 0.762891 0.638194 0.050781 0.059722
0 0.784766 0.709028 0.038281 0.093056
0 0.791797 0.567361 0.052344 0.118056
0 0.836328 0.721528 0.049219 0.093056
0 0.803906 0.907639 0.037500 0.073611
0 0.876953 0.829167 0.039844 0.058333
0 0.885156 0.891667 0.040625 0.055556
0 0.871875 0.323611 0.040625 0.088889
0 0.834766 0.134028 0.035156 0.076389
0 0.863281 0.115972 0.035937 0.073611
0 0.876172 0.078472 0.050781 0.059722
0 0.767969 0.072917 0.046875 0.065278
0 0.719531 0.065278 0.045312 0.072222
0 0.699219 0.111806 0.067187 0.076389
