0 0.122656 0.620139 0.040625 0.084722
0 0.160547 0.666667 0.057031 0.088889
0 0.642578 0.592361 0.049219 0.106944
0 0.667188 0.427083 0.050000 0.129167
0 0.380469 0.920833 0.046875 0.094444
0 0.844531 0.827778 0.057813 0.077778
0 0.655078 0.647917 0.074219 0.079167
0 0.460547 0.933333 0.060156 0.077778
0 0.633203 0.765972 0.039844 0.131944
0 0.814453 0.258333 0.046094 0.122222
0 0.242188 0.090278 0.032813 0.080556
0 0.794531 0.815972 0.042188 0.062500
0 0.742969 0.666667 0.056250 0.116667
0 0.599219 0.644444 0.059375 0.063889
0 0.856250 0.149306 0.051562 0.045833
0 0.862500 0.108333 0.059375 0.061111
0 0.594531 0.376389 0.070312 0.069444
0 0.838672 0.314583 0.038281 0.120833
0 0.522266 0.651389 0.083594 0.080556
0 0.783594 0.585417 0.059375 0.087500
0 0.520703 0.368056 0.064844 0.083333
0 0.508594 0.093056 0.068750 0.080556
0 0.552344 0.063194 0.050000 0.087500
0 0.616406 0.071528 0.048438 0.101389
0 0.674609 0.186806 0.047656 0.112500
0 0.851953 0.516667 0.047656 0.108333
0 0.883203 0.136806 0.027344 0.095833
0 0.120313 0.679861 0.031250 0.084722
