0 0.472075 0.195018 0.0663157 0.100668
0 0.269482 0.712965 0.0762705 0.0921448
0 0.639728 0.737917 0.0732635 0.091354
0 0.370315 0.333617 0.0823735 0.0956233
0 0.139536 0.336442 0.0584848 0.0931341
0 0.856921 0.777182 0.0542542 0.0969072
0 0.593747 0.391121 0.0666394 0.121793
0 0.232256 0.102142 0.0853734 0.0885844
0 0.523718 0.256562 0.0987129 0.110316
0 0.328338 0.0887925 0.0655336 0.0810863
0 0.349027 0.713037 0.0827787 0.105158
0 0.277282 0.519689 0.0806597 0.113954
0 0.340077 0.173994 0.0738569 0.109286
0 0.346945 0.566246 0.0576413 0.125151
0 0.875596 0.626237 0.062785 0.114667
0 0.43068 0.104942 0.0743469 0.113711
0 0.51246 0.596412 0.0616821 0.0980462
0 0.32282 0.466302 0.0435929 0.107644
0 0.520349 0.521598 0.0755693 0.100123
0 0.514663 0.725976 0.0528399 0.126373
0 0.558806 0.717804 0.0549194 0.117673
0 0.136385 0.246709 0.0455349 0.0903018
0 0.875347 0.458486 0.0687134 0.0932916
0 0.397925 0.566517 0.0623011 0.114154
0 0.158137 0.692293 0.0762661 0.0878089
0 0.134149 0.186121 0.0463036 0.0626689
