0 0.575391 0.732639 0.072656 0.081944
0 0.381250 0.601389 0.073438 0.113889
0 0.508594 0.084722 0.068750 0.105556
0 0.505469 0.720833 0.064062 0.086111
0 0.291797 0.850000 0.074219 0.083333
0 0.473438 0.618750 0.056250 0.079167
0 0.283984 0.577083 0.069531 0.115278
0 0.310156 0.171528 0.054688 0.131944
0 0.130469 0.608333 0.051562 0.069444
0 0.170703 0.786806 0.049219 0.076389
0 0.137891 0.811806 0.044531 0.112500
0 0.217578 0.806944 0.047656 0.122222
0 0.165625 0.437500 0.060937 0.091667
0 0.126562 0.443750 0.032813 0.134722
0 0.118750 0.351389 0.051562 0.091667
0 0.174219 0.271528 0.043750 0.101389
0 0.210156 0.303472 0.045312 0.118056
0 0.268359 0.231944 0.060156 0.113889
0 0.665625 0.090278 0.046875 0.105556
0 0.632422 0.118750 0.042969 0.104167
0 0.118750 0.237500 0.050000 0.072222
0 0.185156 0.190972 0.076563 0.084722
0 0.252734 0.520139 0.061719 0.079167
0 0.313281 0.468056 0.076563 0.083333
0 0.869141 0.402083 0.042969 0.104167
0 0.130859 0.533333 0.060156 0.075000
