0 0.239355 0.137457 0.0602008 0.118657
0 0.2365 0.25013 0.0810826 0.117641
0 0.353746 0.404717 0.0799997 0.105984
0 0.887195 0.240003 0.056403 0.0833261
0 0.426079 0.718349 0.0712726 0.0858214
0 0.545651 0.737165 0.0529379 0.124818
0 0.519378 0.183762 0.0842485 0.0910118
0 0.291368 0.469268 0.077162 0.0965851
0 0.855727 0.776122 0.0532429 0.0968636
0 0.348495 0.624284 0.0548396 0.138241
0 0.134005 0.257804 0.0467897 0.116387
0 0.360859 0.290999 0.0683156 0.127465
0 0.679619 0.73446 0.0507181 0.135483
0 0.417071 0.570313 0.0737564 0.0806573
0 0.166544 0.582679 0.0607664 0.135046
0 0.601428 0.721789 0.0484999 0.140147
0 0.484544 0.71909 0.0660051 0.0905226
0 0.524934 0.550115 0.0646438 0.1174
0 0.663944 0.422711 0.0539656 0.141949
0 0.531858 0.289676 0.0452133 0.12674
0 0.197938 0.136335 0.0433754 0.120963
0 0.479741 0.483525 0.0640936 0.16059
0 0.151165 0.457755 0.0465495 0.139665
0 0.152376 0.693603 0.0686424 0.0932271
0 0.789099 0.42316 0.0629279 0.0849218
0 0.131893 0.184571 0.0470566 0.0567796
