0 0.216337 0.214204 0.0497792 0.130749
0 0.2953 0.662087 0.0751539 0.0986979
0 0.255109 0.28601 0.0673686 0.101383
0 0.586243 0.653403 0.0934527 0.0937809
0 0.614444 0.343315 0.0845457 0.0986486
0 0.334808 0.36413 0.0571804 0.165879
0 0.571964 0.484304 0.0777483 0.131633
0 0.24856 0.511274 0.0875066 0.10155
0 0.742056 0.274457 0.0735672 0.0925924
0 0.357415 0.587883 0.0672528 0.0829849
0 0.410611 0.595838 0.0516942 0.141226
0 0.406697 0.487842 0.0849108 0.0942771
0 0.145943 0.175321 0.0638331 0.10579
0 0.317624 0.159767 0.0807385 0.11887
0 0.14371 0.354258 0.0613728 0.129492
0 0.185383 0.697445 0.0709377 0.0906115
0 0.163458 0.606456 0.0667696 0.101972
0 0.14104 0.720504 0.0421263 0.117041
0 0.22267 0.0337115 0.0729739 0.067423
0 0.833334 0.471494 0.0577402 0.0880617
0 0.657397 0.412946 0.0580562 0.142186
0 0.234943 0.0955244 0.0789386 0.0944141
0 0.325254 0.0440829 0.0680988 0.0881658
