0 0.474219 0.304167 0.079687 0.194444
0 0.193750 0.444444 0.067187 0.119444
0 0.148047 0.205556 0.050781 0.138889
0 0.238281 0.386806 0.084375 0.140278
0 0.189453 0.304861 0.075781 0.118056
0 0.846094 0.672917 0.048438 0.120833
0 0.764453 0.311111 0.060156 0.152778
0 0.784375 0.679167 0.060937 0.119444
0 0.574219 0.718750 0.067187 0.129167
0 0.143359 0.086806 0.038281 0.109722
0 0.458203 0.140972 0.099219 0.143056
0 0.861328 0.770833 0.077344 0.091667
0 0.242969 0.604861 0.085938 0.159722
0 0.785156 0.775000 0.053125 0.075000
0 0.196484 0.078472 0.058594 0.154167
0 0.251172 0.110417 0.060156 0.156944
0 0.195703 0.182639 0.061719 0.084722
0 0.477734 0.427778 0.097656 0.105556
0 0.613281 0.704861 0.031250 0.106944
