0 0.150391 0.231250 0.038281 0.109722
0 0.106641 0.289583 0.041406 0.098611
0 0.133984 0.477778 0.055469 0.066667
0 0.198828 0.479861 0.046094 0.109722
0 0.139844 0.623611 0.042188 0.080556
0 0.148047 0.775694 0.035156 0.101389
0 0.380469 0.916667 0.045312 0.086111
0 0.502344 0.591667 0.037500 0.108333
0 0.544922 0.660417 0.052344 0.056944
0 0.599219 0.694444 0.035937 0.116667
0 0.625391 0.653472 0.050781 0.056944
0 0.800781 0.910417 0.032813 0.084722
0 0.874219 0.831944 0.048438 0.055556
0 0.701172 0.690278 0.038281 0.100000
0 0.683203 0.591667 0.044531 0.091667
0 0.751953 0.631250 0.047656 0.056944
0 0.800781 0.696528 0.031250 0.120833
0 0.793750 0.575000 0.054688 0.105556
0 0.858594 0.540278 0.040625 0.097222
0 0.871094 0.331250 0.040625 0.090278
0 0.615234 0.277778 0.036719 0.136111
0 0.704297 0.104167 0.064844 0.069444
0 0.724609 0.063194 0.044531 0.059722
0 0.810937 0.069444 0.037500 0.063889
0 0.825781 0.100000 0.026562 0.080556
0 0.854297 0.077083 0.038281 0.090278
0 0.862109 0.107639 0.028906 0.098611
0 0.262891 0.254861 0.053906 0.084722
