0 0.277344 0.097917 0.057813 0.073611
0 0.201172 0.448611 0.063281 0.100000
0 0.176563 0.274306 0.045312 0.120833
0 0.116406 0.405556 0.039062 0.116667
0 0.144141 0.536806 0.039844 0.068056
0 0.114453 0.538889 0.039844 0.119444
0 0.140625 0.909722 0.037500 0.077778
0 0.515625 0.540278 0.040625 0.113889
0 0.278906 0.945139 0.053125 0.084722
0 0.522656 0.764583 0.075000 0.084722
0 0.508594 0.096528 0.079687 0.087500
0 0.332422 0.203472 0.058594 0.109722
0 0.158594 0.825694 0.043750 0.084722
0 0.869922 0.561111 0.050781 0.069444
0 0.866406 0.620833 0.050000 0.061111
0 0.649219 0.315278 0.075000 0.086111
0 0.833594 0.428472 0.059375 0.079167
0 0.567578 0.422917 0.069531 0.098611
0 0.568750 0.611111 0.042188 0.127778
0 0.732031 0.185417 0.042188 0.112500
0 0.607422 0.107639 0.055469 0.126389
0 0.839063 0.354167 0.062500 0.083333
0 0.316406 0.484722 0.060937 0.075000
0 0.404687 0.736806 0.051562 0.087500
0 0.719531 0.076389 0.053125 0.061111
0 0.111719 0.234722 0.031250 0.097222
0 0.178906 0.369444 0.060937 0.080556
