0 0.173437 0.153472 0.051562 0.134722
0 0.125781 0.229167 0.057813 0.075000
0 0.131250 0.292361 0.060937 0.095833
0 0.383984 0.641667 0.064844 0.075000
0 0.237891 0.439583 0.060156 0.131944
0 0.426953 0.070833 0.067969 0.075000
0 0.142187 0.519444 0.034375 0.102778
0 0.111328 0.468056 0.027344 0.080556
0 0.118359 0.545833 0.041406 0.161111
0 0.193359 0.445139 0.049219 0.145833
0 0.201172 0.606944 0.049219 0.133333
0 0.152734 0.719444 0.038281 0.122222
0 0.276172 0.689583 0.082031 0.090278
0 0.305078 0.415972 0.061719 0.134722
0 0.146484 0.913194 0.053906 0.065278
0 0.136328 0.829861 0.052344 0.068056
0 0.355469 0.455556 0.056250 0.161111
0 0.450781 0.646528 0.085938 0.101389
0 0.739844 0.954167 0.060937 0.086111
0 0.806641 0.560417 0.038281 0.098611
0 0.771094 0.490278 0.057813 0.086111
0 0.566797 0.305556 0.042969 0.144444
0 0.762109 0.259722 0.053906 0.072222
0 0.645703 0.491667 0.063281 0.102778
0 0.579688 0.099306 0.065625 0.095833
0 0.794141 0.148611 0.064844 0.083333
