0 0.191406 0.488889 0.051562 0.116667
0 0.232031 0.445139 0.073438 0.126389
0 0.221875 0.315278 0.062500 0.100000
0 0.155469 0.356944 0.071875 0.097222
0 0.198828 0.131944 0.069531 0.102778
0 0.354687 0.068750 0.078125 0.118056
0 0.419141 0.111111 0.061719 0.161111
0 0.403125 0.276389 0.065625 0.150000
0 0.848437 0.522222 0.035937 0.125000
0 0.518359 0.390972 0.071094 0.176389
0 0.335156 0.476389 0.076563 0.116667
0 0.343359 0.559028 0.066406 0.081944
0 0.498828 0.593750 0.083594 0.106944
0 0.531641 0.697222 0.066406 0.147222
0 0.495703 0.750000 0.066406 0.094444
0 0.578906 0.584028 0.065625 0.134722
0 0.598047 0.457639 0.061719 0.154167
0 0.659375 0.445833 0.084375 0.105556
0 0.691406 0.320139 0.073438 0.109722
0 0.882422 0.547222 0.050781 0.125000
0 0.871094 0.180556 0.046875 0.105556
0 0.512500 0.146528 0.093750 0.118056
0 0.573047 0.067361 0.074219 0.112500
