0 0.401239 0.733559 0.0557552 0.124731
0 0.281121 0.489099 0.0789021 0.0934397
0 0.262788 0.201878 0.0702402 0.091676
0 0.189913 0.124082 0.0470876 0.147552
0 0.483166 0.274778 0.0447763 0.154346
0 0.222779 0.180973 0.0553496 0.118921
0 0.359147 0.424915 0.0618198 0.0877945
0 0.85892 0.771253 0.0574892 0.0922112
0 0.339922 0.66828 0.0576093 0.16408
0 0.530592 0.272257 0.0537016 0.170874
0 0.605318 0.668705 0.069705 0.0681356
0 0.435168 0.567317 0.0876056 0.103793
0 0.420122 0.214171 0.0600255 0.121541
0 0.193807 0.336295 0.0589022 0.152543
0 0.174681 0.63167 0.0753475 0.102982
0 0.861048 0.423623 0.0518646 0.106164
0 0.143355 0.515294 0.0603946 0.134574
0 0.469599 0.404111 0.0453157 0.130503
0 0.118529 0.191937 0.054221 0.0605915
0 0.166594 0.754264 0.0544152 0.11013
0 0.612734 0.409362 0.0717369 0.108013
0 0.136907 0.241572 0.0422558 0.105113
0 0.233589 0.718401 0.0647708 0.11012
0 0.857848 0.575606 0.0544214 0.105535
0 0.659117 0.240979 0.0710672 0.105195
0 0.21366 0.605414 0.0513947 0.148031
