0 0.114453 0.577778 0.033594 0.069444
0 0.280078 0.256250 0.066406 0.068056
0 0.313672 0.820139 0.058594 0.070833
0 0.893359 0.582639 0.039844 0.098611
0 0.380859 0.921528 0.055469 0.090278
0 0.799609 0.069444 0.049219 0.122222
0 0.648438 0.639583 0.073438 0.079167
0 0.450000 0.926389 0.065625 0.088889
0 0.591797 0.722917 0.052344 0.106944
0 0.793750 0.325694 0.054688 0.087500
0 0.624609 0.437500 0.039844 0.100000
0 0.296875 0.172222 0.042188 0.080556
0 0.735938 0.643056 0.070312 0.061111
0 0.586719 0.651389 0.064062 0.052778
0 0.853906 0.234722 0.056250 0.102778
0 0.852734 0.155556 0.047656 0.100000
0 0.839844 0.336111 0.032813 0.075000
0 0.517578 0.648611 0.083594 0.080556
0 0.825000 0.293750 0.043750 0.076389
0 0.516406 0.375000 0.078125 0.083333
0 0.505078 0.088194 0.067969 0.079167
0 0.558594 0.071528 0.045312 0.118056
0 0.602344 0.065278 0.046875 0.102778
0 0.714453 0.332639 0.052344 0.129167
0 0.663281 0.441667 0.040625 0.138889
0 0.869922 0.126389 0.032031 0.069444
0 0.150781 0.679861 0.050000 0.093056
0 0.614062 0.387500 0.078125 0.102778
