0 0.279315 0.472693 0.0652178 0.0983733
0 0.67635 0.524193 0.0623339 0.155442
0 0.295435 0.130179 0.0825631 0.103957
0 0.734407 0.531639 0.0556341 0.142616
0 0.447295 0.49175 0.0630306 0.13287
0 0.15955 0.180641 0.0640813 0.103485
0 0.263673 0.247399 0.0638781 0.097224
0 0.583323 0.327243 0.0662303 0.0999049
0 0.355582 0.616559 0.0601007 0.119512
0 0.891848 0.811617 0.0371321 0.0988342
0 0.130129 0.414805 0.0423508 0.139828
0 0.734138 0.234515 0.0536272 0.121825
0 0.219814 0.0483485 0.0677928 0.096697
0 0.358252 0.135928 0.0569354 0.165527
0 0.649896 0.350544 0.0826589 0.110769
0 0.360922 0.508258 0.0960269 0.106342
0 0.166699 0.422803 0.0611293 0.102756
0 0.339845 0.442193 0.0551825 0.162235
0 0.179296 0.616711 0.0563159 0.124821
0 0.145207 0.63472 0.0488567 0.12977
0 0.322501 0.043803 0.0557348 0.0876061
0 0.816976 0.338253 0.0476956 0.0776337
0 0.205237 0.0432701 0.0449753 0.0865403
