0 0.369141 0.443750 0.044531 0.131944
0 0.655859 0.484028 0.053906 0.151389
0 0.475391 0.261806 0.080469 0.112500
0 0.829688 0.686111 0.073438 0.102778
0 0.558984 0.468750 0.069531 0.137500
0 0.869531 0.125694 0.059375 0.090278
0 0.353125 0.311111 0.070312 0.108333
0 0.330078 0.652083 0.052344 0.126389
0 0.530469 0.289583 0.051562 0.159722
0 0.155078 0.529861 0.072656 0.093056
0 0.722656 0.374306 0.065625 0.093056
0 0.891406 0.409722 0.040625 0.111111
0 0.380469 0.079167 0.095312 0.100000
0 0.783984 0.343056 0.060156 0.169444
0 0.397266 0.636806 0.074219 0.112500
0 0.362109 0.699306 0.077344 0.095833
0 0.898047 0.215972 0.060156 0.098611
0 0.374219 0.216667 0.071875 0.133333
0 0.852734 0.483333 0.066406 0.100000
0 0.844531 0.410417 0.065625 0.106944
