0 0.282806 0.470288 0.0578662 0.126886
0 0.455569 0.0503557 0.0909237 0.100711
0 0.231393 0.0517382 0.0475423 0.103476
0 0.524751 0.390477 0.0960247 0.119398
0 0.734655 0.235265 0.0660099 0.105837
0 0.299041 0.142155 0.0715566 0.115364
0 0.200365 0.698912 0.0625224 0.0860742
0 0.679323 0.528319 0.082087 0.149338
0 0.357649 0.144717 0.0588559 0.170951
0 0.149186 0.21949 0.0453047 0.140324
0 0.164429 0.471263 0.044851 0.13567
0 0.64867 0.351911 0.0877119 0.109381
0 0.332226 0.514558 0.0565565 0.163953
0 0.140487 0.628702 0.0522823 0.147434
0 0.366458 0.571654 0.0602441 0.119698
0 0.743075 0.538319 0.0597128 0.122752
0 0.58199 0.324992 0.0601562 0.10798
0 0.445523 0.487614 0.0612139 0.137384
0 0.131042 0.142514 0.0461079 0.122098
0 0.235294 0.634534 0.0632869 0.121424
0 0.12742 0.490064 0.0455871 0.121357
0 0.320315 0.0479829 0.0699495 0.0959658
