0 0.324576 0.5203 0.0550079 0.147346
0 0.459435 0.0531712 0.0778854 0.106342
0 0.675776 0.520906 0.0619387 0.169454
0 0.525895 0.391273 0.0962584 0.115468
0 0.294154 0.123945 0.0831823 0.110099
0 0.582801 0.327174 0.0573835 0.0993614
0 0.732775 0.532417 0.0554918 0.147046
0 0.35908 0.135148 0.0558183 0.168233
0 0.444815 0.491283 0.0610249 0.135614
0 0.138642 0.310756 0.0463234 0.146092
0 0.158852 0.178251 0.0645064 0.104631
0 0.201603 0.586994 0.0660402 0.0920068
0 0.220124 0.0465766 0.0530992 0.0931532
0 0.140681 0.630232 0.0504042 0.140184
0 0.646498 0.336641 0.0887268 0.140713
0 0.279585 0.476261 0.0687045 0.106587
0 0.164973 0.458211 0.0459292 0.132516
0 0.774463 0.782259 0.0694294 0.0695964
0 0.203987 0.495745 0.0635128 0.0903651
0 0.734555 0.235572 0.0612703 0.123598
0 0.364233 0.564185 0.0769289 0.101087
0 0.308411 0.0360216 0.046361 0.0720432
0 0.315518 0.0400668 0.0575526 0.0801336
0 0.324677 0.0437756 0.0717403 0.0875512
