0 0.537500 0.500694 0.048438 0.156944
0 0.576172 0.150000 0.058594 0.161111
0 0.444922 0.464583 0.088281 0.104167
0 0.646094 0.322917 0.093750 0.115278
0 0.476172 0.666667 0.082031 0.108333
0 0.350000 0.129167 0.053125 0.161111
0 0.433203 0.350694 0.080469 0.131944
0 0.379688 0.288194 0.085938 0.109722
0 0.378125 0.427083 0.078125 0.126389
0 0.651172 0.636111 0.055469 0.150000
0 0.712500 0.427083 0.057813 0.151389
0 0.506250 0.079861 0.085938 0.115278
0 0.798828 0.525000 0.047656 0.105556
0 0.681641 0.688889 0.038281 0.133333
0 0.586719 0.374306 0.085938 0.145833
0 0.737109 0.334722 0.071094 0.116667
0 0.758984 0.438889 0.052344 0.125000
0 0.816797 0.618750 0.082031 0.101389
0 0.838281 0.674306 0.067187 0.079167
