0 0.895312 0.771528 0.054688 0.143056
0 0.807031 0.711806 0.051562 0.109722
0 0.121875 0.372222 0.045312 0.088889
0 0.684375 0.180556 0.079687 0.108333
0 0.576562 0.162500 0.090625 0.133333
0 0.767578 0.756944 0.060156 0.122222
0 0.694922 0.628472 0.047656 0.156944
0 0.845313 0.118750 0.079687 0.070833
0 0.724609 0.618750 0.032031 0.129167
0 0.886328 0.656250 0.050781 0.081944
0 0.701953 0.734028 0.080469 0.106944
0 0.655859 0.634028 0.041406 0.068056
0 0.565234 0.743056 0.091406 0.113889
0 0.805469 0.782639 0.032813 0.079167
0 0.155859 0.393750 0.057031 0.126389
0 0.183984 0.289583 0.060156 0.093056
0 0.862500 0.736111 0.064062 0.102778
0 0.735156 0.244444 0.073438 0.125000
