0 0.655859 0.733333 0.055469 0.147222
0 0.372266 0.645139 0.071094 0.098611
0 0.177344 0.129167 0.075000 0.136111
0 0.418750 0.678472 0.051562 0.162500
0 0.870703 0.681944 0.041406 0.130556
0 0.680078 0.304861 0.075781 0.137500
0 0.220703 0.289583 0.072656 0.112500
0 0.885938 0.594444 0.050000 0.080556
0 0.334375 0.623611 0.045312 0.122222
0 0.737500 0.769444 0.078125 0.086111
0 0.814844 0.559722 0.067187 0.158333
0 0.253125 0.195139 0.053125 0.081944
0 0.910937 0.446528 0.040625 0.145833
0 0.876953 0.500694 0.039844 0.090278
0 0.687109 0.637500 0.069531 0.088889
0 0.361719 0.064583 0.093750 0.090278
0 0.544531 0.709722 0.051562 0.127778
0 0.794922 0.661806 0.078906 0.076389
0 0.568750 0.477083 0.085938 0.106944
0 0.198047 0.206944 0.052344 0.133333
0 0.795703 0.759722 0.039844 0.141667
