0 0.125000 0.661111 0.048438 0.058333
0 0.119141 0.593056 0.039844 0.091667
0 0.268750 0.480556 0.051562 0.083333
0 0.239063 0.518750 0.043750 0.081944
0 0.186328 0.811111 0.042969 0.100000
0 0.134375 0.802778 0.029687 0.055556
0 0.121484 0.743056 0.046094 0.080556
0 0.133203 0.727778 0.053906 0.066667
0 0.317578 0.652083 0.067969 0.079167
0 0.880078 0.713194 0.046094 0.087500
0 0.848437 0.111111 0.039062 0.075000
0 0.519531 0.644444 0.068750 0.083333
0 0.455859 0.594444 0.042969 0.127778
0 0.396094 0.694444 0.046875 0.116667
0 0.646484 0.654861 0.050781 0.068056
0 0.650781 0.760417 0.043750 0.098611
0 0.743750 0.593056 0.045312 0.111111
0 0.888672 0.332639 0.046094 0.076389
0 0.875781 0.257639 0.046875 0.087500
0 0.920312 0.768056 0.045312 0.061111
0 0.778516 0.573611 0.050781 0.122222
0 0.747266 0.318056 0.061719 0.066667
0 0.768359 0.054861 0.058594 0.062500
0 0.795703 0.102083 0.035156 0.076389
0 0.781250 0.633333 0.053125 0.058333
0 0.834766 0.067361 0.047656 0.054167
0 0.756641 0.115972 0.060156 0.081944
0 0.660156 0.502778 0.040625 0.094444
