0 0.567578 0.925694 0.053906 0.087500
0 0.707031 0.935417 0.043750 0.079167
0 0.746484 0.923611 0.038281 0.102778
0 0.781641 0.870139 0.044531 0.095833
0 0.809766 0.911806 0.032031 0.076389
0 0.787109 0.943056 0.047656 0.050000
0 0.876172 0.827778 0.036719 0.061111
0 0.794922 0.680556 0.038281 0.094444
0 0.835938 0.706944 0.064062 0.083333
0 0.699609 0.590278 0.055469 0.094444
0 0.625000 0.604861 0.029687 0.093056
0 0.603516 0.697917 0.058594 0.054167
0 0.523047 0.645139 0.058594 0.068056
0 0.806641 0.597222 0.055469 0.061111
0 0.844531 0.570139 0.042188 0.106944
0 0.862891 0.501389 0.050781 0.077778
0 0.830859 0.422917 0.036719 0.098611
0 0.865625 0.375000 0.034375 0.105556
0 0.841406 0.275000 0.053125 0.119444
0 0.878125 0.327083 0.032813 0.068056
0 0.711719 0.309028 0.045312 0.123611
0 0.628125 0.390972 0.042188 0.120833
0 0.548047 0.366667 0.060156 0.080556
0 0.679297 0.118750 0.042969 0.070833
0 0.762891 0.100694 0.044531 0.073611
0 0.832422 0.074306 0.039844 0.059722
0 0.865234 0.095139 0.042969 0.076389
0 0.883203 0.009722 0.036719 0.016667
