0 0.487891 0.248611 0.063281 0.163889
0 0.455859 0.695139 0.057031 0.151389
0 0.830469 0.686111 0.073438 0.102778
0 0.394922 0.627083 0.061719 0.134722
0 0.355469 0.281944 0.051562 0.136111
0 0.350391 0.452083 0.049219 0.126389
0 0.326562 0.634722 0.056250 0.119444
0 0.752344 0.489583 0.078125 0.095833
0 0.826953 0.562500 0.046094 0.133333
0 0.601172 0.287500 0.067969 0.147222
0 0.344531 0.717361 0.062500 0.104167
0 0.155078 0.519444 0.064844 0.091667
0 0.503906 0.429861 0.084375 0.109722
0 0.587109 0.127778 0.083594 0.127778
0 0.773047 0.331250 0.049219 0.170833
0 0.361328 0.077083 0.088281 0.106944
0 0.853125 0.334028 0.057813 0.115278
0 0.534766 0.288889 0.042969 0.169444
0 0.875000 0.504861 0.082812 0.101389
0 0.885938 0.431944 0.075000 0.083333
0 0.723437 0.371528 0.068750 0.098611
0 0.890234 0.268750 0.038281 0.115278
