0 0.505859 0.518750 0.053906 0.156944
0 0.843359 0.822917 0.046094 0.115278
0 0.580469 0.829861 0.079687 0.093056
0 0.603906 0.626389 0.089063 0.127778
0 0.151953 0.408333 0.044531 0.105556
0 0.899219 0.531944 0.037500 0.138889
0 0.907422 0.284722 0.058594 0.119444
0 0.833203 0.425694 0.086719 0.093056
0 0.841406 0.499306 0.073438 0.084722
0 0.859766 0.539583 0.049219 0.123611
0 0.239453 0.762500 0.049219 0.122222
0 0.552344 0.343750 0.109375 0.101389
0 0.567969 0.474306 0.085938 0.104167
0 0.603125 0.307639 0.087500 0.115278
0 0.808203 0.725000 0.072656 0.086111
0 0.609375 0.222917 0.096875 0.101389
0 0.860547 0.386806 0.058594 0.143056
0 0.556641 0.374306 0.121094 0.148611
0 0.567969 0.399306 0.098437 0.098611
0 0.877734 0.154861 0.061719 0.070833
0 0.836328 0.412500 0.097656 0.116667
0 0.903516 0.354861 0.063281 0.168056
