0 0.183984 0.537500 0.032031 0.091667
0 0.118359 0.575000 0.036719 0.061111
0 0.125000 0.635417 0.032813 0.068056
0 0.147656 0.697222 0.051562 0.058333
0 0.229687 0.768056 0.029687 0.108333
0 0.459375 0.922917 0.032813 0.076389
0 0.598047 0.922917 0.050781 0.090278
0 0.547656 0.722917 0.059375 0.087500
0 0.506250 0.574306 0.042188 0.101389
0 0.696484 0.728472 0.033594 0.109722
0 0.656641 0.649306 0.078906 0.079167
0 0.702344 0.561806 0.059375 0.059722
0 0.603906 0.541667 0.056250 0.105556
0 0.565234 0.377083 0.066406 0.081944
0 0.814453 0.903472 0.038281 0.079167
0 0.839453 0.898611 0.021094 0.077778
0 0.829297 0.243056 0.046094 0.102778
0 0.839063 0.313194 0.034375 0.109722
0 0.882812 0.125000 0.048438 0.080556
0 0.861328 0.180556 0.036719 0.083333
0 0.664062 0.173611 0.043750 0.108333
0 0.533203 0.057639 0.055469 0.073611
0 0.577734 0.056250 0.041406 0.095833
0 0.616016 0.057639 0.041406 0.101389
