0 0.585156 0.273611 0.067187 0.138889
0 0.276172 0.438194 0.057031 0.190278
0 0.142578 0.200000 0.085156 0.102778
0 0.159766 0.279167 0.063281 0.097222
0 0.153516 0.548611 0.055469 0.141667
0 0.479687 0.270833 0.054688 0.175000
0 0.330469 0.126389 0.073438 0.158333
0 0.874609 0.297917 0.050781 0.115278
0 0.777734 0.459722 0.080469 0.100000
0 0.598437 0.743750 0.081250 0.093056
0 0.874219 0.631250 0.070312 0.120833
0 0.705859 0.171528 0.083594 0.098611
0 0.333984 0.434722 0.061719 0.169444
0 0.610938 0.070833 0.092188 0.102778
0 0.313281 0.245139 0.054688 0.115278
0 0.798438 0.370833 0.075000 0.108333
0 0.129688 0.445139 0.064062 0.109722
