0 0.246484 0.338889 0.055469 0.169444
0 0.400781 0.236806 0.057813 0.148611
0 0.162500 0.303472 0.040625 0.081944
0 0.530859 0.229861 0.052344 0.179167
0 0.189844 0.125000 0.051562 0.138889
0 0.294141 0.418056 0.050781 0.108333
0 0.246875 0.199306 0.082812 0.104167
0 0.193750 0.368056 0.062500 0.100000
0 0.133984 0.204167 0.050781 0.102778
0 0.195703 0.250000 0.052344 0.097222
0 0.668359 0.739583 0.082031 0.109722
0 0.197656 0.659028 0.051562 0.151389
0 0.170313 0.486111 0.064062 0.086111
0 0.471875 0.575000 0.095312 0.105556
0 0.575000 0.670139 0.075000 0.076389
0 0.619531 0.350000 0.090625 0.102778
0 0.358984 0.153472 0.047656 0.140278
0 0.210156 0.549306 0.078125 0.126389
0 0.455859 0.162500 0.057031 0.091667
0 0.491406 0.765972 0.076563 0.151389
0 0.365234 0.554861 0.071094 0.156944
0 0.746094 0.232639 0.057813 0.131944
0 0.749609 0.613889 0.071094 0.083333
0 0.273047 0.506250 0.049219 0.106944
0 0.823438 0.825000 0.046875 0.161111
0 0.876953 0.725694 0.055469 0.104167
