0 0.599219 0.615278 0.043750 0.130556
0 0.450391 0.527083 0.097656 0.098611
0 0.524219 0.281944 0.065625 0.127778
0 0.639453 0.327083 0.066406 0.126389
0 0.882812 0.642361 0.065625 0.084722
0 0.729297 0.586111 0.071094 0.111111
0 0.646484 0.536806 0.097656 0.098611
0 0.719531 0.327083 0.081250 0.095833
0 0.692578 0.644444 0.050781 0.175000
0 0.484766 0.208333 0.085156 0.108333
0 0.770312 0.854167 0.057813 0.077778
0 0.903906 0.731944 0.051562 0.086111
0 0.850391 0.357639 0.066406 0.106944
0 0.882031 0.774306 0.051562 0.076389
0 0.814844 0.845833 0.057813 0.080556
0 0.802734 0.753472 0.072656 0.098611
0 0.833984 0.125694 0.052344 0.120833
0 0.590625 0.210417 0.085938 0.129167
0 0.880859 0.219444 0.046094 0.155556
0 0.872266 0.137500 0.053906 0.097222
