0 0.128125 0.459028 0.045312 0.143056
0 0.697266 0.131944 0.058594 0.169444
0 0.300391 0.425000 0.063281 0.141667
0 0.158203 0.178472 0.092969 0.101389
0 0.126172 0.305556 0.044531 0.144444
0 0.171484 0.509028 0.072656 0.187500
0 0.289062 0.571528 0.075000 0.084722
0 0.304688 0.120139 0.082812 0.176389
0 0.868750 0.189583 0.057813 0.126389
0 0.767969 0.463194 0.060937 0.137500
0 0.478125 0.122917 0.070312 0.181944
0 0.603125 0.756250 0.071875 0.118056
0 0.875000 0.629167 0.071875 0.122222
0 0.598437 0.061806 0.100000 0.112500
0 0.307422 0.335417 0.078906 0.120833
0 0.253125 0.046528 0.085938 0.090278
0 0.162500 0.300000 0.050000 0.094444
0 0.806250 0.199306 0.067187 0.109722
