0 0.121875 0.575694 0.037500 0.070833
0 0.118750 0.223611 0.043750 0.075000
0 0.319141 0.819444 0.044531 0.091667
0 0.892188 0.576389 0.043750 0.111111
0 0.382422 0.922222 0.052344 0.091667
0 0.680859 0.327083 0.039844 0.120833
0 0.646094 0.640972 0.076563 0.079167
0 0.442188 0.921528 0.062500 0.087500
0 0.594922 0.723611 0.052344 0.100000
0 0.803906 0.347222 0.037500 0.125000
0 0.641016 0.379861 0.055469 0.081944
0 0.300781 0.917361 0.053125 0.101389
0 0.716797 0.087500 0.049219 0.116667
0 0.584375 0.652083 0.067187 0.059722
0 0.879297 0.296528 0.049219 0.087500
0 0.856250 0.149306 0.051562 0.065278
0 0.841406 0.334722 0.031250 0.077778
0 0.517578 0.647222 0.083594 0.083333
0 0.826562 0.294444 0.037500 0.083333
0 0.533984 0.384722 0.075781 0.083333
0 0.512891 0.080556 0.052344 0.130556
0 0.559375 0.072222 0.046875 0.100000
0 0.597656 0.061806 0.043750 0.106944
0 0.757422 0.333333 0.042969 0.138889
0 0.661328 0.439583 0.049219 0.112500
0 0.852734 0.094444 0.032031 0.072222
0 0.148828 0.677083 0.053906 0.098611
0 0.591797 0.434028 0.044531 0.154167
