0 0.889062 0.117361 0.054688 0.068056
0 0.873828 0.167361 0.033594 0.081944
0 0.830078 0.168056 0.042969 0.058333
0 0.830469 0.229861 0.051562 0.073611
0 0.839453 0.308333 0.036719 0.108333
0 0.731641 0.099306 0.046094 0.073611
0 0.585938 0.083333 0.048438 0.105556
0 0.576953 0.377778 0.072656 0.072222
0 0.661328 0.477778 0.038281 0.102778
0 0.741406 0.637500 0.057813 0.063889
0 0.840625 0.913194 0.023438 0.073611
0 0.812500 0.909722 0.025000 0.075000
0 0.791016 0.927778 0.060156 0.050000
0 0.600000 0.920139 0.043750 0.093056
0 0.660937 0.647222 0.056250 0.102778
0 0.596484 0.645139 0.036719 0.134722
0 0.575781 0.609722 0.034375 0.108333
0 0.530469 0.671528 0.054688 0.084722
0 0.561328 0.720139 0.033594 0.137500
0 0.488281 0.757639 0.034375 0.101389
0 0.452344 0.582639 0.084375 0.079167
0 0.601953 0.469444 0.066406 0.066667
0 0.188672 0.550694 0.035156 0.106944
0 0.128125 0.518750 0.037500 0.056944
0 0.123828 0.618750 0.047656 0.059722
0 0.139453 0.685417 0.058594 0.068056
