0 0.278125 0.104861 0.084375 0.090278
0 0.123438 0.252778 0.056250 0.100000
0 0.176563 0.177083 0.053125 0.129167
0 0.131641 0.756944 0.047656 0.086111
0 0.416797 0.143056 0.052344 0.116667
0 0.375781 0.660417 0.079687 0.109722
0 0.878906 0.361806 0.039062 0.076389
0 0.120313 0.506250 0.043750 0.104167
0 0.124609 0.651389 0.039844 0.097222
0 0.379297 0.795833 0.047656 0.130556
0 0.124609 0.428472 0.057031 0.098611
0 0.396484 0.082639 0.044531 0.109722
0 0.143359 0.913194 0.047656 0.068056
0 0.137500 0.829167 0.050000 0.069444
0 0.420312 0.493056 0.054688 0.080556
0 0.489844 0.648611 0.071875 0.100000
0 0.791406 0.585417 0.040625 0.073611
0 0.625391 0.382639 0.083594 0.079167
0 0.860938 0.431250 0.062500 0.098611
0 0.762500 0.251389 0.042188 0.091667
0 0.515234 0.434028 0.053906 0.123611
0 0.497656 0.084028 0.073438 0.090278
0 0.870313 0.299306 0.059375 0.073611
0 0.278125 0.732639 0.064062 0.098611
0 0.285156 0.195833 0.057813 0.122222
0 0.119922 0.348611 0.036719 0.100000
