0 0.470313 0.656250 0.064062 0.162500
0 0.776563 0.471528 0.065625 0.162500
0 0.331641 0.497222 0.058594 0.125000
0 0.851953 0.129861 0.046094 0.165278
0 0.663672 0.151389 0.083594 0.097222
0 0.558203 0.081944 0.077344 0.119444
0 0.353516 0.703472 0.063281 0.106944
0 0.186328 0.295833 0.053906 0.147222
0 0.253125 0.204861 0.060937 0.123611
0 0.674609 0.336111 0.055469 0.147222
0 0.900000 0.447917 0.040625 0.173611
0 0.842969 0.379861 0.064062 0.115278
0 0.789844 0.741667 0.062500 0.152778
0 0.836719 0.741667 0.042188 0.122222
0 0.232422 0.140278 0.052344 0.088889
0 0.855859 0.663194 0.050781 0.109722
0 0.831250 0.579861 0.051562 0.070833
0 0.893750 0.223611 0.076563 0.100000
0 0.226172 0.290972 0.052344 0.134722
0 0.821094 0.450694 0.054688 0.104167
0 0.229687 0.450000 0.085938 0.080556
