0 0.468363 0.523093 0.0939936 0.104185
0 0.601823 0.302001 0.0476179 0.156671
0 0.769599 0.468686 0.0653321 0.0978619
0 0.682537 0.268822 0.0493715 0.16217
0 0.458049 0.228038 0.0805347 0.13688
0 0.56056 0.171885 0.0868778 0.0933567
0 0.85862 0.186642 0.0447773 0.159974
0 0.352018 0.203352 0.0841565 0.118681
0 0.825298 0.590221 0.058643 0.107681
0 0.904396 0.195665 0.0567101 0.0919293
0 0.575696 0.550268 0.0693943 0.0835083
0 0.776542 0.733672 0.0696959 0.101416
0 0.657184 0.606761 0.0700615 0.122702
0 0.337038 0.811416 0.0656304 0.0911841
0 0.214213 0.602995 0.0724951 0.125129
0 0.888361 0.404196 0.0489431 0.134351
0 0.328847 0.664054 0.055012 0.111566
0 0.829871 0.301778 0.0675777 0.0961841
0 0.83318 0.114123 0.0431442 0.0839649
0 0.608842 0.476338 0.0475929 0.155638
0 0.449841 0.0913538 0.0980358 0.103544
