0 0.174609 0.268056 0.066406 0.116667
0 0.376953 0.312500 0.085156 0.083333
0 0.110156 0.598611 0.040625 0.086111
0 0.138281 0.211806 0.028125 0.090278
0 0.116406 0.687500 0.043750 0.102778
0 0.157812 0.825694 0.040625 0.087500
0 0.155078 0.915278 0.036719 0.075000
0 0.320703 0.561806 0.072656 0.070833
0 0.554297 0.593750 0.052344 0.143056
0 0.176563 0.113889 0.054688 0.077778
0 0.426953 0.391667 0.061719 0.100000
0 0.687500 0.312500 0.075000 0.086111
0 0.606641 0.086111 0.064844 0.116667
0 0.587109 0.304167 0.086719 0.077778
0 0.840625 0.545139 0.050000 0.068056
0 0.858984 0.588889 0.049219 0.055556
0 0.852734 0.791667 0.036719 0.100000
0 0.655078 0.846528 0.055469 0.070833
0 0.622656 0.570139 0.050000 0.120833
0 0.882031 0.618750 0.035937 0.084722
0 0.402344 0.053472 0.060937 0.065278
0 0.466016 0.295833 0.085156 0.086111
0 0.399609 0.748611 0.052344 0.119444
0 0.119922 0.532639 0.046094 0.106944
0 0.808203 0.463194 0.042969 0.079167
0 0.691797 0.138889 0.072656 0.097222
0 0.266406 0.103472 0.073438 0.062500
