0 0.742969 0.395139 0.093750 0.115278
0 0.564453 0.451389 0.058594 0.175000
0 0.824219 0.537500 0.051562 0.141667
0 0.878125 0.220833 0.046875 0.130556
0 0.446094 0.327778 0.064062 0.172222
0 0.544141 0.115972 0.082031 0.115278
0 0.736328 0.707639 0.061719 0.115278
0 0.682031 0.212500 0.075000 0.094444
0 0.865234 0.354167 0.064844 0.100000
0 0.733984 0.500000 0.088281 0.100000
0 0.626953 0.667361 0.077344 0.126389
0 0.397656 0.390278 0.076563 0.141667
0 0.244141 0.246528 0.039844 0.115278
0 0.342578 0.302083 0.066406 0.137500
0 0.726172 0.606944 0.082031 0.097222
0 0.803516 0.709028 0.074219 0.101389
0 0.771094 0.618750 0.037500 0.112500
0 0.854297 0.577778 0.072656 0.091667
0 0.800391 0.207639 0.071094 0.118056
0 0.853516 0.613194 0.074219 0.159722
