0 0.160402 0.580329 0.0482208 0.100158
0 0.836723 0.827571 0.0481823 0.116837
0 0.496768 0.515365 0.0920407 0.103664
0 0.813573 0.602242 0.0504002 0.105529
0 0.237404 0.763739 0.0487831 0.126102
0 0.681274 0.666587 0.0846157 0.132938
0 0.762781 0.648594 0.0684954 0.126886
0 0.873285 0.678784 0.0713104 0.0882158
0 0.861262 0.293056 0.0585434 0.0928903
0 0.855891 0.199557 0.050495 0.118858
0 0.757863 0.761944 0.0535509 0.0936944
0 0.864711 0.124566 0.0748165 0.0840978
0 0.685509 0.753546 0.0711534 0.115856
0 0.890247 0.444366 0.0672451 0.103347
0 0.771565 0.659566 0.085994 0.148569
0 0.897126 0.526235 0.0620674 0.0875303
0 0.882986 0.552787 0.0664547 0.110784
0 0.80082 0.697246 0.0402546 0.108891
0 0.829531 0.755919 0.0506222 0.0838998
0 0.883558 0.443905 0.0571733 0.0882242
0 0.350925 0.86509 0.140699 0.0990572
0 0.79366 0.695913 0.054432 0.11689
