0 0.329421 0.262476 0.0603383 0.160848
0 0.580146 0.449976 0.0545521 0.168528
0 0.829236 0.273696 0.0584808 0.14084
0 0.546998 0.283585 0.0954708 0.110748
0 0.384925 0.391803 0.0628634 0.158481
0 0.442295 0.311576 0.0606049 0.130672
0 0.719877 0.747554 0.0750053 0.0934758
0 0.404834 0.212426 0.0683535 0.122765
0 0.834902 0.73769 0.0512489 0.0979402
0 0.720847 0.335515 0.0820751 0.115308
0 0.752033 0.410803 0.0806899 0.0953783
0 0.461901 0.460749 0.0768803 0.135956
0 0.877186 0.467317 0.0484798 0.0859892
0 0.784221 0.625389 0.057057 0.142083
0 0.448517 0.14116 0.0563871 0.145365
0 0.851242 0.519105 0.0741346 0.0909809
0 0.855341 0.356951 0.0825306 0.105321
0 0.373555 0.303993 0.0811991 0.096533
