0 0.505078 0.428472 0.097656 0.101389
0 0.353906 0.309722 0.068750 0.111111
0 0.521484 0.255556 0.074219 0.113889
0 0.802734 0.199306 0.066406 0.123611
0 0.682422 0.250694 0.060156 0.143056
0 0.401172 0.090972 0.088281 0.118056
0 0.173047 0.530556 0.066406 0.086111
0 0.669141 0.470833 0.083594 0.113889
0 0.316797 0.570833 0.052344 0.136111
0 0.321875 0.491667 0.051562 0.105556
0 0.869922 0.138194 0.058594 0.084722
0 0.882812 0.243056 0.040625 0.097222
0 0.499219 0.654167 0.076563 0.088889
0 0.371484 0.588194 0.067969 0.123611
0 0.835938 0.392361 0.048438 0.120833
0 0.849609 0.559722 0.075781 0.102778
0 0.828906 0.697917 0.071875 0.101389
0 0.225391 0.607639 0.052344 0.115278
0 0.604297 0.268056 0.080469 0.111111
0 0.849219 0.649306 0.057813 0.090278
0 0.485156 0.108333 0.075000 0.091667
