0 0.587109 0.251389 0.060156 0.152778
0 0.657031 0.475000 0.079687 0.130556
0 0.587109 0.480556 0.044531 0.116667
0 0.223828 0.606250 0.053906 0.095833
0 0.362109 0.239583 0.069531 0.134722
0 0.638672 0.716667 0.050781 0.133333
0 0.405859 0.463889 0.066406 0.125000
0 0.329688 0.559722 0.050000 0.147222
0 0.379297 0.564583 0.049219 0.126389
0 0.742578 0.551389 0.092969 0.100000
0 0.535156 0.452778 0.090625 0.116667
0 0.893750 0.309722 0.056250 0.097222
0 0.508203 0.277778 0.049219 0.158333
0 0.643359 0.113194 0.086719 0.098611
0 0.725391 0.693056 0.071094 0.108333
0 0.812500 0.508333 0.095312 0.136111
0 0.886328 0.733333 0.035156 0.102778
0 0.546875 0.715972 0.082812 0.104167
0 0.669922 0.615972 0.072656 0.104167
0 0.414062 0.743056 0.087500 0.108333
0 0.239453 0.354167 0.057031 0.091667
0 0.804297 0.334722 0.069531 0.094444
