0 0.453468 0.0500615 0.0842308 0.100123
0 0.283482 0.471187 0.0579112 0.12643
0 0.649577 0.35236 0.087516 0.113371
0 0.232384 0.0510252 0.0478294 0.10205
0 0.200741 0.699411 0.0607432 0.0851066
0 0.581783 0.331616 0.0572776 0.0914324
0 0.522034 0.390889 0.0956234 0.119587
0 0.680182 0.530393 0.0830873 0.137145
0 0.30123 0.141193 0.0707679 0.114586
0 0.743204 0.536371 0.0617828 0.123644
0 0.164638 0.468049 0.0451223 0.120468
0 0.358659 0.148669 0.0585055 0.161102
0 0.141371 0.628265 0.0510438 0.142231
0 0.149962 0.220308 0.0444981 0.137311
0 0.331727 0.513643 0.0553378 0.162983
0 0.366784 0.574592 0.0611044 0.116196
0 0.44515 0.48896 0.0612755 0.134898
0 0.234844 0.633455 0.0632339 0.121448
0 0.131176 0.143985 0.0460872 0.120155
0 0.773578 0.247424 0.0488401 0.15961
0 0.322633 0.0460214 0.0722997 0.0920428
0 0.130667 0.500347 0.0392412 0.110215
