0 0.518712 0.254355 0.0778358 0.11344
0 0.512706 0.431853 0.0815346 0.105629
0 0.658633 0.609468 0.0532776 0.137109
0 0.378877 0.552998 0.0514081 0.158087
0 0.346386 0.21131 0.0825089 0.118529
0 0.678892 0.253395 0.0508121 0.147947
0 0.533463 0.609769 0.0709344 0.120675
0 0.805184 0.204854 0.0691248 0.135823
0 0.173544 0.530813 0.0658287 0.08795
0 0.871374 0.137742 0.0625881 0.0861117
0 0.391042 0.423022 0.0585902 0.0846641
0 0.325664 0.541623 0.0575275 0.125123
0 0.843911 0.553397 0.0627138 0.111497
0 0.353447 0.309429 0.0702693 0.113803
0 0.225687 0.60839 0.051369 0.109786
0 0.854805 0.635757 0.0671909 0.0817539
0 0.836108 0.388392 0.0503216 0.120079
0 0.890535 0.262917 0.0438759 0.096879
0 0.468812 0.121574 0.0600107 0.124891
0 0.828135 0.698233 0.0665596 0.0892927
0 0.842957 0.658375 0.0920216 0.127855
