0 0.160547 0.580556 0.049219 0.100000
0 0.497656 0.513194 0.093750 0.104167
0 0.836328 0.827778 0.046094 0.119444
0 0.816406 0.605556 0.050000 0.102778
0 0.863672 0.290972 0.063281 0.104167
0 0.865234 0.129167 0.074219 0.094444
0 0.685937 0.675694 0.073438 0.143056
0 0.239453 0.762500 0.049219 0.122222
0 0.760938 0.647222 0.070312 0.125000
0 0.756641 0.759722 0.052344 0.091667
0 0.877734 0.679861 0.057031 0.084722
0 0.801953 0.702778 0.036719 0.094444
0 0.827734 0.754861 0.053906 0.106944
0 0.683594 0.754861 0.068750 0.109722
