0 0.246094 0.473611 0.050000 0.127778
0 0.127344 0.718056 0.034375 0.094444
0 0.659375 0.135417 0.037500 0.109722
0 0.126172 0.318750 0.067969 0.076389
0 0.451953 0.432639 0.038281 0.131944
0 0.216406 0.221528 0.059375 0.095833
0 0.529297 0.447917 0.047656 0.137500
0 0.549219 0.722917 0.059375 0.073611
0 0.168750 0.500000 0.059375 0.108333
0 0.115234 0.447222 0.035156 0.127778
0 0.154297 0.418750 0.057031 0.126389
0 0.409375 0.918056 0.057813 0.083333
0 0.545312 0.311111 0.043750 0.127778
0 0.596875 0.686806 0.042188 0.120833
0 0.624219 0.081250 0.048438 0.112500
0 0.180078 0.297917 0.050781 0.095833
0 0.196875 0.605556 0.057813 0.077778
0 0.395313 0.818750 0.056250 0.120833
0 0.870703 0.363194 0.038281 0.123611
0 0.309766 0.195833 0.050781 0.138889
0 0.119141 0.231250 0.049219 0.104167
0 0.260937 0.554861 0.065625 0.101389
0 0.332813 0.774306 0.056250 0.090278
0 0.556250 0.088889 0.084375 0.088889
0 0.347656 0.713889 0.071875 0.108333
0 0.407422 0.661806 0.050781 0.112500
