0 0.241016 0.502083 0.049219 0.070833
0 0.130078 0.713889 0.046094 0.072222
0 0.112109 0.748611 0.024219 0.061111
0 0.140234 0.788194 0.035156 0.037500
0 0.128125 0.831250 0.023438 0.070833
0 0.153516 0.832639 0.030469 0.079167
0 0.197266 0.807639 0.052344 0.070833
0 0.173437 0.896528 0.045312 0.059722
0 0.467969 0.709722 0.045312 0.127778
0 0.508203 0.577778 0.039844 0.113889
0 0.549609 0.640278 0.074219 0.077778
0 0.876563 0.494444 0.037500 0.094444
0 0.890625 0.666667 0.035937 0.086111
0 0.898047 0.704861 0.039844 0.062500
0 0.896875 0.759722 0.042188 0.069444
0 0.899219 0.837500 0.037500 0.072222
0 0.858594 0.809028 0.039062 0.081944
0 0.856641 0.908333 0.039844 0.061111
0 0.817187 0.919444 0.037500 0.066667
0 0.771484 0.931944 0.033594 0.066667
0 0.734375 0.935417 0.039062 0.062500
0 0.871484 0.277778 0.049219 0.069444
0 0.806641 0.136806 0.036719 0.104167
0 0.782422 0.076389 0.036719 0.077778
0 0.739062 0.069444 0.031250 0.091667
0 0.753125 0.119444 0.043750 0.069444
0 0.703125 0.100000 0.037500 0.091667
