0 0.350781 0.284722 0.092188 0.108333
0 0.728125 0.618056 0.053125 0.155556
0 0.734375 0.368750 0.060937 0.151389
0 0.683984 0.364583 0.057031 0.156944
0 0.571875 0.434722 0.089063 0.111111
0 0.578125 0.320139 0.053125 0.159722
0 0.615625 0.592361 0.068750 0.123611
0 0.785156 0.532639 0.040625 0.118056
0 0.651563 0.681944 0.076563 0.100000
0 0.878516 0.534722 0.072656 0.113889
0 0.338672 0.110417 0.058594 0.156944
0 0.469922 0.461806 0.089844 0.101389
0 0.497266 0.074306 0.080469 0.101389
0 0.559766 0.155556 0.071094 0.097222
0 0.602344 0.127778 0.056250 0.150000
0 0.826953 0.566667 0.072656 0.100000
0 0.825781 0.666667 0.059375 0.108333
