0 0.250781 0.329861 0.064062 0.151389
0 0.400391 0.243750 0.061719 0.154167
0 0.162500 0.303472 0.040625 0.081944
0 0.575000 0.275694 0.050000 0.168056
0 0.189844 0.127083 0.057813 0.143056
0 0.513281 0.393056 0.056250 0.116667
0 0.351953 0.413889 0.078906 0.111111
0 0.151562 0.379167 0.062500 0.100000
0 0.131250 0.209028 0.045312 0.112500
0 0.187109 0.309028 0.042969 0.143056
0 0.660547 0.728472 0.055469 0.134722
0 0.183984 0.738194 0.053906 0.126389
0 0.133984 0.531250 0.033594 0.112500
0 0.478516 0.575694 0.099219 0.106944
0 0.612109 0.674306 0.067969 0.076389
0 0.613281 0.360417 0.100000 0.084722
0 0.179297 0.222917 0.067969 0.090278
0 0.142969 0.621528 0.065625 0.090278
0 0.454297 0.195139 0.050781 0.162500
0 0.355859 0.682639 0.066406 0.126389
0 0.368750 0.552778 0.064062 0.152778
0 0.810547 0.456944 0.055469 0.119444
0 0.747266 0.622222 0.064844 0.100000
0 0.176172 0.551389 0.066406 0.072222
0 0.823438 0.817361 0.054688 0.145833
0 0.876953 0.728472 0.055469 0.106944
