0 0.376178 0.44239 0.0731031 0.126483
0 0.545705 0.225822 0.0566374 0.137936
0 0.477296 0.189107 0.0493822 0.172738
0 0.489039 0.522676 0.048683 0.133467
0 0.542893 0.848449 0.0801142 0.138284
0 0.460167 0.731863 0.0598464 0.134362
0 0.343908 0.569429 0.0537481 0.139599
0 0.603366 0.242405 0.0617743 0.155008
0 0.227742 0.26844 0.0440876 0.136456
0 0.357471 0.674347 0.0687748 0.100209
0 0.880846 0.682845 0.0695442 0.0955433
0 0.575637 0.108849 0.0748747 0.0906231
0 0.325707 0.2263 0.0693577 0.101433
0 0.413809 0.0905675 0.0757136 0.104713
0 0.537245 0.720477 0.094392 0.107443
0 0.882644 0.769704 0.0557322 0.0649855
0 0.83572 0.75464 0.0473791 0.0982273
0 0.876625 0.403981 0.0600208 0.153668
0 0.65838 0.18855 0.0912777 0.0936106
0 0.449042 0.831945 0.0593523 0.0846681
0 0.358375 0.157014 0.0610792 0.16199
0 0.611149 0.457892 0.0937643 0.108713
