0 0.454688 0.454167 0.076563 0.150000
0 0.631641 0.488194 0.077344 0.137500
0 0.396094 0.071528 0.093750 0.104167
0 0.491406 0.201389 0.065625 0.161111
0 0.570703 0.357639 0.099219 0.098611
0 0.792969 0.835417 0.045312 0.101389
0 0.665234 0.544444 0.092969 0.105556
0 0.865234 0.811111 0.039844 0.113889
0 0.329297 0.177778 0.052344 0.183333
0 0.703906 0.384722 0.093750 0.097222
0 0.467187 0.118750 0.071875 0.123611
0 0.747656 0.849306 0.067187 0.101389
0 0.760156 0.750000 0.065625 0.088889
0 0.329688 0.258333 0.067187 0.108333
0 0.755859 0.200694 0.060156 0.143056
0 0.862500 0.539583 0.037500 0.154167
0 0.594922 0.230556 0.075781 0.077778
0 0.889062 0.574306 0.040625 0.159722
0 0.239844 0.776389 0.043750 0.122222
0 0.851953 0.163889 0.036719 0.161111
