0 0.595313 0.620139 0.042188 0.181944
0 0.544922 0.601389 0.047656 0.161111
0 0.496094 0.374306 0.068750 0.145833
0 0.243750 0.757639 0.050000 0.129167
0 0.653906 0.311806 0.046875 0.156944
0 0.153516 0.582639 0.036719 0.112500
0 0.884766 0.745833 0.046094 0.116667
0 0.436719 0.242361 0.070312 0.126389
0 0.829688 0.513194 0.057813 0.118056
0 0.484766 0.054861 0.055469 0.106944
0 0.903516 0.643056 0.061719 0.094444
0 0.738672 0.104861 0.067969 0.126389
0 0.930859 0.720139 0.046094 0.106944
0 0.678906 0.754861 0.078125 0.095833
0 0.703906 0.634028 0.078125 0.126389
0 0.864062 0.564583 0.046875 0.115278
0 0.892969 0.813194 0.051562 0.079167
0 0.702734 0.189583 0.047656 0.154167
