0 0.44795 0.529375 0.0977865 0.0994902
0 0.599822 0.612434 0.0421207 0.12955
0 0.523494 0.284662 0.0640626 0.136773
0 0.636506 0.321789 0.0666014 0.129363
0 0.884169 0.642032 0.0654629 0.0861952
0 0.477365 0.207888 0.0995305 0.113307
0 0.717556 0.325648 0.0830866 0.0955982
0 0.648765 0.540568 0.0947651 0.103478
0 0.735512 0.585296 0.0598757 0.111457
0 0.903318 0.731622 0.0512341 0.0845861
0 0.852737 0.357293 0.0715446 0.108222
0 0.816038 0.845573 0.056971 0.0800993
0 0.805112 0.753975 0.0849193 0.0954051
0 0.882318 0.774685 0.050042 0.0762627
0 0.770089 0.849501 0.0544859 0.0747521
0 0.593805 0.216301 0.0829268 0.112648
0 0.882341 0.226308 0.0434662 0.144228
0 0.696756 0.644475 0.045762 0.18232
0 0.831505 0.126658 0.0434563 0.120296
0 0.88154 0.136038 0.0707903 0.084195
0 0.985024 0.937352 0.0299524 0.125296
