0 0.819141 0.141667 0.080469 0.111111
0 0.221094 0.277778 0.071875 0.116667
0 0.150781 0.284028 0.057813 0.115278
0 0.138672 0.520139 0.075781 0.090278
0 0.862891 0.645833 0.060156 0.077778
0 0.582422 0.803472 0.092969 0.093056
0 0.759766 0.545833 0.061719 0.172222
0 0.790234 0.772917 0.046094 0.123611
0 0.886719 0.284722 0.048438 0.130556
0 0.685937 0.286111 0.090625 0.100000
0 0.254297 0.645833 0.053906 0.152778
0 0.849609 0.746528 0.049219 0.140278
0 0.392578 0.077778 0.074219 0.127778
0 0.841406 0.222222 0.051562 0.158333
0 0.882812 0.570833 0.051562 0.100000
0 0.143359 0.189583 0.060156 0.123611
0 0.216406 0.600000 0.068750 0.105556
0 0.342969 0.755556 0.064062 0.144444
0 0.751172 0.795139 0.039844 0.112500
