0 0.775000 0.350694 0.057813 0.148611
0 0.487109 0.253472 0.061719 0.165278
0 0.394141 0.625694 0.061719 0.134722
0 0.356250 0.279861 0.051562 0.140278
0 0.614453 0.132639 0.066406 0.123611
0 0.455469 0.693750 0.054688 0.151389
0 0.536328 0.293750 0.042969 0.159722
0 0.153516 0.516667 0.067969 0.088889
0 0.828125 0.690278 0.068750 0.108333
0 0.755859 0.478472 0.071094 0.112500
0 0.350391 0.449306 0.050781 0.123611
0 0.339062 0.709028 0.075000 0.093056
0 0.500391 0.431250 0.091406 0.109722
0 0.326953 0.636111 0.055469 0.125000
0 0.361719 0.077083 0.092188 0.106944
0 0.898438 0.315278 0.035937 0.127778
0 0.719531 0.374306 0.059375 0.098611
0 0.845313 0.428472 0.067187 0.090278
0 0.864062 0.509722 0.068750 0.108333
0 0.774609 0.152083 0.064844 0.131944
