0 0.382893 0.629708 0.0535734 0.159309
0 0.834854 0.313191 0.0553604 0.134455
0 0.718559 0.358492 0.055761 0.144225
0 0.666679 0.732382 0.0497652 0.135512
0 0.487831 0.600207 0.0666851 0.160484
0 0.416328 0.252704 0.0703143 0.126508
0 0.390345 0.389621 0.0775056 0.119654
0 0.632395 0.401554 0.0829859 0.120301
0 0.689135 0.474319 0.0914974 0.105306
0 0.34753 0.312461 0.0921528 0.120082
0 0.461741 0.0925276 0.0745665 0.11926
0 0.883401 0.435522 0.0533854 0.0798446
0 0.721489 0.724799 0.0732565 0.097964
0 0.512809 0.496938 0.0792839 0.114446
0 0.403994 0.498528 0.0894404 0.0971852
0 0.833686 0.478959 0.073925 0.119815
0 0.878764 0.659026 0.0610611 0.0721129
0 0.851815 0.714631 0.0617956 0.0885949
0 0.857311 0.358474 0.0677528 0.102377
0 0.868461 0.683829 0.0842964 0.127473
