0 0.461719 0.310417 0.073438 0.201389
0 0.293750 0.370833 0.092188 0.108333
0 0.275000 0.270833 0.081250 0.169444
0 0.892188 0.325000 0.062500 0.086111
0 0.412109 0.401389 0.105469 0.111111
0 0.350391 0.143056 0.067969 0.127778
0 0.144141 0.147222 0.052344 0.155556
0 0.632812 0.596528 0.085938 0.104167
0 0.775000 0.769444 0.064062 0.091667
0 0.171484 0.284028 0.058594 0.143056
0 0.215234 0.116667 0.066406 0.158333
0 0.595703 0.746528 0.057031 0.134722
0 0.166797 0.039583 0.055469 0.076389
0 0.773438 0.499306 0.053125 0.165278
0 0.386719 0.615278 0.068750 0.150000
0 0.415234 0.088194 0.071094 0.173611
0 0.797656 0.354861 0.084375 0.098611
0 0.873828 0.247222 0.071094 0.105556
0 0.426563 0.520833 0.093750 0.113889
