0 0.785156 0.068750 0.031250 0.093056
0 0.812891 0.130556 0.028906 0.100000
0 0.873828 0.279167 0.050781 0.075000
0 0.875781 0.494444 0.035937 0.100000
0 0.657422 0.350000 0.061719 0.080556
0 0.586719 0.055556 0.054688 0.072222
0 0.394922 0.184722 0.058594 0.100000
0 0.313672 0.181250 0.039844 0.098611
0 0.239844 0.503472 0.048438 0.070833
0 0.126562 0.668750 0.045312 0.056944
0 0.127344 0.742361 0.042188 0.051389
0 0.131250 0.788194 0.042188 0.054167
0 0.134766 0.827083 0.039844 0.048611
0 0.133984 0.700000 0.053906 0.047222
0 0.170313 0.763889 0.042188 0.108333
0 0.507422 0.584722 0.041406 0.130556
0 0.539844 0.652083 0.071875 0.079167
0 0.734766 0.929861 0.052344 0.056944
0 0.779297 0.924306 0.041406 0.068056
0 0.821484 0.917361 0.041406 0.070833
0 0.862891 0.894444 0.047656 0.063889
0 0.851172 0.848611 0.041406 0.069444
0 0.886719 0.757639 0.048438 0.059722
0 0.888672 0.694444 0.038281 0.072222
0 0.750000 0.062500 0.035937 0.083333
0 0.739062 0.112500 0.035937 0.088889
0 0.712500 0.083333 0.046875 0.100000
