0 0.497891 0.0580905 0.0875525 0.106436
0 0.445983 0.302065 0.0589945 0.160896
0 0.390137 0.433908 0.101789 0.106031
0 0.570933 0.467753 0.058088 0.160543
0 0.202901 0.591922 0.0498569 0.0964903
0 0.724704 0.711535 0.0609238 0.146994
0 0.474639 0.583936 0.082283 0.127406
0 0.761514 0.378891 0.0857981 0.115142
0 0.637922 0.536946 0.0775282 0.0898472
0 0.861952 0.347934 0.0661224 0.101516
0 0.853391 0.58494 0.0523401 0.130135
0 0.347441 0.31048 0.0840266 0.133809
0 0.710469 0.591541 0.0851788 0.104893
0 0.852344 0.767921 0.0501738 0.0789961
0 0.801812 0.68813 0.0671572 0.0714857
0 0.243528 0.241471 0.0405312 0.0996483
0 0.336987 0.117886 0.0563728 0.156564
0 0.688305 0.214002 0.0543756 0.117862
0 0.392245 0.175935 0.0938187 0.120186
