0 0.531973 0.285387 0.0525291 0.169218
0 0.450291 0.448944 0.0504921 0.183492
0 0.473268 0.348337 0.0404833 0.127338
0 0.576803 0.1419 0.0480207 0.165661
0 0.327789 0.163494 0.0546984 0.164373
0 0.760274 0.790378 0.0538324 0.140279
0 0.688387 0.553405 0.0810902 0.0991275
0 0.491456 0.217935 0.0763672 0.153778
0 0.842018 0.842201 0.0601791 0.0931975
0 0.566019 0.408353 0.093755 0.108029
0 0.892731 0.789858 0.0615982 0.0826519
0 0.827967 0.434577 0.0874001 0.110076
0 0.330678 0.277961 0.0676874 0.112487
0 0.849472 0.554256 0.042071 0.12407
0 0.803463 0.786696 0.050123 0.143665
0 0.241594 0.794507 0.0481927 0.132927
0 0.394611 0.0735344 0.102556 0.110288
0 0.888774 0.577865 0.0381779 0.16538
