0 0.483594 0.267361 0.071875 0.137500
0 0.489844 0.429861 0.064062 0.173611
0 0.667578 0.297222 0.064844 0.130556
0 0.843750 0.759722 0.042188 0.144444
0 0.159766 0.579167 0.049219 0.100000
0 0.755469 0.724306 0.051562 0.156944
0 0.925000 0.700694 0.068750 0.076389
0 0.889062 0.570833 0.071875 0.091667
0 0.669922 0.757639 0.080469 0.090278
0 0.244141 0.761111 0.055469 0.127778
0 0.754297 0.101389 0.053906 0.116667
0 0.738281 0.545833 0.073438 0.125000
0 0.876953 0.352083 0.055469 0.098611
0 0.712891 0.693056 0.071094 0.102778
0 0.719531 0.847917 0.056250 0.079167
0 0.892188 0.749306 0.051562 0.106944
0 0.883594 0.148611 0.060937 0.119444
0 0.820703 0.126389 0.055469 0.119444
0 0.892578 0.795139 0.053906 0.109722
