0 0.46842 0.523887 0.0942051 0.106318
0 0.495506 0.452891 0.0782491 0.153577
0 0.338206 0.529968 0.0573296 0.157777
0 0.486292 0.245793 0.0883957 0.104902
0 0.197879 0.517837 0.0553122 0.105887
0 0.804166 0.20651 0.0649544 0.124917
0 0.83939 0.596225 0.0465242 0.10931
0 0.351501 0.209455 0.0849091 0.113929
0 0.383089 0.451709 0.0571527 0.0972361
0 0.539062 0.601262 0.0780254 0.111385
0 0.662853 0.240925 0.0651025 0.130227
0 0.610561 0.264212 0.0780408 0.132049
0 0.828342 0.686853 0.0646507 0.0945671
0 0.768526 0.10154 0.054121 0.0983132
0 0.731145 0.766822 0.0647546 0.100573
0 0.623156 0.55321 0.0805316 0.0933237
0 0.860953 0.110217 0.0612595 0.0937706
0 0.220797 0.607066 0.0610745 0.110772
0 0.83948 0.38336 0.0641562 0.0916414
0 0.354441 0.301545 0.0659914 0.110384
0 0.444977 0.0819305 0.102544 0.108414
0 0.873922 0.679284 0.040876 0.126813
