0 0.563656 0.453866 0.0603037 0.174019
0 0.747389 0.391676 0.0954645 0.108795
0 0.444638 0.299271 0.0598343 0.163078
0 0.391239 0.43393 0.100069 0.108111
0 0.763229 0.615749 0.0461023 0.10793
0 0.53255 0.12086 0.0909643 0.108985
0 0.867504 0.356016 0.0660915 0.0999141
0 0.806366 0.600276 0.0452218 0.138898
0 0.477496 0.596669 0.0804417 0.115276
0 0.714799 0.59257 0.082371 0.102941
0 0.707745 0.696401 0.0844768 0.122823
0 0.34736 0.308114 0.0847622 0.13346
0 0.830214 0.704043 0.0626205 0.103633
0 0.24499 0.237457 0.037093 0.125553
0 0.391041 0.180278 0.100494 0.117496
0 0.338781 0.127092 0.0609105 0.13761
0 0.799111 0.205272 0.0677795 0.120691
0 0.870794 0.193913 0.0600811 0.106075
0 0.692167 0.211969 0.0578907 0.118841
0 0.796426 0.655267 0.0661262 0.0729294
