0 0.391406 0.704861 0.067187 0.087500
0 0.857812 0.097917 0.034375 0.106944
0 0.277344 0.474306 0.054688 0.084722
0 0.202734 0.468056 0.033594 0.097222
0 0.119922 0.465972 0.046094 0.084722
0 0.234375 0.566667 0.043750 0.119444
0 0.185156 0.621528 0.048438 0.095833
0 0.240625 0.482639 0.059375 0.098611
0 0.883594 0.681250 0.042188 0.076389
0 0.882812 0.141667 0.029687 0.086111
0 0.517969 0.654861 0.075000 0.087500
0 0.887500 0.737500 0.045312 0.075000
0 0.878906 0.290972 0.037500 0.101389
0 0.879687 0.390972 0.037500 0.106944
0 0.837891 0.254167 0.058594 0.080556
0 0.921094 0.750694 0.040625 0.065278
0 0.895703 0.301389 0.021094 0.102778
0 0.877344 0.245139 0.046875 0.070833
0 0.796875 0.114583 0.051562 0.076389
0 0.745703 0.637500 0.050781 0.058333
0 0.832422 0.109028 0.036719 0.109722
0 0.752344 0.104861 0.054688 0.079167
0 0.142969 0.534722 0.040625 0.063889
0 0.852344 0.172222 0.042188 0.083333
0 0.372656 0.656250 0.064062 0.084722
0 0.878906 0.102778 0.020313 0.086111
0 0.898047 0.131250 0.016406 0.076389
0 0.842187 0.071528 0.020313 0.043056
