0 0.172266 0.161111 0.049219 0.113889
0 0.128516 0.228472 0.055469 0.079167
0 0.134375 0.297917 0.059375 0.090278
0 0.357031 0.720833 0.067187 0.075000
0 0.231641 0.631944 0.067969 0.108333
0 0.426953 0.070833 0.067969 0.075000
0 0.142187 0.510417 0.043750 0.131944
0 0.111719 0.462500 0.026562 0.077778
0 0.118359 0.547222 0.038281 0.158333
0 0.192188 0.420139 0.050000 0.145833
0 0.159766 0.591667 0.060156 0.088889
0 0.153125 0.717361 0.039062 0.118056
0 0.278516 0.685417 0.071094 0.090278
0 0.428906 0.331944 0.065625 0.116667
0 0.147266 0.913194 0.053906 0.065278
0 0.136328 0.829861 0.052344 0.068056
0 0.346094 0.460417 0.054688 0.137500
0 0.450391 0.652083 0.080469 0.098611
0 0.739062 0.204861 0.060937 0.134722
0 0.806641 0.555556 0.038281 0.088889
0 0.636719 0.382639 0.079687 0.076389
0 0.566016 0.304861 0.050781 0.118056
0 0.767188 0.264583 0.053125 0.070833
0 0.550000 0.444444 0.057813 0.130556
0 0.578516 0.104167 0.067969 0.091667
0 0.794141 0.148611 0.064844 0.083333
