0 0.293750 0.132639 0.059375 0.118056
0 0.348047 0.102778 0.071094 0.102778
0 0.487500 0.313194 0.087500 0.093056
0 0.297656 0.445139 0.071875 0.081944
0 0.140234 0.236806 0.053906 0.104167
0 0.151172 0.531944 0.046094 0.119444
0 0.106250 0.200000 0.040625 0.052778
0 0.107031 0.561806 0.026562 0.098611
0 0.343750 0.695833 0.057813 0.069444
0 0.364063 0.636806 0.064062 0.112500
0 0.119531 0.638889 0.056250 0.072222
0 0.158594 0.687500 0.050000 0.069444
0 0.167578 0.765278 0.058594 0.083333
0 0.403516 0.727083 0.053906 0.131944
0 0.441406 0.729167 0.050000 0.144444
0 0.482422 0.772222 0.046094 0.119444
0 0.547656 0.661806 0.065625 0.073611
0 0.532422 0.563889 0.061719 0.100000
0 0.620313 0.660417 0.071875 0.093056
0 0.698828 0.709028 0.046094 0.129167
0 0.712109 0.872222 0.057031 0.077778
0 0.882422 0.725694 0.032031 0.081944
0 0.871094 0.787500 0.053125 0.050000
0 0.717578 0.315972 0.064844 0.076389
0 0.644141 0.126389 0.050781 0.105556
0 0.856250 0.148611 0.051562 0.088889
0 0.595313 0.115278 0.060937 0.086111
