0 0.480909 0.581011 0.0731417 0.127978
0 0.586382 0.562836 0.0837825 0.0989596
0 0.557537 0.463918 0.0613279 0.13647
0 0.68346 0.62068 0.0603928 0.150396
0 0.527238 0.0895462 0.0755352 0.11055
0 0.545154 0.603247 0.0590267 0.143307
0 0.445044 0.346786 0.0592978 0.16539
0 0.367385 0.296741 0.0911015 0.109622
0 0.556302 0.308333 0.0891905 0.10733
0 0.865607 0.348687 0.0818941 0.105289
0 0.613854 0.495058 0.0424837 0.111816
0 0.455015 0.466458 0.0691387 0.126703
0 0.830199 0.481517 0.0504135 0.150606
0 0.807955 0.675375 0.0561737 0.113774
0 0.778105 0.605967 0.0637426 0.0762864
0 0.838214 0.727278 0.0510799 0.0900998
0 0.410394 0.597585 0.0790687 0.129095
0 0.693412 0.210731 0.0534498 0.11234
