0 0.553516 0.263194 0.064844 0.148611
0 0.363281 0.295833 0.046875 0.155556
0 0.714453 0.267361 0.044531 0.137500
0 0.458594 0.716667 0.060937 0.138889
0 0.653125 0.267361 0.045312 0.156944
0 0.528125 0.170833 0.095312 0.094444
0 0.437109 0.237500 0.080469 0.100000
0 0.498437 0.309722 0.070312 0.152778
0 0.830078 0.684722 0.075781 0.105556
0 0.157812 0.529861 0.062500 0.098611
0 0.331250 0.736806 0.068750 0.106944
0 0.381641 0.606944 0.083594 0.108333
0 0.866406 0.500000 0.078125 0.108333
0 0.726953 0.384722 0.075781 0.105556
0 0.361719 0.671528 0.048438 0.134722
0 0.770703 0.310417 0.055469 0.156944
0 0.331250 0.503472 0.057813 0.109722
0 0.377734 0.130556 0.057031 0.094444
0 0.354687 0.061806 0.082812 0.084722
0 0.828516 0.379861 0.053906 0.109722
