0 0.330806 0.257777 0.0591809 0.170758
0 0.45989 0.340222 0.0566334 0.151673
0 0.561612 0.451103 0.0575432 0.148398
0 0.826799 0.499428 0.0465839 0.148363
0 0.733661 0.443577 0.0639934 0.152908
0 0.385668 0.660527 0.0572598 0.164948
0 0.880292 0.465043 0.0515423 0.0887316
0 0.834196 0.299103 0.0582603 0.145385
0 0.777751 0.619463 0.0502277 0.154782
0 0.204178 0.296866 0.0610653 0.104467
0 0.446148 0.109246 0.0816065 0.115342
0 0.746629 0.739831 0.0474075 0.124361
0 0.409535 0.247723 0.0754194 0.131881
0 0.557885 0.302651 0.0952696 0.113965
0 0.715249 0.32861 0.0787731 0.111838
0 0.731606 0.683537 0.0716812 0.0876395
0 0.390497 0.392526 0.0859127 0.113582
0 0.829605 0.66603 0.0600998 0.0762813
0 0.844868 0.355066 0.0808754 0.102113
