0 0.341837 0.11191 0.0942185 0.106204
0 0.24469 0.612285 0.0787729 0.0937207
0 0.584928 0.658567 0.0905319 0.10342
0 0.445374 0.495733 0.0630654 0.126498
0 0.262842 0.314813 0.0485616 0.161397
0 0.357792 0.504691 0.0601819 0.158789
0 0.690231 0.516277 0.0647122 0.141559
0 0.179908 0.333273 0.0469313 0.124427
0 0.892895 0.775476 0.0516228 0.0795804
0 0.136297 0.213541 0.0467336 0.133917
0 0.236051 0.529099 0.0802301 0.0950921
0 0.545742 0.414952 0.0711313 0.0949656
0 0.186551 0.156865 0.0638019 0.107582
0 0.687376 0.222487 0.0502298 0.147853
0 0.230932 0.0797811 0.083026 0.0817611
0 0.738712 0.472154 0.0704186 0.103679
0 0.139083 0.724293 0.0426658 0.100377
0 0.174338 0.605286 0.0476494 0.130464
0 0.330179 0.265998 0.0563749 0.163348
0 0.797191 0.353116 0.0676397 0.0823896
0 0.223743 0.0258196 0.0770001 0.0516392
0 0.20811 0.262886 0.0589531 0.142345
0 0.316388 0.036685 0.0584936 0.07337
0 0.149991 0.632843 0.0583799 0.130241
