0 0.408984 0.457639 0.052344 0.145833
0 0.160156 0.581944 0.048438 0.105556
0 0.801172 0.125694 0.044531 0.126389
0 0.755859 0.633333 0.057031 0.111111
0 0.457031 0.476389 0.081250 0.125000
0 0.825391 0.824306 0.046094 0.106944
0 0.474609 0.611111 0.066406 0.130556
0 0.778906 0.769444 0.045312 0.113889
0 0.814844 0.345139 0.065625 0.090278
0 0.726172 0.752778 0.042969 0.158333
0 0.805078 0.704861 0.044531 0.118056
0 0.892188 0.469444 0.070312 0.111111
0 0.684766 0.759028 0.061719 0.126389
0 0.660937 0.269444 0.071875 0.155556
0 0.241797 0.761111 0.055469 0.122222
0 0.873828 0.588194 0.097656 0.098611
0 0.890234 0.662500 0.042969 0.102778
0 0.428516 0.111806 0.078906 0.104167
