0 0.448437 0.461806 0.065625 0.159722
0 0.575391 0.145833 0.082031 0.150000
0 0.864062 0.813194 0.037500 0.115278
0 0.388281 0.198611 0.051562 0.172222
0 0.396875 0.063194 0.098437 0.109722
0 0.793359 0.834722 0.044531 0.102778
0 0.667969 0.544444 0.087500 0.102778
0 0.326562 0.259028 0.057813 0.131944
0 0.469922 0.130556 0.069531 0.133333
0 0.574609 0.450694 0.085156 0.126389
0 0.327344 0.177778 0.059375 0.147222
0 0.764453 0.748611 0.074219 0.088889
0 0.902734 0.190278 0.050781 0.091667
0 0.630078 0.494444 0.078906 0.147222
0 0.749219 0.846528 0.070312 0.098611
0 0.861328 0.545833 0.038281 0.144444
0 0.887109 0.565972 0.042969 0.168056
0 0.866797 0.551389 0.052344 0.150000
0 0.732422 0.208333 0.069531 0.116667
0 0.901563 0.386806 0.042188 0.173611
