0 0.181891 0.323226 0.0489603 0.113397
0 0.348702 0.516846 0.0744822 0.138944
0 0.428368 0.530642 0.0497458 0.144214
0 0.585006 0.659177 0.0872108 0.104453
0 0.674812 0.378189 0.0623035 0.135581
0 0.666473 0.517656 0.0666159 0.131652
0 0.306623 0.463349 0.0818645 0.0837207
0 0.67927 0.217592 0.0614552 0.138991
0 0.13713 0.716176 0.0367429 0.114613
0 0.168832 0.678234 0.0736754 0.0994521
0 0.135716 0.300361 0.0520812 0.138967
0 0.18464 0.15354 0.069015 0.111683
0 0.382481 0.257067 0.06348 0.163944
0 0.73574 0.40008 0.0614708 0.115764
0 0.239483 0.0936971 0.0728851 0.0953719
0 0.25466 0.274059 0.0685194 0.0866113
0 0.322562 0.390124 0.0858001 0.0908861
0 0.235824 0.657504 0.0540355 0.12668
0 0.849338 0.129382 0.0685387 0.0802138
0 0.239273 0.193983 0.0889201 0.0871856
0 0.16164 0.598845 0.0655024 0.0896332
0 0.223748 0.0313854 0.0755414 0.0627709
0 0.324107 0.0459558 0.0708394 0.0919117
0 0.355587 0.584968 0.0710057 0.067582
