0 0.475391 0.331944 0.049219 0.105556
0 0.127344 0.720139 0.039062 0.087500
0 0.276953 0.437500 0.063281 0.116667
0 0.664453 0.148611 0.038281 0.111111
0 0.132812 0.313889 0.060937 0.083333
0 0.444141 0.380556 0.083594 0.080556
0 0.335938 0.313889 0.076563 0.091667
0 0.528125 0.439583 0.050000 0.126389
0 0.549219 0.723611 0.059375 0.075000
0 0.172656 0.551389 0.051562 0.111111
0 0.318750 0.939583 0.068750 0.095833
0 0.141797 0.486806 0.044531 0.109722
0 0.779687 0.874306 0.046875 0.045833
0 0.813281 0.129861 0.048438 0.079167
0 0.597266 0.686806 0.042969 0.118056
0 0.592969 0.458333 0.053125 0.113889
0 0.180078 0.368056 0.052344 0.130556
0 0.258203 0.710417 0.061719 0.087500
0 0.392188 0.815972 0.054688 0.109722
0 0.872656 0.371528 0.042188 0.106944
0 0.253516 0.547917 0.053906 0.084722
0 0.189453 0.118750 0.071094 0.084722
0 0.312109 0.497222 0.082031 0.108333
0 0.337500 0.763889 0.045312 0.102778
0 0.550391 0.087500 0.080469 0.094444
0 0.274609 0.281944 0.057031 0.102778
