0 0.597677 0.371662 0.0985134 0.096147
0 0.508641 0.450968 0.0576948 0.154771
0 0.687979 0.420757 0.0515869 0.142582
0 0.770808 0.245032 0.047558 0.109499
0 0.676807 0.646043 0.0574389 0.141327
0 0.849362 0.212473 0.0565851 0.107818
0 0.793559 0.384074 0.0582555 0.108219
0 0.733011 0.109503 0.0669109 0.102835
0 0.840635 0.825853 0.0500721 0.10629
0 0.145906 0.58919 0.0504238 0.0916772
0 0.801029 0.554206 0.0526539 0.119624
0 0.23779 0.762684 0.0482484 0.121919
0 0.759952 0.763922 0.058311 0.0832423
0 0.887958 0.567329 0.0607986 0.0942747
0 0.683229 0.753806 0.0629572 0.109171
0 0.832404 0.692751 0.0655312 0.124177
0 0.861239 0.128719 0.0686232 0.0897965
0 0.767993 0.0859161 0.064358 0.108849
