0 0.628516 0.330556 0.064844 0.188889
0 0.473047 0.084722 0.069531 0.119444
0 0.507422 0.532639 0.058594 0.137500
0 0.712500 0.373611 0.070312 0.144444
0 0.442578 0.447917 0.069531 0.134722
0 0.563281 0.078472 0.070312 0.118056
0 0.553516 0.477778 0.092969 0.116667
0 0.379688 0.404861 0.059375 0.134722
0 0.862109 0.324306 0.044531 0.126389
0 0.688672 0.691667 0.080469 0.100000
0 0.823828 0.611806 0.066406 0.118056
0 0.782422 0.376389 0.060156 0.147222
0 0.621875 0.464583 0.076563 0.123611
0 0.703516 0.477778 0.086719 0.108333
0 0.222656 0.204861 0.057813 0.104167
0 0.835547 0.400694 0.050781 0.087500
0 0.812891 0.710417 0.057031 0.112500
0 0.846875 0.727778 0.057813 0.136111
0 0.755078 0.504167 0.046094 0.105556
0 0.381250 0.290972 0.089063 0.093056
