0 0.727734 0.680556 0.050781 0.125000
0 0.642188 0.622222 0.045312 0.147222
0 0.493359 0.379861 0.071094 0.140278
0 0.244531 0.754167 0.050000 0.127778
0 0.156641 0.590278 0.044531 0.094444
0 0.564063 0.596528 0.070312 0.120833
0 0.759375 0.731944 0.048438 0.133333
0 0.674219 0.332639 0.071875 0.112500
0 0.892969 0.809722 0.050000 0.080556
0 0.926562 0.712500 0.062500 0.072222
0 0.883203 0.463194 0.066406 0.087500
0 0.781250 0.621528 0.084375 0.104167
0 0.462891 0.281944 0.078906 0.088889
0 0.790625 0.845139 0.071875 0.090278
0 0.788281 0.501389 0.081250 0.108333
0 0.919922 0.570139 0.069531 0.098611
0 0.900781 0.514583 0.068750 0.087500
0 0.741016 0.080556 0.078906 0.097222
0 0.839063 0.131250 0.053125 0.129167
