0 0.594922 0.620833 0.044531 0.175000
0 0.642188 0.628472 0.045312 0.156944
0 0.495703 0.377083 0.067969 0.148611
0 0.243750 0.755556 0.050000 0.127778
0 0.658984 0.313889 0.047656 0.150000
0 0.746094 0.086806 0.089063 0.093056
0 0.548438 0.604861 0.048438 0.156944
0 0.813281 0.400694 0.064062 0.159722
0 0.526953 0.481944 0.102344 0.086111
0 0.480469 0.059722 0.045312 0.113889
0 0.826953 0.515972 0.053906 0.115278
0 0.894531 0.810417 0.050000 0.081944
0 0.150000 0.576389 0.045312 0.094444
0 0.882031 0.715278 0.035937 0.116667
0 0.931250 0.718750 0.046875 0.104167
0 0.894531 0.631250 0.057813 0.098611
0 0.694531 0.620833 0.059375 0.111111
0 0.871094 0.536111 0.037500 0.130556
