0 0.555078 0.275694 0.061719 0.145833
0 0.711328 0.264583 0.046094 0.140278
0 0.391406 0.618056 0.060937 0.138889
0 0.458984 0.720139 0.060156 0.134722
0 0.515625 0.414583 0.093750 0.101389
0 0.361328 0.292361 0.049219 0.129167
0 0.481641 0.259028 0.064844 0.170833
0 0.666016 0.616667 0.058594 0.147222
0 0.357031 0.077083 0.085938 0.109722
0 0.339844 0.215278 0.043750 0.155556
0 0.474219 0.126389 0.059375 0.122222
0 0.327344 0.638889 0.057813 0.130556
0 0.349609 0.461806 0.080469 0.098611
0 0.828516 0.684722 0.072656 0.102778
0 0.158594 0.529167 0.057813 0.100000
0 0.774609 0.331250 0.053906 0.151389
0 0.328516 0.718750 0.066406 0.084722
0 0.826953 0.766667 0.057031 0.086111
0 0.828125 0.375000 0.060937 0.102778
0 0.866406 0.499306 0.076563 0.112500
0 0.856641 0.327778 0.047656 0.111111
