0 0.554353 0.257854 0.0508818 0.119829
0 0.679119 0.696273 0.0587925 0.15031
0 0.829996 0.687553 0.0750788 0.103862
0 0.484489 0.245726 0.0825678 0.104955
0 0.347172 0.0787151 0.0894407 0.11002
0 0.37094 0.525877 0.0583495 0.135966
0 0.729677 0.272483 0.0732758 0.100071
0 0.620812 0.682318 0.0566681 0.129893
0 0.672333 0.249062 0.0639503 0.147335
0 0.466496 0.712861 0.073543 0.128853
0 0.896382 0.571799 0.0606779 0.116123
0 0.857378 0.414606 0.0704372 0.0987771
0 0.447051 0.103057 0.084687 0.092173
0 0.899415 0.706555 0.0537102 0.0907522
0 0.886257 0.480416 0.0541153 0.132127
0 0.860154 0.166649 0.0409233 0.141682
0 0.153798 0.503846 0.0822614 0.0852152
0 0.368221 0.436126 0.0539645 0.100965
0 0.461318 0.351638 0.0759741 0.11426
0 0.895177 0.216773 0.0459518 0.0963053
