0 0.461328 0.738889 0.066406 0.108333
0 0.419922 0.108333 0.058594 0.088889
0 0.143750 0.807639 0.037500 0.109722
0 0.630859 0.427083 0.046094 0.126389
0 0.374609 0.924306 0.050781 0.095833
0 0.646875 0.584028 0.043750 0.126389
0 0.763281 0.843750 0.039062 0.109722
0 0.735938 0.930556 0.056250 0.080556
0 0.603125 0.581250 0.054688 0.143056
0 0.845313 0.387500 0.040625 0.069444
0 0.838281 0.320139 0.037500 0.087500
0 0.122656 0.569444 0.050000 0.052778
0 0.112891 0.854167 0.032031 0.083333
0 0.676172 0.743750 0.041406 0.120833
0 0.878906 0.352778 0.043750 0.063889
0 0.791016 0.476389 0.047656 0.102778
0 0.125781 0.634028 0.045312 0.079167
0 0.330859 0.922917 0.046094 0.087500
0 0.734766 0.389583 0.060156 0.062500
0 0.651563 0.323611 0.043750 0.133333
0 0.519531 0.643056 0.067187 0.061111
0 0.871484 0.272917 0.036719 0.090278
0 0.557813 0.414583 0.040625 0.140278
0 0.568750 0.715972 0.039062 0.115278
0 0.116406 0.513889 0.045312 0.066667
0 0.807422 0.362500 0.042969 0.080556
0 0.655078 0.699306 0.049219 0.134722
0 0.510547 0.400000 0.042969 0.094444
