0 0.184375 0.225000 0.068750 0.113889
0 0.181250 0.352083 0.064062 0.120833
0 0.111328 0.452778 0.033594 0.125000
0 0.137500 0.211111 0.025000 0.100000
0 0.130469 0.784028 0.029687 0.106944
0 0.160547 0.825000 0.041406 0.088889
0 0.144531 0.909722 0.042188 0.069444
0 0.335547 0.421528 0.052344 0.118056
0 0.308203 0.482639 0.041406 0.123611
0 0.176172 0.113889 0.055469 0.083333
0 0.445312 0.386111 0.046875 0.155556
0 0.591016 0.161806 0.069531 0.118056
0 0.607812 0.104861 0.051562 0.120833
0 0.812891 0.347917 0.058594 0.087500
0 0.827344 0.548611 0.071875 0.063889
0 0.863281 0.581944 0.048438 0.069444
0 0.862891 0.664583 0.038281 0.087500
0 0.774219 0.802083 0.051562 0.084722
0 0.624609 0.760417 0.053906 0.101389
0 0.683984 0.406250 0.052344 0.115278
0 0.615625 0.656944 0.065625 0.058333
0 0.589844 0.432639 0.081250 0.081944
0 0.559766 0.763194 0.042969 0.159722
0 0.254297 0.109722 0.053906 0.080556
0 0.119141 0.530556 0.046094 0.080556
0 0.490625 0.665278 0.059375 0.063889
