0 0.377734 0.442361 0.060156 0.162500
0 0.753516 0.406944 0.046094 0.150000
0 0.614844 0.745833 0.050000 0.119444
0 0.601953 0.612500 0.092969 0.105556
0 0.448437 0.364583 0.060937 0.184722
0 0.476953 0.090278 0.057031 0.141667
0 0.572266 0.497917 0.066406 0.131944
0 0.619531 0.329167 0.057813 0.136111
0 0.347266 0.220833 0.064844 0.136111
0 0.730859 0.593056 0.057031 0.150000
0 0.804297 0.347917 0.074219 0.093056
0 0.708203 0.325694 0.097656 0.093056
0 0.823828 0.671528 0.055469 0.084722
0 0.711328 0.429861 0.060156 0.137500
0 0.576562 0.127778 0.064062 0.130556
0 0.674219 0.739583 0.071875 0.098611
0 0.224219 0.208333 0.054688 0.111111
0 0.646094 0.645833 0.096875 0.100000
0 0.426953 0.463889 0.077344 0.122222
0 0.577344 0.382639 0.051562 0.098611
