0 0.354897 0.29936 0.0917129 0.113106
0 0.667685 0.524954 0.0750921 0.13275
0 0.38016 0.0666792 0.0626017 0.133358
0 0.361417 0.511536 0.0643197 0.121673
0 0.741693 0.531347 0.0655329 0.106644
0 0.295772 0.641254 0.070939 0.0983303
0 0.14386 0.631555 0.0550171 0.131371
0 0.561851 0.487366 0.0576892 0.166917
0 0.706262 0.668857 0.050967 0.146904
0 0.624162 0.198623 0.0577119 0.150571
0 0.292256 0.734001 0.0632614 0.0963715
0 0.145674 0.168636 0.0436943 0.130496
0 0.138292 0.35433 0.0467656 0.108099
0 0.285057 0.464243 0.0590127 0.132863
0 0.673585 0.356277 0.0899488 0.108993
0 0.292867 0.0859353 0.0825039 0.0997791
0 0.479187 0.407272 0.0598703 0.12137
0 0.182931 0.231531 0.0722419 0.0944804
0 0.202734 0.153738 0.0737509 0.0870877
0 0.255551 0.0338905 0.080371 0.0677809
0 0.194259 0.678678 0.0450425 0.0933514
0 0.327862 0.575631 0.0522789 0.160106
