0 0.491406 0.255556 0.062500 0.166667
0 0.391797 0.631944 0.066406 0.136111
0 0.751172 0.492361 0.066406 0.101389
0 0.499609 0.109722 0.067969 0.138889
0 0.454688 0.691667 0.056250 0.147222
0 0.553906 0.265278 0.068750 0.147222
0 0.871484 0.508333 0.080469 0.094444
0 0.347656 0.276389 0.067187 0.122222
0 0.163672 0.511806 0.074219 0.090278
0 0.362891 0.073611 0.085156 0.105556
0 0.828125 0.687500 0.070312 0.105556
0 0.498437 0.454861 0.076563 0.112500
0 0.695312 0.625000 0.062500 0.136111
0 0.327734 0.637500 0.053906 0.125000
0 0.725781 0.252778 0.045312 0.141667
0 0.330078 0.726389 0.067969 0.088889
0 0.859766 0.431250 0.067969 0.087500
0 0.769922 0.329861 0.061719 0.134722
0 0.340625 0.438889 0.076563 0.113889
0 0.634375 0.377778 0.075000 0.105556
0 0.849609 0.343056 0.057031 0.111111
0 0.760547 0.168056 0.061719 0.083333
