0 0.198437 0.462500 0.073438 0.108333
0 0.218750 0.239583 0.037500 0.129167
0 0.380859 0.588889 0.092969 0.127778
0 0.297656 0.404167 0.065625 0.163889
0 0.139844 0.417361 0.053125 0.106944
0 0.133594 0.499306 0.054688 0.120833
0 0.176563 0.356944 0.059375 0.152778
0 0.277344 0.274306 0.078125 0.109722
0 0.431250 0.293750 0.093750 0.106944
0 0.217578 0.124306 0.078906 0.104167
0 0.146484 0.215972 0.057031 0.129167
0 0.301172 0.068056 0.092969 0.133333
0 0.873828 0.234028 0.060156 0.087500
0 0.776172 0.376389 0.077344 0.108333
0 0.804688 0.757639 0.067187 0.126389
0 0.839844 0.777778 0.062500 0.108333
0 0.866016 0.384028 0.060156 0.120833
0 0.679297 0.106250 0.061719 0.151389
0 0.605469 0.746528 0.079687 0.095833
