0 0.196094 0.462500 0.078125 0.108333
0 0.220312 0.240278 0.039062 0.113889
0 0.376953 0.595139 0.077344 0.112500
0 0.301172 0.400694 0.064844 0.156944
0 0.138281 0.424306 0.051562 0.087500
0 0.127344 0.500694 0.067187 0.126389
0 0.175391 0.357639 0.064844 0.151389
0 0.279687 0.274306 0.073438 0.109722
0 0.431250 0.293750 0.093750 0.106944
0 0.219922 0.121528 0.077344 0.101389
0 0.146484 0.215972 0.057031 0.129167
0 0.296484 0.069444 0.088281 0.136111
0 0.832031 0.215972 0.070312 0.093056
0 0.779687 0.371528 0.084375 0.112500
0 0.814844 0.740972 0.067187 0.101389
0 0.837891 0.803472 0.058594 0.093056
0 0.864844 0.377778 0.064062 0.125000
0 0.654687 0.080556 0.084375 0.111111
0 0.606641 0.752778 0.075781 0.102778
