0 0.532422 0.499306 0.052344 0.168056
0 0.574219 0.147222 0.060937 0.161111
0 0.614062 0.740278 0.057813 0.127778
0 0.476172 0.668056 0.078906 0.108333
0 0.658203 0.324306 0.082031 0.106944
0 0.379297 0.429861 0.077344 0.129167
0 0.435547 0.349306 0.078906 0.129167
0 0.634766 0.654861 0.057031 0.134722
0 0.712500 0.430556 0.059375 0.152778
0 0.489063 0.075694 0.067187 0.143056
0 0.383203 0.286806 0.088281 0.112500
0 0.586719 0.375000 0.084375 0.147222
0 0.450000 0.461111 0.101562 0.102778
0 0.744141 0.340278 0.077344 0.102778
0 0.815625 0.620139 0.085938 0.095833
0 0.757422 0.440972 0.049219 0.120833
0 0.809375 0.540278 0.056250 0.113889
0 0.839453 0.672222 0.067969 0.077778
0 0.348438 0.129167 0.056250 0.172222
