0 0.458745 0.0547063 0.0765372 0.109413
0 0.255653 0.822583 0.0667536 0.0825636
0 0.296851 0.123403 0.0786211 0.106892
0 0.324876 0.517395 0.0551988 0.147011
0 0.278845 0.473958 0.0679043 0.107724
0 0.675283 0.520528 0.0625227 0.169096
0 0.524106 0.392533 0.0979754 0.11537
0 0.359027 0.13996 0.0575293 0.161819
0 0.445101 0.491111 0.0625994 0.133722
0 0.200851 0.589387 0.0660221 0.0979336
0 0.232018 0.0548857 0.0481208 0.109771
0 0.757356 0.545482 0.0495226 0.130726
0 0.137755 0.64057 0.0557684 0.134998
0 0.157244 0.451147 0.0566596 0.115369
0 0.648786 0.352717 0.085751 0.115194
0 0.732584 0.23531 0.0626522 0.125582
0 0.160766 0.182346 0.0667573 0.112433
0 0.581953 0.326372 0.059586 0.102048
0 0.12896 0.221588 0.0424101 0.131554
0 0.138251 0.549335 0.0612554 0.0716969
0 0.363815 0.564714 0.0786119 0.105525
0 0.320926 0.0430395 0.0680489 0.0860789
