0 0.161357 0.458067 0.0471687 0.125881
0 0.458722 0.0548388 0.0772908 0.108885
0 0.294926 0.120134 0.0812017 0.105644
0 0.277184 0.472084 0.0630981 0.122796
0 0.674714 0.522204 0.062093 0.155627
0 0.528311 0.391207 0.0877669 0.115669
0 0.648494 0.349089 0.0873726 0.117228
0 0.445332 0.490481 0.0631734 0.135049
0 0.202411 0.699891 0.0648172 0.0837224
0 0.231642 0.0541481 0.0481231 0.108296
0 0.235953 0.632791 0.0598272 0.123787
0 0.359112 0.137354 0.0552352 0.163974
0 0.164371 0.170128 0.0567451 0.116767
0 0.582545 0.331596 0.0584669 0.0914307
0 0.330577 0.512383 0.0607433 0.143923
0 0.732219 0.233513 0.063911 0.122603
0 0.136666 0.630273 0.0594118 0.149441
0 0.366694 0.572987 0.0610253 0.114832
0 0.126681 0.178188 0.0396463 0.126397
0 0.757104 0.542311 0.0491495 0.137323
0 0.323869 0.0428832 0.0725073 0.0857663
0 0.136105 0.545111 0.0551452 0.104002
