0 0.175391 0.902083 0.052344 0.062500
0 0.123047 0.870139 0.053906 0.073611
0 0.123438 0.789583 0.029687 0.101389
0 0.145313 0.790972 0.037500 0.059722
0 0.143750 0.723611 0.045312 0.091667
0 0.387500 0.679861 0.070312 0.079167
0 0.509766 0.828472 0.049219 0.090278
0 0.416797 0.554861 0.063281 0.073611
0 0.528906 0.648611 0.067187 0.083333
0 0.610938 0.650000 0.057813 0.055556
0 0.638672 0.575000 0.049219 0.144444
0 0.744141 0.709028 0.035156 0.126389
0 0.775781 0.594444 0.048438 0.097222
0 0.887891 0.750000 0.039844 0.058333
0 0.875000 0.787500 0.034375 0.050000
0 0.883594 0.829167 0.035937 0.094444
0 0.877344 0.705556 0.042188 0.061111
0 0.875391 0.296528 0.046094 0.076389
0 0.516406 0.480556 0.056250 0.058333
0 0.242578 0.527778 0.049219 0.075000
0 0.268750 0.478472 0.053125 0.079167
0 0.377344 0.209028 0.056250 0.070833
0 0.746094 0.068750 0.039062 0.101389
0 0.775391 0.085417 0.041406 0.076389
0 0.797266 0.126389 0.038281 0.105556
0 0.805078 0.070139 0.028906 0.079167
0 0.825391 0.082639 0.022656 0.090278
