0 0.350000 0.285417 0.092188 0.106944
0 0.468750 0.462500 0.095312 0.102778
0 0.729297 0.702778 0.066406 0.136111
0 0.615234 0.591667 0.067969 0.125000
0 0.673047 0.214583 0.052344 0.170833
0 0.563281 0.151389 0.089063 0.091667
0 0.681641 0.356250 0.075781 0.148611
0 0.847266 0.509028 0.046094 0.156944
0 0.502734 0.065972 0.086719 0.098611
0 0.728906 0.388194 0.046875 0.156944
0 0.805859 0.606250 0.066406 0.126389
0 0.653125 0.682639 0.081250 0.098611
0 0.571875 0.340278 0.060937 0.158333
0 0.338281 0.111111 0.057813 0.150000
0 0.421875 0.205556 0.090625 0.122222
0 0.789844 0.541667 0.053125 0.102778
0 0.825391 0.684722 0.060156 0.083333
0 0.842578 0.613889 0.058594 0.097222
