0 0.519141 0.256250 0.075781 0.106944
0 0.492578 0.429861 0.082031 0.106944
0 0.329297 0.654861 0.050781 0.131944
0 0.174609 0.521528 0.067969 0.098611
0 0.357812 0.301389 0.060937 0.122222
0 0.378516 0.416667 0.080469 0.113889
0 0.482422 0.095833 0.046094 0.144444
0 0.406641 0.621528 0.082031 0.134722
0 0.851953 0.549306 0.057031 0.098611
0 0.664453 0.495139 0.083594 0.129167
0 0.837109 0.413889 0.050781 0.122222
0 0.468359 0.093056 0.072656 0.141667
0 0.829688 0.697917 0.073438 0.101389
0 0.225000 0.612500 0.051562 0.113889
0 0.600391 0.264583 0.086719 0.118056
0 0.887500 0.127778 0.043750 0.088889
0 0.865234 0.718056 0.046094 0.125000
0 0.364453 0.722917 0.071094 0.109722
0 0.370703 0.499306 0.061719 0.095833
0 0.724609 0.374306 0.066406 0.090278
0 0.450781 0.082639 0.050000 0.126389
0 0.560156 0.074306 0.087500 0.104167
