0 0.527344 0.150000 0.067187 0.094444
0 0.397656 0.827778 0.071875 0.061111
0 0.128906 0.273611 0.045312 0.108333
0 0.349219 0.395833 0.075000 0.136111
0 0.253906 0.107639 0.081250 0.076389
0 0.511719 0.501389 0.068750 0.108333
0 0.573047 0.297222 0.077344 0.125000
0 0.150000 0.207639 0.079687 0.081944
0 0.335156 0.525000 0.073438 0.083333
0 0.360547 0.768750 0.083594 0.104167
0 0.255078 0.645833 0.091406 0.086111
0 0.323047 0.699306 0.071094 0.093056
0 0.638281 0.663889 0.067187 0.072222
0 0.408594 0.568056 0.092188 0.111111
0 0.508203 0.716667 0.055469 0.130556
0 0.226953 0.177778 0.064844 0.108333
0 0.280469 0.395833 0.043750 0.116667
0 0.203906 0.404167 0.075000 0.097222
0 0.462109 0.127083 0.072656 0.145833
0 0.662500 0.561111 0.075000 0.080556
0 0.587500 0.222917 0.073438 0.104167
0 0.880859 0.438194 0.057031 0.095833
0 0.768750 0.602778 0.054688 0.113889
0 0.288281 0.770139 0.048438 0.134722
0 0.821094 0.818750 0.065625 0.104167
0 0.872656 0.750694 0.070312 0.093056
