0 0.173437 0.250000 0.071875 0.094444
0 0.374609 0.327778 0.088281 0.097222
0 0.114062 0.607639 0.045312 0.081944
0 0.137891 0.206944 0.027344 0.100000
0 0.112109 0.679861 0.038281 0.101389
0 0.157812 0.822917 0.040625 0.087500
0 0.146875 0.907639 0.045312 0.062500
0 0.280469 0.387500 0.054688 0.108333
0 0.291016 0.484028 0.044531 0.098611
0 0.170703 0.114583 0.066406 0.079167
0 0.444922 0.386111 0.039844 0.172222
0 0.687500 0.313889 0.075000 0.088889
0 0.595313 0.087500 0.053125 0.127778
0 0.581250 0.300694 0.075000 0.076389
0 0.840625 0.545139 0.050000 0.068056
0 0.857422 0.595833 0.047656 0.072222
0 0.867578 0.666667 0.047656 0.083333
0 0.655859 0.844444 0.053906 0.069444
0 0.652344 0.715972 0.040625 0.140278
0 0.887109 0.628472 0.035156 0.068056
0 0.338281 0.579861 0.034375 0.101389
0 0.493750 0.366667 0.045312 0.133333
0 0.401953 0.747222 0.055469 0.122222
0 0.251953 0.104167 0.050781 0.086111
0 0.121484 0.522222 0.039844 0.111111
0 0.310547 0.856944 0.052344 0.063889
0 0.693750 0.143750 0.075000 0.098611
