0 0.499162 0.532371 0.0914886 0.111061
0 0.569228 0.484664 0.0526205 0.16173
0 0.383717 0.214201 0.0535562 0.164789
0 0.65152 0.539989 0.0899788 0.103317
0 0.745517 0.850561 0.070336 0.0919323
0 0.774399 0.604448 0.0494188 0.116287
0 0.484199 0.215033 0.0464144 0.176225
0 0.327804 0.182048 0.0455009 0.165452
0 0.849304 0.683238 0.04384 0.15631
0 0.537718 0.14027 0.0575603 0.184297
0 0.597239 0.283582 0.0691026 0.146294
0 0.756908 0.704498 0.0570719 0.131721
0 0.795456 0.834297 0.0604023 0.0802033
0 0.833422 0.760016 0.0614639 0.0797348
0 0.629465 0.23611 0.0922182 0.0925145
0 0.336386 0.297934 0.0776599 0.109069
0 0.758229 0.145457 0.0757441 0.113947
0 0.756712 0.769446 0.0688305 0.0778999
0 0.60304 0.149856 0.0895336 0.111118
0 0.8759 0.140688 0.0774925 0.0837833
