0 0.135156 0.105556 0.062500 0.105556
0 0.232813 0.298611 0.043750 0.122222
0 0.524219 0.288889 0.064062 0.183333
0 0.358984 0.211806 0.063281 0.165278
0 0.339062 0.548611 0.071875 0.077778
0 0.552344 0.731250 0.075000 0.112500
0 0.330469 0.486806 0.070312 0.101389
0 0.875781 0.124306 0.067187 0.098611
0 0.859766 0.211111 0.058594 0.100000
0 0.401562 0.420833 0.062500 0.136111
0 0.544141 0.074306 0.075781 0.126389
0 0.374219 0.692361 0.053125 0.165278
0 0.188281 0.304167 0.048438 0.169444
0 0.796875 0.381250 0.075000 0.098611
0 0.890625 0.311111 0.042188 0.130556
0 0.199219 0.144444 0.071875 0.116667
0 0.571875 0.382639 0.092188 0.123611
0 0.424609 0.727778 0.083594 0.097222
0 0.781641 0.738889 0.047656 0.122222
0 0.851953 0.371528 0.049219 0.137500
0 0.529687 0.452778 0.056250 0.088889
