0 0.472656 0.082639 0.070312 0.118056
0 0.712500 0.378472 0.070312 0.129167
0 0.635938 0.342361 0.081250 0.148611
0 0.566406 0.077778 0.073438 0.116667
0 0.503516 0.538194 0.074219 0.126389
0 0.635156 0.461806 0.076563 0.162500
0 0.685937 0.690278 0.081250 0.100000
0 0.783984 0.368750 0.063281 0.143056
0 0.551562 0.475000 0.100000 0.119444
0 0.385937 0.416667 0.060937 0.150000
0 0.862500 0.324306 0.045312 0.126389
0 0.837109 0.406250 0.050781 0.095833
0 0.824219 0.605556 0.068750 0.105556
0 0.445703 0.438889 0.067969 0.133333
0 0.751563 0.712500 0.053125 0.111111
0 0.792969 0.689583 0.070312 0.084722
0 0.380859 0.298611 0.092969 0.108333
0 0.222266 0.204861 0.058594 0.104167
0 0.706641 0.475694 0.077344 0.112500
0 0.756250 0.501389 0.050000 0.108333
