0 0.484031 0.12463 0.0513784 0.173774
0 0.346826 0.209463 0.0524357 0.149868
0 0.542678 0.136309 0.0530842 0.15658
0 0.548259 0.313528 0.0726584 0.153025
0 0.409542 0.191801 0.0774321 0.116271
0 0.4163 0.5384 0.0880687 0.107683
0 0.813923 0.729768 0.0765659 0.110396
0 0.398747 0.0745519 0.100549 0.117097
0 0.845391 0.420327 0.0690401 0.104357
0 0.859695 0.359842 0.0560673 0.154221
0 0.894508 0.577369 0.0450218 0.157424
0 0.841813 0.504832 0.0789623 0.0873986
0 0.237525 0.788458 0.0423246 0.127137
0 0.573009 0.457234 0.0954032 0.101192
0 0.574884 0.383686 0.0977184 0.124653
0 0.459731 0.347852 0.0739887 0.187164
0 0.857786 0.553729 0.056284 0.100728
0 0.453314 0.398018 0.0791403 0.0996494
0 0.902245 0.383796 0.0398546 0.145684
0 0.849545 0.544437 0.0721647 0.125186
