0 0.533869 0.594528 0.077339 0.123601
0 0.803649 0.202632 0.0636078 0.129292
0 0.377908 0.551202 0.0530373 0.154298
0 0.329572 0.546365 0.0498365 0.134276
0 0.172207 0.531464 0.0668239 0.0910491
0 0.610832 0.244467 0.0686441 0.151456
0 0.42187 0.0901253 0.051528 0.165138
0 0.499078 0.291756 0.0839886 0.120657
0 0.340392 0.207137 0.0789398 0.11259
0 0.707161 0.759992 0.0715511 0.083411
0 0.870601 0.131696 0.0622185 0.0920173
0 0.513376 0.416122 0.0852892 0.111638
0 0.85377 0.559705 0.0732124 0.0995281
0 0.663112 0.240982 0.0732506 0.132411
0 0.392942 0.423716 0.0632848 0.0877626
0 0.360411 0.305269 0.0593623 0.127276
0 0.76551 0.0987953 0.0548551 0.0934869
0 0.227352 0.609932 0.0490548 0.112567
0 0.835976 0.378069 0.0690617 0.0980126
0 0.848602 0.638571 0.0697111 0.0769896
0 0.82899 0.698979 0.0672148 0.0836069
0 0.883676 0.27616 0.0409229 0.108372
