0 0.567729 0.484242 0.0705153 0.156604
0 0.811622 0.508698 0.0638573 0.178387
0 0.32652 0.18862 0.0447568 0.153959
0 0.539885 0.127779 0.063459 0.183542
0 0.653839 0.541267 0.0841571 0.104156
0 0.416697 0.112371 0.0479855 0.162791
0 0.465364 0.478881 0.08475 0.129302
0 0.382697 0.21852 0.05243 0.146489
0 0.917772 0.341853 0.0714413 0.122841
0 0.747341 0.851837 0.0705448 0.093413
0 0.849611 0.681032 0.0440292 0.15793
0 0.602135 0.15681 0.075857 0.122234
0 0.678813 0.203754 0.0776535 0.114309
0 0.60085 0.295208 0.0805864 0.105242
0 0.790848 0.834707 0.0452518 0.090193
0 0.787303 0.742049 0.0718584 0.0810065
0 0.336529 0.297625 0.0802947 0.109917
0 0.833258 0.761232 0.0652159 0.0788133
