0 0.363459 0.264995 0.0603482 0.142481
0 0.572142 0.477301 0.0400431 0.142751
0 0.40347 0.464187 0.0669608 0.11462
0 0.726979 0.703977 0.0638432 0.128813
0 0.471983 0.261322 0.0668015 0.138669
0 0.507565 0.404356 0.0587729 0.138467
0 0.348046 0.648715 0.071034 0.120281
0 0.667678 0.452385 0.0664628 0.125457
0 0.433041 0.574521 0.0852429 0.122403
0 0.839594 0.134472 0.0538795 0.113521
0 0.884179 0.268795 0.0619499 0.0830869
0 0.223071 0.60596 0.0577922 0.0991825
0 0.648532 0.120696 0.0793043 0.097153
0 0.843868 0.428727 0.0803968 0.0983373
0 0.325783 0.560185 0.0573576 0.149129
0 0.713871 0.492953 0.0647978 0.139643
0 0.39472 0.563033 0.0442759 0.115845
0 0.786462 0.587077 0.071183 0.104319
0 0.890625 0.37974 0.0409794 0.129523
0 0.628452 0.38425 0.072577 0.0972269
0 0.229804 0.379574 0.0437954 0.0951343
0 0.439845 0.351856 0.062511 0.125049
0 0.808098 0.327052 0.062693 0.0915099
