0 0.466797 0.073611 0.071094 0.144444
0 0.494141 0.443056 0.069531 0.125000
0 0.604688 0.265278 0.078125 0.113889
0 0.174219 0.518750 0.068750 0.093056
0 0.329297 0.644444 0.052344 0.116667
0 0.383594 0.413889 0.084375 0.108333
0 0.398438 0.618750 0.071875 0.140278
0 0.353906 0.310417 0.068750 0.104167
0 0.603125 0.475000 0.075000 0.113889
0 0.701562 0.761806 0.050000 0.106944
0 0.372656 0.188889 0.075000 0.108333
0 0.887891 0.127083 0.052344 0.081944
0 0.365234 0.501389 0.050781 0.086111
0 0.888672 0.398611 0.038281 0.105556
0 0.838281 0.413889 0.068750 0.105556
0 0.866016 0.541667 0.069531 0.113889
0 0.829297 0.691667 0.071094 0.108333
0 0.511719 0.342361 0.075000 0.093056
0 0.360156 0.700000 0.081250 0.097222
0 0.719922 0.373611 0.061719 0.094444
0 0.852734 0.311806 0.058594 0.090278
