0 0.825391 0.150000 0.072656 0.111111
0 0.215625 0.281250 0.075000 0.112500
0 0.156250 0.245139 0.057813 0.126389
0 0.141797 0.467361 0.049219 0.131944
0 0.599609 0.510417 0.069531 0.123611
0 0.748437 0.546528 0.076563 0.140278
0 0.212891 0.555556 0.067969 0.141667
0 0.491797 0.252778 0.094531 0.113889
0 0.760938 0.811806 0.059375 0.079167
0 0.602344 0.625000 0.076563 0.072222
0 0.880469 0.281944 0.054688 0.125000
0 0.896875 0.493750 0.057813 0.101389
0 0.366016 0.354861 0.063281 0.148611
0 0.839063 0.672222 0.079687 0.083333
0 0.850781 0.752778 0.053125 0.105556
0 0.165625 0.524306 0.046875 0.093056
0 0.772656 0.750000 0.065625 0.119444
0 0.233203 0.425694 0.072656 0.087500
0 0.856641 0.214583 0.074219 0.087500
0 0.884766 0.579861 0.058594 0.090278
