0 0.739622 0.478873 0.0624427 0.140494
0 0.514612 0.407224 0.086721 0.157258
0 0.800314 0.48065 0.0547686 0.13561
0 0.584007 0.605927 0.0607177 0.113256
0 0.841248 0.825638 0.0507824 0.106989
0 0.588166 0.3556 0.0767073 0.118952
0 0.165009 0.534097 0.0464978 0.102021
0 0.910072 0.453537 0.0394642 0.142733
0 0.81201 0.283171 0.0767151 0.0938652
0 0.865222 0.503294 0.0591892 0.13422
0 0.374116 0.104632 0.0896044 0.11232
0 0.683012 0.756901 0.0614306 0.10675
0 0.239737 0.762381 0.0531361 0.123502
0 0.727493 0.608156 0.0801912 0.0982427
0 0.733783 0.100903 0.0674425 0.107643
0 0.852915 0.366253 0.0710037 0.126702
0 0.575467 0.141104 0.0707058 0.109711
0 0.772768 0.195784 0.0859887 0.0960304
0 0.824845 0.687343 0.0541624 0.0747509
0 0.840297 0.156353 0.0584356 0.108915
