0 0.453332 0.528974 0.0980243 0.098391
0 0.625197 0.295082 0.0458267 0.161581
0 0.681194 0.312294 0.0473141 0.173786
0 0.476874 0.202047 0.0934402 0.0950431
0 0.600267 0.619379 0.0436034 0.114311
0 0.817682 0.847092 0.0577917 0.0799586
0 0.812688 0.426789 0.0485088 0.152344
0 0.734963 0.592612 0.0466697 0.125899
0 0.562572 0.284501 0.07351 0.102279
0 0.833521 0.135796 0.0537189 0.109247
0 0.50467 0.282278 0.0693209 0.12027
0 0.647303 0.539752 0.0978702 0.103822
0 0.554961 0.169232 0.0733919 0.123413
0 0.9032 0.728338 0.0531405 0.0920637
0 0.802929 0.777809 0.0632905 0.102961
0 0.880562 0.778483 0.0524868 0.0750854
0 0.851519 0.354767 0.068018 0.107087
0 0.901767 0.744697 0.0511963 0.092116
