0 0.520703 0.588889 0.069531 0.155556
0 0.729688 0.386111 0.042188 0.161111
0 0.352344 0.286111 0.084375 0.097222
0 0.678516 0.362500 0.080469 0.133333
0 0.615234 0.604861 0.066406 0.101389
0 0.406641 0.382639 0.080469 0.112500
0 0.430078 0.455556 0.066406 0.180556
0 0.590234 0.391667 0.077344 0.113889
0 0.488281 0.072917 0.092188 0.095833
0 0.555078 0.118750 0.060156 0.154167
0 0.846875 0.502778 0.046875 0.138889
0 0.654297 0.684028 0.071094 0.101389
0 0.621094 0.289583 0.070312 0.131944
0 0.803516 0.597222 0.069531 0.119444
0 0.413672 0.286111 0.078906 0.102778
0 0.789844 0.532639 0.057813 0.090278
0 0.389844 0.056944 0.101562 0.100000
0 0.837891 0.631944 0.061719 0.125000
0 0.836719 0.660417 0.059375 0.162500
