0 0.500391 0.650694 0.067969 0.076389
0 0.276562 0.478472 0.056250 0.084722
0 0.128125 0.286111 0.040625 0.100000
0 0.123438 0.496528 0.059375 0.068056
0 0.239844 0.565972 0.046875 0.109722
0 0.199609 0.587500 0.038281 0.100000
0 0.113672 0.422222 0.036719 0.083333
0 0.887109 0.684722 0.042969 0.086111
0 0.475781 0.774306 0.040625 0.120833
0 0.885547 0.741667 0.041406 0.066667
0 0.878125 0.389583 0.035937 0.118056
0 0.918750 0.752778 0.037500 0.069444
0 0.520312 0.504861 0.046875 0.087500
0 0.114453 0.356944 0.041406 0.072222
0 0.429297 0.768056 0.041406 0.127778
0 0.889844 0.143750 0.031250 0.093056
0 0.633594 0.607639 0.046875 0.095833
0 0.851562 0.070833 0.028125 0.072222
0 0.867969 0.074306 0.031250 0.073611
0 0.820312 0.145833 0.043750 0.152778
0 0.776563 0.146528 0.042188 0.081944
0 0.882031 0.308333 0.062500 0.100000
0 0.864844 0.266667 0.035937 0.080556
0 0.876563 0.242361 0.040625 0.065278
0 0.515625 0.200000 0.039062 0.119444
0 0.864844 0.138194 0.051562 0.062500
0 0.827734 0.077778 0.047656 0.063889
