0 0.5751 0.2035 0.0634284 0.111751
0 0.198619 0.627416 0.0751054 0.101978
0 0.371345 0.537267 0.0756664 0.120463
0 0.719766 0.379082 0.0788979 0.0977719
0 0.359588 0.296154 0.0652276 0.120964
0 0.315668 0.104052 0.0832689 0.0942623
0 0.17696 0.39943 0.0720236 0.107703
0 0.474671 0.521445 0.0560603 0.129827
0 0.844862 0.872412 0.0452866 0.0835643
0 0.80297 0.718023 0.0661758 0.0893544
0 0.689085 0.612194 0.0614361 0.10902
0 0.531278 0.825732 0.0704697 0.0851139
0 0.133124 0.260407 0.045207 0.113514
0 0.858317 0.775748 0.05326 0.0922106
0 0.331258 0.186947 0.06859 0.0741453
0 0.584252 0.809242 0.0604401 0.101582
0 0.486388 0.390382 0.0849692 0.130376
0 0.547224 0.71269 0.0532993 0.123017
0 0.638144 0.691747 0.0666115 0.111426
0 0.235877 0.119069 0.0537157 0.117115
0 0.209768 0.301735 0.0678444 0.0996193
0 0.546551 0.557513 0.0499846 0.122287
0 0.169712 0.702712 0.0630895 0.093495
0 0.199677 0.745902 0.0530653 0.133079
