0 0.485547 0.159722 0.074219 0.063889
0 0.429297 0.246528 0.077344 0.112500
0 0.349609 0.097222 0.094531 0.105556
0 0.271094 0.084722 0.070312 0.075000
0 0.178516 0.120833 0.055469 0.125000
0 0.272266 0.153472 0.072656 0.087500
0 0.207422 0.254167 0.083594 0.113889
0 0.212109 0.388889 0.046094 0.100000
0 0.131250 0.207639 0.045312 0.101389
0 0.160547 0.309722 0.050781 0.108333
0 0.139453 0.690972 0.042969 0.120833
0 0.190625 0.621528 0.060937 0.093056
0 0.173828 0.493750 0.071094 0.087500
0 0.363672 0.547917 0.085156 0.134722
0 0.362500 0.422222 0.048438 0.091667
0 0.474609 0.498611 0.060156 0.138889
0 0.278516 0.312500 0.067969 0.097222
0 0.457813 0.573611 0.089063 0.111111
0 0.592187 0.205556 0.064062 0.097222
0 0.588672 0.569444 0.063281 0.141667
0 0.310937 0.380556 0.082812 0.111111
0 0.746875 0.281250 0.054688 0.131944
0 0.746875 0.617361 0.067187 0.087500
0 0.588672 0.717361 0.042969 0.129167
0 0.818750 0.850694 0.053125 0.118056
0 0.880078 0.722917 0.049219 0.112500
