0 0.665519 0.519622 0.0723139 0.132404
0 0.285552 0.0970513 0.082864 0.106652
0 0.257001 0.267924 0.0621403 0.135755
0 0.23951 0.731159 0.0637729 0.0755139
0 0.54638 0.210882 0.0750244 0.145073
0 0.56258 0.520306 0.0587509 0.153671
0 0.359842 0.538388 0.0655774 0.13861
0 0.221689 0.0477621 0.0554854 0.0955243
0 0.394821 0.788414 0.0777557 0.0961724
0 0.376658 0.0660085 0.0617717 0.132017
0 0.744789 0.525183 0.0643322 0.111555
0 0.284683 0.471725 0.0658623 0.117984
0 0.576979 0.340455 0.0555853 0.0849222
0 0.446212 0.492199 0.0626146 0.132188
0 0.175627 0.552156 0.0616924 0.108492
0 0.148757 0.650647 0.065253 0.119366
0 0.637381 0.331052 0.0566333 0.166574
0 0.326818 0.577803 0.0510336 0.157059
0 0.154355 0.269637 0.0651696 0.11089
0 0.685467 0.359303 0.0757629 0.111654
0 0.178771 0.351684 0.0391727 0.127912
0 0.132237 0.150121 0.0563162 0.0921608
0 0.311191 0.0309923 0.0552231 0.0619847
