0 0.357838 0.54952 0.0536953 0.147805
0 0.724246 0.708527 0.062821 0.141329
0 0.606466 0.615935 0.0875624 0.100092
0 0.475197 0.53032 0.0938663 0.0983271
0 0.780483 0.62363 0.0500733 0.160233
0 0.497953 0.163441 0.0993271 0.0957947
0 0.203823 0.502874 0.0506308 0.109139
0 0.221606 0.605653 0.0582672 0.0971286
0 0.345136 0.196483 0.0718849 0.146039
0 0.770408 0.467008 0.0650053 0.0937898
0 0.599928 0.471673 0.0586401 0.131843
0 0.90814 0.208642 0.0682577 0.0747475
0 0.863775 0.52046 0.0433262 0.115918
0 0.327547 0.678361 0.0509088 0.124683
0 0.631354 0.12068 0.0909784 0.09256
0 0.457636 0.22765 0.0824331 0.132435
0 0.821257 0.583728 0.0609156 0.0986876
0 0.674227 0.451079 0.0809692 0.0996477
0 0.830743 0.137131 0.0505793 0.140149
0 0.857313 0.228052 0.0592007 0.111671
0 0.448172 0.377098 0.077705 0.101057
0 0.830045 0.16878 0.0590326 0.0869526
0 0.971635 0.634245 0.056678 0.121214
0 0.831081 0.295693 0.0606785 0.100713
