0 0.195703 0.440278 0.069531 0.091667
0 0.133984 0.243056 0.042969 0.130556
0 0.177344 0.186111 0.053125 0.122222
0 0.147656 0.781250 0.060937 0.104167
0 0.424609 0.304861 0.035156 0.145833
0 0.373828 0.661111 0.075781 0.111111
0 0.881250 0.358333 0.037500 0.052778
0 0.120703 0.504861 0.042969 0.106944
0 0.130859 0.654167 0.038281 0.097222
0 0.378906 0.799306 0.046875 0.123611
0 0.122656 0.432639 0.051562 0.098611
0 0.396484 0.082639 0.044531 0.109722
0 0.147266 0.913194 0.055469 0.068056
0 0.134766 0.832639 0.052344 0.068056
0 0.423828 0.453472 0.057031 0.118056
0 0.488672 0.679167 0.063281 0.136111
0 0.833594 0.640278 0.050000 0.080556
0 0.623437 0.378472 0.081250 0.081944
0 0.736328 0.716667 0.050781 0.077778
0 0.763281 0.247222 0.040625 0.091667
0 0.510547 0.435417 0.063281 0.120833
0 0.485547 0.086806 0.080469 0.084722
0 0.871484 0.296528 0.061719 0.076389
0 0.276953 0.729861 0.078906 0.090278
0 0.119141 0.338889 0.039844 0.102778
0 0.280078 0.193056 0.055469 0.141667
