0 0.161 0.582115 0.0472669 0.0983071
0 0.499665 0.54778 0.0926371 0.10484
0 0.721133 0.598458 0.0693254 0.137962
0 0.852761 0.552108 0.0517406 0.105726
0 0.75635 0.753625 0.0511271 0.102551
0 0.903354 0.56493 0.0457796 0.121199
0 0.850837 0.195284 0.0417299 0.127797
0 0.889584 0.471524 0.0638519 0.149617
0 0.886989 0.660532 0.0439243 0.111047
0 0.240309 0.761469 0.0536465 0.125665
0 0.844376 0.84711 0.0560188 0.0947798
0 0.796706 0.349737 0.0791557 0.116679
0 0.831784 0.645676 0.0564297 0.114016
0 0.87505 0.776348 0.0662912 0.0935233
0 0.805001 0.722822 0.0751537 0.113096
0 0.686099 0.755227 0.0683821 0.10906
0 0.799879 0.261615 0.0664332 0.0694776
0 0.783559 0.574968 0.0369964 0.133611
0 0.699507 0.199974 0.0785492 0.122236
