0 0.541016 0.104861 0.050781 0.156944
0 0.451953 0.447222 0.064844 0.163889
0 0.771094 0.555556 0.067187 0.144444
0 0.433203 0.217361 0.063281 0.168056
0 0.477734 0.293750 0.072656 0.123611
0 0.683203 0.620833 0.058594 0.144444
0 0.868750 0.537500 0.067187 0.094444
0 0.825391 0.531250 0.044531 0.143056
0 0.630859 0.404861 0.089844 0.115278
0 0.346875 0.311111 0.081250 0.133333
0 0.696875 0.320833 0.081250 0.094444
0 0.553906 0.287500 0.095312 0.097222
0 0.417969 0.578472 0.104688 0.109722
0 0.778516 0.719444 0.072656 0.094444
0 0.848437 0.363194 0.087500 0.101389
0 0.723828 0.199306 0.094531 0.109722
0 0.749609 0.438889 0.049219 0.125000
0 0.625000 0.550694 0.081250 0.081944
0 0.766406 0.339583 0.078125 0.101389
0 0.242969 0.245139 0.039062 0.104167
