0 0.471875 0.327778 0.053125 0.097222
0 0.128516 0.722222 0.035156 0.094444
0 0.659375 0.137500 0.037500 0.100000
0 0.124609 0.315972 0.067969 0.073611
0 0.444922 0.380556 0.086719 0.083333
0 0.217969 0.221528 0.054688 0.098611
0 0.528125 0.444444 0.051562 0.125000
0 0.547656 0.722917 0.062500 0.073611
0 0.169141 0.497222 0.058594 0.102778
0 0.121484 0.522917 0.046094 0.120833
0 0.141797 0.430556 0.064844 0.116667
0 0.687500 0.626389 0.054688 0.069444
0 0.532813 0.298611 0.053125 0.138889
0 0.596484 0.681944 0.041406 0.108333
0 0.578906 0.297222 0.053125 0.147222
0 0.176563 0.306944 0.046875 0.133333
0 0.325781 0.654167 0.053125 0.119444
0 0.396875 0.819444 0.059375 0.122222
0 0.871094 0.365278 0.039062 0.119444
0 0.311328 0.209028 0.047656 0.120833
0 0.121484 0.232639 0.042969 0.106944
0 0.285938 0.545139 0.076563 0.115278
0 0.331641 0.765278 0.057031 0.102778
0 0.553906 0.088194 0.079687 0.087500
0 0.247656 0.113889 0.067187 0.086111
0 0.408203 0.665972 0.050781 0.118056
