0 0.506864 0.427108 0.0919213 0.103342
0 0.445275 0.0793315 0.091566 0.119188
0 0.367672 0.491596 0.0573709 0.100892
0 0.171444 0.531409 0.0677465 0.0928335
0 0.758921 0.402099 0.0621301 0.149744
0 0.354504 0.309963 0.0678708 0.109813
0 0.521457 0.25486 0.07567 0.111827
0 0.88799 0.129193 0.0614477 0.0792448
0 0.620295 0.350246 0.0679282 0.0929736
0 0.827821 0.697315 0.0669767 0.0879835
0 0.32686 0.667407 0.0507487 0.156795
0 0.227944 0.609941 0.0464042 0.111938
0 0.60111 0.261315 0.0833801 0.114037
0 0.398801 0.699451 0.064478 0.0983498
0 0.8559 0.638252 0.0722284 0.0825373
0 0.834674 0.390182 0.0574106 0.0992388
0 0.873762 0.483898 0.0486202 0.0841687
0 0.845317 0.56315 0.0688549 0.105132
0 0.381191 0.617775 0.0927986 0.114991
0 0.532504 0.0826073 0.0866988 0.119137
0 0.617688 0.440622 0.0835659 0.101536
0 0.897515 0.310306 0.0566124 0.121918
