0 0.126953 0.668750 0.035156 0.098611
0 0.125781 0.551389 0.056250 0.088889
0 0.265234 0.479167 0.057031 0.080556
0 0.239063 0.520139 0.043750 0.079167
0 0.170313 0.786111 0.037500 0.108333
0 0.134375 0.806250 0.029687 0.062500
0 0.121875 0.752083 0.031250 0.106944
0 0.138281 0.729167 0.045312 0.080556
0 0.173047 0.904861 0.057031 0.073611
0 0.748047 0.695833 0.036719 0.119444
0 0.849219 0.111111 0.040625 0.075000
0 0.526953 0.647222 0.063281 0.086111
0 0.455859 0.595833 0.041406 0.122222
0 0.394531 0.697222 0.050000 0.116667
0 0.643359 0.649306 0.053906 0.068056
0 0.613672 0.703472 0.042969 0.112500
0 0.747266 0.595139 0.050781 0.104167
0 0.888672 0.329167 0.049219 0.080556
0 0.873437 0.257639 0.042188 0.093056
0 0.922656 0.766667 0.045312 0.061111
0 0.780469 0.569444 0.048438 0.100000
0 0.747266 0.321528 0.057031 0.065278
0 0.769922 0.055556 0.058594 0.055556
0 0.798828 0.108333 0.028906 0.075000
0 0.784375 0.638889 0.054688 0.052778
0 0.823438 0.086806 0.039062 0.056944
0 0.771094 0.109722 0.059375 0.086111
0 0.712109 0.699306 0.038281 0.095833
