0 0.441291 0.443382 0.0597965 0.189844
0 0.81822 0.406857 0.0572079 0.144909
0 0.566492 0.419711 0.076758 0.105319
0 0.532836 0.282709 0.050637 0.167691
0 0.346548 0.218553 0.0540998 0.132837
0 0.903262 0.205499 0.0473188 0.149668
0 0.714697 0.508354 0.101044 0.123756
0 0.475812 0.342899 0.0393639 0.144876
0 0.236616 0.796972 0.0395529 0.129009
0 0.830872 0.843607 0.0686953 0.0757278
0 0.392949 0.167358 0.0710674 0.128357
0 0.892911 0.785821 0.0481012 0.0831518
0 0.842627 0.749124 0.0367699 0.110317
0 0.763682 0.741485 0.0682653 0.101635
0 0.397821 0.070471 0.0962791 0.100001
0 0.471384 0.206447 0.0709846 0.136876
0 0.510257 0.128324 0.0513863 0.1688
0 0.791546 0.689265 0.0735728 0.113226
0 0.887452 0.579869 0.0518444 0.15302
