0 0.717755 0.353297 0.0594 0.138739
0 0.503865 0.529179 0.0887825 0.0959171
0 0.613904 0.609419 0.0478064 0.15662
0 0.44326 0.435326 0.0551966 0.141713
0 0.581639 0.459632 0.0502558 0.159896
0 0.344942 0.308067 0.0880961 0.113364
0 0.448797 0.302251 0.0553773 0.15517
0 0.565704 0.320754 0.0769278 0.148179
0 0.560564 0.599702 0.0585517 0.134911
0 0.85222 0.673688 0.0807127 0.0960954
0 0.395418 0.395349 0.05905 0.147229
0 0.671791 0.241357 0.071809 0.104477
0 0.862724 0.350434 0.0762844 0.107003
0 0.81763 0.610504 0.0412115 0.104001
0 0.469738 0.0718288 0.0686422 0.1165
0 0.756054 0.683353 0.036116 0.11455
0 0.841626 0.761065 0.0553555 0.0845371
0 0.714911 0.724961 0.0626884 0.0966057
0 0.671017 0.641676 0.0820421 0.117626
0 0.436029 0.562105 0.0929095 0.109763
