0 0.632787 0.349797 0.0678585 0.162952
0 0.467856 0.0832577 0.0763362 0.119899
0 0.710416 0.382624 0.0713581 0.123989
0 0.837961 0.401912 0.0501579 0.106012
0 0.505001 0.530633 0.0646332 0.147264
0 0.624372 0.686537 0.0455139 0.154045
0 0.690376 0.690534 0.0792217 0.100211
0 0.566718 0.0761611 0.075835 0.119211
0 0.780121 0.389323 0.056762 0.156558
0 0.637791 0.475396 0.0685528 0.149301
0 0.550717 0.474435 0.0995191 0.11999
0 0.387371 0.435787 0.0678137 0.167734
0 0.861505 0.327753 0.0453709 0.127713
0 0.787994 0.688485 0.0705734 0.0819263
0 0.799389 0.614451 0.0829044 0.0950474
0 0.698838 0.479303 0.0880329 0.117438
0 0.385325 0.303592 0.103273 0.108221
0 0.445697 0.43819 0.0819428 0.112641
0 0.754817 0.50159 0.0623013 0.108731
0 0.222239 0.203272 0.0581142 0.106699
