0 0.393359 0.825000 0.036719 0.102778
0 0.500391 0.648611 0.050781 0.050000
0 0.521094 0.696528 0.032813 0.101389
0 0.602344 0.702083 0.037500 0.126389
0 0.585938 0.596528 0.042188 0.106944
0 0.621094 0.601389 0.031250 0.102778
0 0.537891 0.494444 0.069531 0.063889
0 0.513672 0.433333 0.064844 0.066667
0 0.465234 0.433333 0.036719 0.125000
0 0.666406 0.434722 0.065625 0.063889
0 0.620313 0.118056 0.059375 0.088889
0 0.673047 0.203472 0.060156 0.101389
0 0.715234 0.306250 0.044531 0.118056
0 0.773828 0.077083 0.052344 0.079167
0 0.812500 0.081944 0.037500 0.086111
0 0.845703 0.081944 0.027344 0.080556
0 0.835938 0.143750 0.045312 0.062500
0 0.844141 0.197222 0.044531 0.061111
0 0.870313 0.180556 0.026562 0.072222
0 0.876953 0.350694 0.041406 0.095833
0 0.864844 0.431944 0.032813 0.125000
0 0.857812 0.837500 0.046875 0.072222
0 0.884375 0.827778 0.031250 0.055556
0 0.844141 0.904167 0.025781 0.063889
0 0.821094 0.915972 0.039062 0.070833
0 0.776563 0.921528 0.053125 0.062500
0 0.723047 0.948611 0.052344 0.091667
