0 0.114453 0.688889 0.036719 0.050000
0 0.857031 0.125694 0.028125 0.120833
0 0.271484 0.479167 0.053906 0.077778
0 0.234375 0.518056 0.056250 0.075000
0 0.130469 0.567361 0.050000 0.081944
0 0.128125 0.754167 0.050000 0.080556
0 0.138281 0.709722 0.062500 0.077778
0 0.416406 0.566667 0.054688 0.102778
0 0.887500 0.682639 0.050000 0.068056
0 0.893359 0.143056 0.028906 0.094444
0 0.513672 0.652083 0.075781 0.084722
0 0.887891 0.736111 0.044531 0.066667
0 0.873828 0.297917 0.035156 0.084722
0 0.879297 0.393056 0.036719 0.116667
0 0.855469 0.262500 0.048438 0.125000
0 0.923047 0.749306 0.044531 0.068056
0 0.889062 0.255556 0.031250 0.102778
0 0.829688 0.160417 0.046875 0.073611
0 0.800000 0.080556 0.035937 0.100000
0 0.745703 0.638889 0.050781 0.061111
0 0.864844 0.068750 0.046875 0.068056
0 0.749219 0.118750 0.059375 0.079167
0 0.119922 0.646528 0.046094 0.056944
0 0.621875 0.606250 0.042188 0.095833
0 0.837500 0.109028 0.034375 0.098611
0 0.879687 0.125694 0.026562 0.081944
0 0.376563 0.644444 0.076563 0.075000
