0 0.374219 0.442361 0.064062 0.154167
0 0.448437 0.365278 0.060937 0.183333
0 0.615625 0.736111 0.050000 0.125000
0 0.683984 0.340972 0.075781 0.137500
0 0.222266 0.206944 0.053906 0.113889
0 0.727734 0.615972 0.052344 0.137500
0 0.582422 0.484028 0.053906 0.151389
0 0.475000 0.090972 0.059375 0.154167
0 0.580469 0.119444 0.070312 0.116667
0 0.752344 0.397222 0.045312 0.158333
0 0.685156 0.695139 0.087500 0.104167
0 0.852734 0.543056 0.047656 0.133333
0 0.706641 0.412500 0.064844 0.150000
0 0.581641 0.379167 0.067969 0.147222
0 0.334766 0.224306 0.058594 0.151389
0 0.805469 0.338194 0.087500 0.104167
0 0.804297 0.651389 0.066406 0.088889
0 0.755469 0.511111 0.068750 0.102778
0 0.428906 0.470833 0.079687 0.111111
0 0.630859 0.645833 0.071094 0.102778
0 0.377734 0.525000 0.063281 0.075000
