0 0.145703 0.793750 0.046094 0.098611
0 0.411719 0.782639 0.081250 0.087500
0 0.378906 0.862500 0.084375 0.091667
0 0.147656 0.364583 0.053125 0.112500
0 0.203516 0.191667 0.063281 0.083333
0 0.165234 0.595833 0.061719 0.097222
0 0.368750 0.303472 0.057813 0.143056
0 0.115625 0.296528 0.046875 0.087500
0 0.602344 0.077778 0.067187 0.086111
0 0.287500 0.522222 0.079687 0.094444
0 0.389453 0.602778 0.066406 0.119444
0 0.455469 0.380556 0.087500 0.086111
0 0.638672 0.095139 0.066406 0.112500
0 0.587500 0.143056 0.057813 0.083333
0 0.238281 0.379861 0.051562 0.143056
0 0.275000 0.613194 0.078125 0.101389
0 0.878906 0.322917 0.065625 0.065278
0 0.139844 0.914583 0.067187 0.070833
0 0.114062 0.219444 0.037500 0.080556
0 0.119922 0.465972 0.057031 0.087500
0 0.182422 0.263889 0.064844 0.066667
0 0.195312 0.834028 0.032813 0.084722
0 0.168750 0.478472 0.039062 0.115278
0 0.230469 0.838194 0.051562 0.079167
0 0.881250 0.257639 0.048438 0.098611
