0 0.463281 0.583333 0.071875 0.133333
0 0.491406 0.054167 0.095312 0.102778
0 0.685547 0.363194 0.067969 0.156944
0 0.422266 0.331944 0.067969 0.116667
0 0.566016 0.468056 0.058594 0.172222
0 0.714063 0.704167 0.053125 0.169444
0 0.422656 0.184028 0.092188 0.115278
0 0.842187 0.506250 0.050000 0.140278
0 0.862891 0.348611 0.064844 0.102778
0 0.637891 0.536806 0.074219 0.090278
0 0.795703 0.677778 0.042969 0.100000
0 0.872656 0.190278 0.048438 0.125000
0 0.709766 0.596528 0.074219 0.101389
0 0.838672 0.675694 0.041406 0.129167
0 0.337500 0.127778 0.057813 0.133333
0 0.404297 0.447917 0.097656 0.106944
0 0.692187 0.209028 0.056250 0.115278
0 0.243750 0.240278 0.043750 0.097222
0 0.797656 0.209722 0.068750 0.105556
0 0.368750 0.322917 0.059375 0.145833
0 0.604688 0.136111 0.057813 0.133333
0 0.699219 0.200000 0.073438 0.130556
