0 0.507173 0.426596 0.0937622 0.104345
0 0.521004 0.255081 0.0766422 0.113169
0 0.32333 0.49019 0.0492045 0.117712
0 0.173977 0.530084 0.0672865 0.0849568
0 0.354429 0.31048 0.0700637 0.107996
0 0.399818 0.0897017 0.0893772 0.117178
0 0.602239 0.26041 0.0851721 0.112401
0 0.625418 0.357899 0.0606745 0.108872
0 0.878401 0.1348 0.0666014 0.0810706
0 0.326511 0.606692 0.0521254 0.112209
0 0.666366 0.470219 0.0820183 0.11318
0 0.530228 0.0843974 0.0874907 0.121813
0 0.792966 0.365738 0.0543448 0.152036
0 0.828935 0.700831 0.0690592 0.0892805
0 0.409056 0.694969 0.0718909 0.105143
0 0.910039 0.320746 0.0430611 0.148422
0 0.381932 0.5933 0.0664222 0.12659
0 0.856175 0.639466 0.0698368 0.0872837
0 0.873693 0.486149 0.0491228 0.0860815
0 0.846712 0.559939 0.0699242 0.10162
0 0.227645 0.609927 0.0485798 0.1189
