0 0.587500 0.254861 0.059375 0.151389
0 0.652734 0.469444 0.071094 0.133333
0 0.380078 0.563889 0.046094 0.125000
0 0.359766 0.255556 0.061719 0.147222
0 0.587891 0.479861 0.042969 0.115278
0 0.409766 0.464583 0.063281 0.120833
0 0.653516 0.109028 0.072656 0.098611
0 0.223828 0.606944 0.053906 0.097222
0 0.330859 0.560417 0.049219 0.148611
0 0.638672 0.715278 0.050781 0.133333
0 0.532813 0.455556 0.093750 0.116667
0 0.455469 0.256944 0.089063 0.105556
0 0.734766 0.513194 0.074219 0.112500
0 0.725391 0.693750 0.069531 0.109722
0 0.885938 0.443056 0.053125 0.116667
0 0.880078 0.273611 0.042969 0.152778
0 0.412500 0.745833 0.089063 0.102778
0 0.802734 0.495139 0.091406 0.106944
0 0.889062 0.727778 0.039062 0.088889
0 0.540234 0.727083 0.080469 0.109722
0 0.672656 0.621528 0.078125 0.093056
0 0.805469 0.337500 0.068750 0.091667
0 0.239453 0.353472 0.055469 0.093056
