0 0.165234 0.123611 0.071094 0.086111
0 0.227344 0.300694 0.048438 0.143056
0 0.260547 0.231944 0.055469 0.155556
0 0.497266 0.287500 0.082031 0.138889
0 0.400391 0.309028 0.053906 0.145833
0 0.797656 0.586806 0.053125 0.093056
0 0.656641 0.318750 0.110156 0.101389
0 0.362891 0.550694 0.064844 0.093056
0 0.530859 0.706250 0.060156 0.131944
0 0.517188 0.600694 0.048438 0.106944
0 0.824609 0.647222 0.052344 0.130556
0 0.328516 0.697222 0.049219 0.111111
0 0.875391 0.120139 0.067969 0.093056
0 0.842187 0.189583 0.070312 0.093056
0 0.363672 0.439583 0.083594 0.098611
0 0.548047 0.075000 0.067969 0.125000
0 0.887109 0.247222 0.047656 0.125000
0 0.578906 0.415278 0.076563 0.122222
0 0.660547 0.449306 0.061719 0.162500
0 0.383203 0.663194 0.061719 0.168056
0 0.185156 0.304167 0.046875 0.166667
