0 0.524512 0.392469 0.103825 0.113704
0 0.298032 0.122946 0.0740808 0.107726
0 0.457494 0.0551737 0.0781883 0.109763
0 0.683476 0.525022 0.0670219 0.147455
0 0.647717 0.353315 0.0856239 0.109073
0 0.444971 0.489829 0.0621078 0.130455
0 0.158587 0.451717 0.050543 0.118393
0 0.230704 0.0545084 0.0482136 0.109017
0 0.742432 0.531006 0.0585003 0.12585
0 0.283419 0.474497 0.0583032 0.118069
0 0.238163 0.624733 0.0685988 0.0970985
0 0.200239 0.700123 0.0639909 0.0852147
0 0.163778 0.174537 0.0567177 0.117774
0 0.358841 0.137378 0.0534867 0.161522
0 0.731666 0.233207 0.0648291 0.121529
0 0.580071 0.331028 0.06139 0.0899609
0 0.366154 0.573346 0.060335 0.11715
0 0.331403 0.51314 0.0586845 0.148756
0 0.136021 0.631951 0.0592059 0.14204
0 0.125679 0.180944 0.0396743 0.128407
0 0.136081 0.543845 0.0530796 0.0888396
0 0.319681 0.0445166 0.0713431 0.0890332
