0 0.654297 0.256944 0.046094 0.158333
0 0.516797 0.193056 0.050781 0.169444
0 0.457422 0.229167 0.077344 0.113889
0 0.713672 0.265278 0.044531 0.144444
0 0.553906 0.604861 0.045312 0.143056
0 0.363672 0.663889 0.057031 0.136111
0 0.460938 0.713889 0.062500 0.127778
0 0.771094 0.322222 0.057813 0.158333
0 0.351172 0.464583 0.060156 0.104167
0 0.503906 0.330556 0.051562 0.144444
0 0.831250 0.686806 0.076563 0.101389
0 0.499609 0.587500 0.082031 0.108333
0 0.825781 0.582639 0.045312 0.126389
0 0.349609 0.068750 0.092969 0.104167
0 0.569922 0.159028 0.083594 0.095833
0 0.161719 0.536806 0.059375 0.106944
0 0.868359 0.498611 0.071094 0.108333
0 0.578125 0.259028 0.075000 0.104167
0 0.754297 0.114583 0.057031 0.087500
0 0.831641 0.383333 0.057031 0.122222
0 0.864062 0.411111 0.060937 0.091667
