0 0.496484 0.390972 0.074219 0.165278
0 0.159375 0.578472 0.048438 0.095833
0 0.658203 0.488889 0.071094 0.125000
0 0.746484 0.113194 0.047656 0.143056
0 0.667578 0.297222 0.064844 0.122222
0 0.668359 0.757639 0.077344 0.090278
0 0.901563 0.757639 0.067187 0.093056
0 0.783203 0.420139 0.064844 0.087500
0 0.897266 0.568750 0.053906 0.101389
0 0.838281 0.738194 0.039062 0.126389
0 0.718359 0.698611 0.074219 0.102778
0 0.695312 0.534028 0.085938 0.101389
0 0.243359 0.759028 0.055469 0.123611
0 0.858594 0.593056 0.037500 0.133333
0 0.449609 0.120139 0.085156 0.104167
0 0.719531 0.847917 0.056250 0.079167
0 0.802734 0.751389 0.042969 0.094444
0 0.897266 0.795833 0.060156 0.108333
