0 0.626909 0.25254 0.0524441 0.15463
0 0.512678 0.471638 0.0648142 0.145961
0 0.638718 0.61444 0.0598612 0.149109
0 0.358299 0.202092 0.0615184 0.169184
0 0.341587 0.66359 0.0508661 0.12214
0 0.769258 0.468538 0.0679065 0.0980927
0 0.546156 0.254157 0.0719294 0.0951285
0 0.455923 0.522912 0.097291 0.1055
0 0.685041 0.223431 0.0674339 0.122
0 0.729262 0.763959 0.073955 0.08351
0 0.812842 0.206625 0.0476685 0.112643
0 0.841414 0.612686 0.0666685 0.104662
0 0.213346 0.612393 0.0669957 0.128113
0 0.583061 0.539794 0.0765226 0.0882529
0 0.310858 0.593206 0.0377717 0.114591
0 0.383199 0.601015 0.0810248 0.105519
0 0.488862 0.304397 0.0738347 0.119825
0 0.90653 0.15345 0.0427078 0.140021
0 0.460005 0.079473 0.0952075 0.111268
0 0.831775 0.111922 0.0407059 0.0907043
0 0.860412 0.194309 0.0410645 0.147038
0 0.204573 0.614437 0.0490077 0.122091
0 0.831796 0.303084 0.0608402 0.0905492
