0 0.172266 0.152083 0.049219 0.131944
0 0.124609 0.228472 0.060156 0.076389
0 0.133203 0.296528 0.057031 0.087500
0 0.382422 0.711111 0.057031 0.105556
0 0.247266 0.627778 0.042969 0.138889
0 0.426953 0.070833 0.067969 0.075000
0 0.141406 0.504167 0.042188 0.119444
0 0.114062 0.464583 0.021875 0.073611
0 0.118359 0.547222 0.038281 0.158333
0 0.187500 0.431250 0.059375 0.134722
0 0.161719 0.597917 0.057813 0.090278
0 0.152734 0.719444 0.038281 0.122222
0 0.273828 0.688194 0.077344 0.087500
0 0.432031 0.331250 0.071875 0.115278
0 0.146484 0.913194 0.053906 0.065278
0 0.136328 0.829861 0.052344 0.068056
0 0.346094 0.460417 0.054688 0.137500
0 0.446875 0.652083 0.073438 0.098611
0 0.813281 0.431944 0.075000 0.075000
0 0.806641 0.555556 0.038281 0.088889
0 0.636719 0.382639 0.079687 0.076389
0 0.566016 0.304861 0.050781 0.118056
0 0.761719 0.263889 0.042188 0.072222
0 0.611719 0.488889 0.059375 0.088889
0 0.579297 0.102778 0.069531 0.088889
0 0.794141 0.148611 0.064844 0.083333
