0 0.366406 0.417361 0.098437 0.104167
0 0.349609 0.506944 0.097656 0.088889
0 0.374219 0.063194 0.065625 0.106944
0 0.241016 0.177778 0.055469 0.141667
0 0.674219 0.321528 0.060937 0.120833
0 0.669922 0.080556 0.077344 0.091667
0 0.860938 0.563889 0.057813 0.091667
0 0.773047 0.532639 0.061719 0.145833
0 0.795312 0.102083 0.064062 0.104167
0 0.212109 0.268056 0.082031 0.077778
0 0.880469 0.500000 0.050000 0.080556
0 0.333594 0.600000 0.040625 0.122222
0 0.751172 0.652083 0.080469 0.106944
0 0.794922 0.713889 0.074219 0.077778
0 0.145313 0.098611 0.079687 0.077778
0 0.890625 0.163194 0.053125 0.101389
0 0.786328 0.268056 0.088281 0.080556
0 0.885938 0.381944 0.035937 0.113889
0 0.805078 0.637500 0.061719 0.122222
