0 0.655469 0.487500 0.051562 0.155556
0 0.488281 0.265972 0.062500 0.143056
0 0.367578 0.454861 0.047656 0.104167
0 0.831250 0.686111 0.075000 0.105556
0 0.155078 0.529861 0.072656 0.093056
0 0.355859 0.290278 0.052344 0.127778
0 0.506250 0.430556 0.076563 0.119444
0 0.377734 0.082639 0.092969 0.104167
0 0.871484 0.126389 0.057031 0.091667
0 0.330078 0.647917 0.053906 0.120833
0 0.557031 0.471528 0.057813 0.154167
0 0.723047 0.374306 0.067969 0.093056
0 0.900781 0.216667 0.067187 0.097222
0 0.397656 0.635417 0.073438 0.109722
0 0.535547 0.287500 0.044531 0.166667
0 0.785156 0.353472 0.057813 0.145833
0 0.892578 0.410417 0.046094 0.101389
0 0.362891 0.704861 0.082031 0.093056
0 0.844141 0.409028 0.061719 0.104167
0 0.851562 0.485417 0.065625 0.098611
