0 0.155859 0.436806 0.061719 0.123611
0 0.696484 0.134722 0.058594 0.169444
0 0.295703 0.393750 0.064844 0.193056
0 0.156250 0.211111 0.089063 0.100000
0 0.130469 0.370139 0.039062 0.137500
0 0.197266 0.318750 0.064844 0.168056
0 0.221875 0.424306 0.053125 0.148611
0 0.534766 0.100000 0.078906 0.155556
0 0.866797 0.381250 0.047656 0.126389
0 0.823047 0.201389 0.089844 0.097222
0 0.649609 0.113889 0.060156 0.144444
0 0.605078 0.759028 0.069531 0.118056
0 0.872656 0.629167 0.067187 0.127778
0 0.596094 0.064583 0.085938 0.104167
0 0.353906 0.197917 0.104688 0.118056
0 0.270313 0.139583 0.071875 0.134722
0 0.154297 0.317361 0.042969 0.120833
0 0.839453 0.516667 0.077344 0.072222
