0 0.158203 0.431944 0.061719 0.119444
0 0.696875 0.132639 0.057813 0.162500
0 0.303125 0.413889 0.067187 0.208333
0 0.157422 0.213194 0.097656 0.104167
0 0.130859 0.355556 0.038281 0.116667
0 0.201563 0.309722 0.065625 0.161111
0 0.241797 0.409028 0.055469 0.162500
0 0.496094 0.115972 0.068750 0.198611
0 0.871484 0.438194 0.080469 0.095833
0 0.822656 0.202083 0.084375 0.104167
0 0.878125 0.683333 0.045312 0.102778
0 0.845703 0.522917 0.075781 0.087500
0 0.649609 0.103472 0.063281 0.156944
0 0.608984 0.760417 0.064844 0.123611
0 0.817187 0.661111 0.076563 0.119444
0 0.414453 0.045833 0.085156 0.088889
0 0.364063 0.196528 0.104688 0.118056
0 0.265625 0.132639 0.071875 0.126389
0 0.154688 0.303472 0.045312 0.084722
