0 0.392969 0.302778 0.071875 0.161111
0 0.342578 0.520139 0.078906 0.126389
0 0.377734 0.061806 0.058594 0.109722
0 0.192969 0.088889 0.053125 0.166667
0 0.674219 0.326389 0.059375 0.125000
0 0.671094 0.081944 0.070312 0.094444
0 0.854688 0.565278 0.070312 0.094444
0 0.766016 0.565278 0.047656 0.166667
0 0.785937 0.096528 0.065625 0.112500
0 0.212109 0.268056 0.082031 0.077778
0 0.879687 0.501389 0.048438 0.083333
0 0.334375 0.604861 0.042188 0.112500
0 0.735547 0.752778 0.057031 0.161111
0 0.792188 0.733333 0.060937 0.097222
0 0.243750 0.190278 0.078125 0.088889
0 0.894141 0.156250 0.060156 0.087500
0 0.781641 0.272917 0.088281 0.079167
0 0.889062 0.387500 0.035937 0.100000
0 0.808984 0.540278 0.060156 0.147222
0 0.841797 0.659722 0.067969 0.094444
