0 0.132812 0.581944 0.060937 0.108333
0 0.291406 0.238194 0.090625 0.131944
0 0.696094 0.201389 0.075000 0.097222
0 0.328516 0.118056 0.075781 0.116667
0 0.540625 0.587500 0.089063 0.100000
0 0.610547 0.631250 0.060156 0.131944
0 0.380859 0.162500 0.072656 0.133333
0 0.698828 0.068056 0.071094 0.133333
0 0.807813 0.676389 0.073438 0.119444
0 0.857031 0.367361 0.054688 0.181944
0 0.750391 0.577778 0.066406 0.163889
0 0.216016 0.448611 0.060156 0.094444
0 0.240234 0.338889 0.089844 0.111111
0 0.715625 0.695833 0.054688 0.097222
0 0.161719 0.176389 0.053125 0.152778
0 0.208984 0.070139 0.097656 0.137500
