0 0.121484 0.644444 0.038281 0.091667
0 0.156250 0.650694 0.048438 0.087500
0 0.548828 0.601389 0.046094 0.144444
0 0.414062 0.933333 0.060937 0.077778
0 0.405469 0.848611 0.070312 0.077778
0 0.800391 0.911111 0.038281 0.097222
0 0.654687 0.647917 0.075000 0.079167
0 0.457422 0.933333 0.069531 0.072222
0 0.643750 0.771528 0.057813 0.098611
0 0.815625 0.260417 0.042188 0.109722
0 0.605469 0.487500 0.043750 0.091667
0 0.810937 0.836806 0.029687 0.084722
0 0.848047 0.813194 0.041406 0.062500
0 0.482812 0.829167 0.050000 0.075000
0 0.846094 0.160417 0.045312 0.073611
0 0.853906 0.109722 0.051562 0.069444
0 0.441406 0.361806 0.059375 0.084722
0 0.838281 0.313889 0.037500 0.122222
0 0.592578 0.651389 0.057031 0.055556
0 0.501563 0.226389 0.064062 0.075000
0 0.876172 0.203472 0.041406 0.109722
0 0.527734 0.382639 0.074219 0.084722
0 0.491016 0.061111 0.052344 0.116667
0 0.553125 0.068750 0.051562 0.081944
0 0.614844 0.076389 0.056250 0.086111
0 0.674219 0.181944 0.043750 0.105556
0 0.833203 0.913194 0.036719 0.070833
0 0.884375 0.128472 0.034375 0.093056
