0 0.467969 0.522917 0.090625 0.106944
0 0.340234 0.533333 0.053906 0.163889
0 0.501563 0.454167 0.071875 0.138889
0 0.487891 0.245139 0.085156 0.104167
0 0.360547 0.193056 0.061719 0.150000
0 0.611719 0.270833 0.075000 0.136111
0 0.201953 0.517361 0.052344 0.112500
0 0.343359 0.288889 0.075781 0.102778
0 0.525391 0.598611 0.077344 0.133333
0 0.446094 0.083333 0.092188 0.108333
0 0.785937 0.665972 0.076563 0.090278
0 0.768359 0.099306 0.063281 0.084722
0 0.857422 0.202778 0.049219 0.116667
0 0.824609 0.108333 0.074219 0.091667
0 0.598828 0.543056 0.071094 0.091667
0 0.836328 0.615278 0.055469 0.108333
0 0.391406 0.452083 0.065625 0.093056
0 0.733203 0.761806 0.071094 0.084722
0 0.795312 0.750694 0.045312 0.098611
0 0.815234 0.336111 0.067969 0.100000
0 0.216406 0.608333 0.071875 0.113889
0 0.849609 0.300694 0.041406 0.093056
