0 0.693772 0.322835 0.0531857 0.148327
0 0.453934 0.528994 0.0971531 0.10025
0 0.627033 0.299436 0.0485845 0.150788
0 0.600393 0.612434 0.0423842 0.124842
0 0.732748 0.59627 0.0522815 0.120983
0 0.758589 0.849732 0.0605578 0.0744212
0 0.477707 0.200718 0.0986157 0.0981587
0 0.507618 0.295175 0.0670551 0.122015
0 0.561704 0.285656 0.0706829 0.0994711
0 0.817341 0.848104 0.0581314 0.0808368
0 0.64748 0.5398 0.0966782 0.104052
0 0.54908 0.161627 0.0863968 0.137499
0 0.903206 0.728491 0.0542538 0.0913547
0 0.851417 0.357654 0.0685017 0.106711
0 0.881277 0.774591 0.0504459 0.0727509
0 0.833005 0.127069 0.0509708 0.118053
0 0.804324 0.778378 0.0656416 0.111814
0 0.907475 0.210372 0.0650585 0.137335
0 0.874915 0.18822 0.065065 0.124071
