0 0.600687 0.614942 0.0512458 0.169883
0 0.621632 0.292834 0.056041 0.15401
0 0.389932 0.311972 0.052036 0.174979
0 0.670647 0.379381 0.0678184 0.142373
0 0.843916 0.849669 0.057386 0.0970296
0 0.237584 0.760496 0.0494132 0.119917
0 0.484089 0.474508 0.102716 0.112352
0 0.62955 0.852659 0.0733845 0.0982435
0 0.90571 0.536166 0.0618427 0.0727912
0 0.165628 0.534655 0.0462515 0.102018
0 0.589966 0.767478 0.0930712 0.122521
0 0.885761 0.364287 0.0573364 0.147268
0 0.853042 0.192898 0.0660006 0.0923521
0 0.889229 0.125829 0.0685738 0.0790674
0 0.725916 0.716055 0.0706466 0.11119
0 0.799866 0.68096 0.0529871 0.0913132
0 0.694043 0.186804 0.0657318 0.0995121
0 0.755378 0.599197 0.0831364 0.118114
0 0.63784 0.717341 0.101881 0.108243
0 0.795675 0.101385 0.0663838 0.0896051
0 0.919702 0.380092 0.0480785 0.142752
