0 0.676548 0.651094 0.0575607 0.14346
0 0.160373 0.580671 0.0487905 0.0988911
0 0.4999 0.510681 0.0836577 0.102701
0 0.846481 0.640956 0.0631092 0.0929119
0 0.757504 0.766194 0.0507621 0.0940489
0 0.842572 0.746128 0.0513079 0.127933
0 0.76563 0.633843 0.0767708 0.0830078
0 0.855819 0.521334 0.0563782 0.100875
0 0.838873 0.844276 0.0436474 0.0892951
0 0.239817 0.76268 0.0520769 0.122031
0 0.851684 0.213728 0.0437069 0.14488
0 0.831584 0.32224 0.0640013 0.142287
0 0.684146 0.751393 0.0694958 0.115667
0 0.860603 0.120539 0.065464 0.0746241
0 0.773536 0.713539 0.0831719 0.16485
0 0.873702 0.596071 0.0747875 0.120903
