0 0.576562 0.443750 0.057813 0.187500
0 0.498047 0.061111 0.088281 0.108333
0 0.444922 0.299306 0.060156 0.165278
0 0.716406 0.705556 0.060937 0.161111
0 0.152344 0.439583 0.037500 0.115278
0 0.391016 0.435417 0.099219 0.106944
0 0.762891 0.587500 0.050781 0.136111
0 0.477734 0.588889 0.085156 0.122222
0 0.639453 0.537500 0.080469 0.088889
0 0.835156 0.665972 0.046875 0.134722
0 0.350391 0.309722 0.078906 0.133333
0 0.761328 0.378472 0.080469 0.145833
0 0.689844 0.217361 0.050000 0.118056
0 0.861328 0.347222 0.064844 0.100000
0 0.791406 0.688889 0.050000 0.102778
0 0.708984 0.589583 0.085156 0.098611
0 0.337109 0.118750 0.058594 0.148611
0 0.386328 0.178472 0.085156 0.115278
0 0.244141 0.248611 0.038281 0.113889
