0 0.510824 0.406948 0.0782713 0.156747
0 0.578075 0.347344 0.053945 0.163133
0 0.681758 0.225523 0.0453211 0.120405
0 0.552826 0.071305 0.0951553 0.100274
0 0.9153 0.465915 0.0509903 0.118522
0 0.583811 0.587012 0.0487717 0.157536
0 0.803111 0.280025 0.0759033 0.102424
0 0.840757 0.826331 0.0508781 0.106726
0 0.151277 0.542156 0.0473609 0.124697
0 0.856893 0.376653 0.0636166 0.138504
0 0.773642 0.382017 0.0988576 0.131768
0 0.682752 0.756312 0.0589123 0.10882
0 0.732998 0.114423 0.0677198 0.112083
0 0.240602 0.762499 0.0532487 0.120656
0 0.7208 0.604612 0.0684405 0.109187
0 0.826439 0.148558 0.0577198 0.0935176
0 0.828435 0.691663 0.0551147 0.074517
0 0.897967 0.19974 0.0859654 0.130235
0 0.852763 0.261741 0.0422812 0.125024
