0 0.641797 0.477778 0.046094 0.163889
0 0.596094 0.245139 0.073438 0.131944
0 0.557422 0.102778 0.088281 0.108333
0 0.719141 0.257639 0.063281 0.137500
0 0.329688 0.650694 0.054688 0.109722
0 0.476562 0.260417 0.087500 0.109722
0 0.339062 0.168056 0.065625 0.122222
0 0.359766 0.306250 0.058594 0.115278
0 0.828516 0.688194 0.074219 0.104167
0 0.364063 0.502083 0.046875 0.101389
0 0.723047 0.373611 0.069531 0.091667
0 0.153516 0.525000 0.074219 0.086111
0 0.888281 0.395139 0.037500 0.115278
0 0.875000 0.134722 0.042188 0.111111
0 0.516016 0.382639 0.049219 0.179167
0 0.856641 0.535417 0.052344 0.104167
0 0.411719 0.612500 0.081250 0.119444
0 0.812891 0.490972 0.091406 0.109722
0 0.844531 0.393750 0.053125 0.115278
0 0.899609 0.228472 0.060156 0.087500
0 0.362109 0.701389 0.077344 0.097222
