0 0.619531 0.671528 0.056250 0.140278
0 0.565234 0.263889 0.050781 0.147222
0 0.504297 0.379861 0.057031 0.162500
0 0.426563 0.476389 0.053125 0.105556
0 0.621094 0.274306 0.060937 0.143056
0 0.836328 0.167361 0.042969 0.134722
0 0.457031 0.581944 0.075000 0.125000
0 0.679688 0.693056 0.057813 0.161111
0 0.147266 0.551389 0.061719 0.102778
0 0.444531 0.102778 0.087500 0.091667
0 0.450000 0.724306 0.073438 0.120833
0 0.835547 0.668056 0.067969 0.108333
0 0.725000 0.271528 0.073438 0.104167
0 0.348828 0.077083 0.092969 0.115278
0 0.894531 0.569444 0.056250 0.122222
0 0.847266 0.518056 0.049219 0.102778
0 0.450000 0.350000 0.081250 0.122222
0 0.787500 0.194444 0.042188 0.125000
0 0.875000 0.447222 0.076563 0.163889
0 0.887109 0.290278 0.038281 0.111111
0 0.887891 0.470833 0.053906 0.122222
