0 0.321641 0.49415 0.0494367 0.12184
0 0.507184 0.427388 0.0946884 0.104446
0 0.521468 0.255595 0.0771962 0.112025
0 0.765509 0.40855 0.0540835 0.159041
0 0.397365 0.0893476 0.0856541 0.119515
0 0.354422 0.310977 0.067691 0.10763
0 0.173915 0.53124 0.0666672 0.0880666
0 0.625504 0.356622 0.0592409 0.104417
0 0.66701 0.471808 0.0820232 0.11456
0 0.877641 0.133669 0.0580795 0.0811087
0 0.32464 0.609193 0.0513063 0.124812
0 0.600481 0.261004 0.0881287 0.1139
0 0.378749 0.58828 0.0657809 0.128796
0 0.837913 0.379487 0.0481125 0.114686
0 0.827631 0.701793 0.0677837 0.0906694
0 0.41333 0.69393 0.0659134 0.113788
0 0.531492 0.084878 0.0915445 0.121719
0 0.847992 0.562409 0.0738523 0.10364
0 0.858069 0.640275 0.0704388 0.091971
0 0.873152 0.486327 0.0496872 0.0861979
0 0.229733 0.610104 0.0441036 0.112697
0 0.85544 0.313536 0.0560503 0.0860149
