0 0.468014 0.525103 0.0980598 0.108014
0 0.49551 0.452794 0.0776886 0.157957
0 0.608757 0.2665 0.0774571 0.126256
0 0.338536 0.521444 0.0585124 0.13741
0 0.486684 0.245786 0.0854404 0.103782
0 0.2011 0.524915 0.0502127 0.118249
0 0.840494 0.596901 0.0467335 0.109638
0 0.352279 0.209877 0.0874706 0.113486
0 0.805317 0.205357 0.0643164 0.121918
0 0.85961 0.104135 0.0567251 0.0831159
0 0.841327 0.378744 0.0684231 0.0954336
0 0.540757 0.602376 0.0803757 0.116306
0 0.618012 0.543178 0.0780063 0.0904921
0 0.382395 0.448271 0.0575354 0.0916284
0 0.733402 0.76568 0.0726162 0.0949283
0 0.831911 0.688124 0.0685911 0.0988441
0 0.222288 0.609516 0.0556472 0.113415
0 0.66531 0.240507 0.0740644 0.133267
0 0.766634 0.10143 0.0559002 0.10073
0 0.353701 0.304556 0.065521 0.118708
0 0.875213 0.675824 0.0361864 0.1399
0 0.443229 0.0821093 0.101933 0.108795
