0 0.528906 0.298611 0.051562 0.152778
0 0.480859 0.256250 0.057031 0.193056
0 0.394141 0.627778 0.067969 0.119444
0 0.342578 0.438889 0.071094 0.091667
0 0.342969 0.713194 0.067187 0.095833
0 0.155469 0.529861 0.071875 0.093056
0 0.355859 0.283333 0.052344 0.138889
0 0.829297 0.686806 0.071094 0.104167
0 0.781641 0.295139 0.050781 0.168056
0 0.376953 0.080556 0.086719 0.105556
0 0.548047 0.470139 0.057031 0.129167
0 0.326562 0.636806 0.054688 0.120833
0 0.448047 0.642361 0.053906 0.148611
0 0.751953 0.477778 0.071094 0.105556
0 0.893750 0.410417 0.045312 0.104167
0 0.904297 0.222222 0.074219 0.094444
0 0.707812 0.120833 0.062500 0.116667
0 0.816016 0.204861 0.047656 0.131944
0 0.844531 0.404167 0.065625 0.088889
0 0.723437 0.372222 0.070312 0.094444
0 0.852344 0.485417 0.070312 0.095833
