0 0.207031 0.436806 0.076563 0.109722
0 0.224609 0.219444 0.052344 0.088889
0 0.382422 0.587500 0.072656 0.127778
0 0.303516 0.395833 0.064844 0.180556
0 0.123047 0.366667 0.060156 0.097222
0 0.132031 0.500694 0.067187 0.115278
0 0.169922 0.256250 0.052344 0.170833
0 0.211719 0.296528 0.085938 0.090278
0 0.433984 0.290972 0.094531 0.112500
0 0.230078 0.123611 0.067969 0.138889
0 0.139453 0.215972 0.047656 0.140278
0 0.298828 0.090972 0.083594 0.126389
0 0.783984 0.297222 0.066406 0.177778
0 0.766797 0.420833 0.055469 0.186111
0 0.910937 0.798611 0.053125 0.072222
0 0.881641 0.268750 0.053906 0.129167
0 0.655859 0.079167 0.085156 0.116667
0 0.603906 0.748611 0.075000 0.094444
0 0.820312 0.661111 0.084375 0.091667
