0 0.328766 0.260641 0.0538928 0.167811
0 0.793957 0.67555 0.0460478 0.147403
0 0.387139 0.629461 0.0611683 0.158756
0 0.828112 0.500058 0.0495529 0.136477
0 0.44882 0.111574 0.0775389 0.114816
0 0.832183 0.292055 0.0559431 0.132834
0 0.88288 0.46754 0.0572079 0.0871091
0 0.715146 0.332099 0.0771284 0.111668
0 0.399399 0.498721 0.0904695 0.101383
0 0.57194 0.315224 0.0836246 0.121257
0 0.410642 0.238799 0.0766261 0.112838
0 0.830348 0.635271 0.0487839 0.0940131
0 0.394107 0.381555 0.0831733 0.122534
0 0.61151 0.495325 0.104524 0.111108
0 0.845193 0.358396 0.0838497 0.094356
0 0.711454 0.728513 0.0740753 0.0865918
0 0.438575 0.333227 0.0910149 0.110944
0 0.746374 0.73307 0.0500257 0.128424
0 0.735527 0.648289 0.0876822 0.105726
0 0.988322 0.954206 0.023355 0.0915883
0 0.972232 0.606264 0.0555365 0.141436
0 0.725775 0.738938 0.0919466 0.117132
