0 0.288281 0.100694 0.065625 0.093056
0 0.132812 0.771528 0.039062 0.115278
0 0.569531 0.375694 0.075000 0.068056
0 0.146484 0.231944 0.044531 0.130556
0 0.303125 0.396528 0.051562 0.145833
0 0.219531 0.128472 0.076563 0.087500
0 0.547266 0.724306 0.061719 0.076389
0 0.396484 0.321528 0.064844 0.123611
0 0.339844 0.633333 0.075000 0.102778
0 0.426953 0.778472 0.050781 0.098611
0 0.661719 0.081250 0.075000 0.087500
0 0.435547 0.451389 0.053906 0.150000
0 0.118359 0.558333 0.046094 0.086111
0 0.386719 0.848611 0.084375 0.119444
0 0.867578 0.354861 0.038281 0.123611
0 0.447656 0.311111 0.051562 0.147222
0 0.199219 0.847222 0.045312 0.080556
0 0.188672 0.432639 0.047656 0.131944
0 0.303125 0.541667 0.046875 0.155556
0 0.128906 0.647222 0.054688 0.072222
0 0.273828 0.595833 0.044531 0.150000
0 0.355859 0.231250 0.052344 0.145833
0 0.721094 0.067361 0.050000 0.048611
0 0.713281 0.848611 0.032813 0.102778
0 0.124219 0.483333 0.053125 0.072222
0 0.527734 0.424306 0.036719 0.143056
