0 0.411966 0.590781 0.0961922 0.114355
0 0.538476 0.104697 0.056636 0.158271
0 0.419696 0.310466 0.085312 0.110719
0 0.47624 0.342075 0.0681309 0.145704
0 0.594713 0.375882 0.0593044 0.13237
0 0.453478 0.44938 0.0643423 0.156288
0 0.643165 0.31401 0.0844782 0.0896673
0 0.682675 0.625799 0.0622225 0.156051
0 0.7864 0.712342 0.0794939 0.0963959
0 0.843099 0.3772 0.076491 0.101394
0 0.787768 0.53447 0.0575124 0.137825
0 0.344942 0.309761 0.0807413 0.130105
0 0.866713 0.532782 0.0652409 0.10374
0 0.829182 0.528339 0.0394365 0.147903
0 0.631738 0.473324 0.0766737 0.107082
0 0.739021 0.399037 0.0682508 0.15088
0 0.65038 0.548174 0.0707286 0.0741343
0 0.747311 0.18742 0.048023 0.125314
0 0.242798 0.245771 0.0374397 0.102817
