0 0.742767 0.314546 0.053716 0.157139
0 0.33119 0.256706 0.0557294 0.155453
0 0.383366 0.628972 0.0536722 0.159435
0 0.788497 0.696833 0.0523108 0.112655
0 0.833365 0.306708 0.0513172 0.144914
0 0.399366 0.500568 0.0917535 0.0968341
0 0.66585 0.726319 0.0446767 0.123762
0 0.829538 0.4979 0.0486454 0.121236
0 0.688696 0.479079 0.0763716 0.113827
0 0.88361 0.470401 0.0560867 0.0893391
0 0.572208 0.314855 0.0840628 0.118869
0 0.392986 0.384595 0.0852429 0.118201
0 0.469448 0.0911736 0.0770065 0.118489
0 0.410233 0.235789 0.0750109 0.118976
0 0.718588 0.720363 0.0697178 0.0893616
0 0.754844 0.510428 0.0719041 0.140583
0 0.438352 0.330736 0.0905972 0.106568
0 0.854989 0.334132 0.0763731 0.119899
