0 0.823956 0.854655 0.0390501 0.130136
0 0.899419 0.219067 0.0848316 0.0934667
0 0.547519 0.301508 0.0894693 0.109433
0 0.849687 0.577905 0.0688923 0.144156
0 0.696704 0.670698 0.0778574 0.117739
0 0.646089 0.542541 0.0921327 0.104126
0 0.740835 0.852649 0.0714045 0.0966176
0 0.826523 0.43447 0.0494114 0.120625
0 0.496905 0.194554 0.097477 0.0991311
0 0.711142 0.539774 0.0627275 0.0929864
0 0.345722 0.255576 0.0767262 0.126973
0 0.785894 0.831187 0.0436443 0.0973453
0 0.861109 0.729975 0.0478901 0.133032
0 0.777795 0.743309 0.0603231 0.0844079
0 0.853043 0.351846 0.0699154 0.109822
0 0.326118 0.325717 0.0704514 0.0929869
0 0.878958 0.724228 0.0633469 0.120049
