0 0.126172 0.644444 0.041406 0.088889
0 0.185547 0.620833 0.060156 0.077778
0 0.592969 0.651389 0.060937 0.075000
0 0.293750 0.930556 0.071875 0.097222
0 0.385156 0.783333 0.068750 0.069444
0 0.526953 0.718750 0.047656 0.098611
0 0.843359 0.908333 0.046094 0.058333
0 0.656250 0.648611 0.073438 0.077778
0 0.458203 0.937500 0.055469 0.072222
0 0.665625 0.777083 0.046875 0.090278
0 0.801172 0.913194 0.030469 0.095833
0 0.810937 0.872917 0.037500 0.081944
0 0.834375 0.925000 0.029687 0.075000
0 0.846875 0.861111 0.037500 0.091667
0 0.744141 0.530556 0.041406 0.091667
0 0.839453 0.313889 0.036719 0.116667
0 0.817187 0.263194 0.043750 0.120833
0 0.830859 0.090278 0.047656 0.063889
0 0.859375 0.117361 0.046875 0.068056
0 0.890234 0.120139 0.028906 0.059722
0 0.797266 0.540278 0.041406 0.119444
0 0.890234 0.160417 0.044531 0.093056
0 0.874609 0.204861 0.036719 0.095833
0 0.534766 0.376389 0.072656 0.083333
0 0.520312 0.087500 0.062500 0.136111
0 0.572656 0.055556 0.056250 0.100000
0 0.616797 0.056250 0.044531 0.087500
0 0.674219 0.181944 0.045312 0.113889
