0 0.468777 0.522633 0.0939108 0.109316
0 0.495875 0.449967 0.0768845 0.152537
0 0.48729 0.245179 0.0888359 0.103997
0 0.337725 0.528048 0.0569704 0.152093
0 0.802516 0.203239 0.0643283 0.127231
0 0.195174 0.521421 0.0505537 0.110515
0 0.539177 0.597285 0.0770444 0.114406
0 0.352346 0.210423 0.0843179 0.113461
0 0.636841 0.548157 0.0760517 0.0875112
0 0.76573 0.101767 0.0533512 0.0959103
0 0.828297 0.6864 0.0650938 0.0923269
0 0.382342 0.452351 0.0553836 0.0982836
0 0.856233 0.108794 0.0516315 0.0947208
0 0.729448 0.761637 0.0696913 0.0889133
0 0.837928 0.391131 0.0613462 0.114975
0 0.87991 0.676302 0.0500649 0.136515
0 0.616255 0.26154 0.0758984 0.128789
0 0.664554 0.244584 0.0719406 0.140052
0 0.444904 0.0821074 0.100945 0.108338
0 0.839682 0.59771 0.0476776 0.117306
0 0.354085 0.299145 0.0657513 0.114215
0 0.233714 0.603757 0.0379031 0.105487
