0 0.277344 0.321528 0.056250 0.159722
0 0.201953 0.111806 0.067969 0.084722
0 0.355859 0.130556 0.060156 0.125000
0 0.542969 0.437500 0.062500 0.158333
0 0.344531 0.724306 0.078125 0.087500
0 0.849219 0.762500 0.042188 0.097222
0 0.661719 0.104861 0.085938 0.076389
0 0.599219 0.109028 0.057813 0.090278
0 0.418359 0.390972 0.071094 0.109722
0 0.766406 0.111111 0.057813 0.091667
0 0.141016 0.679167 0.052344 0.108333
0 0.449219 0.306250 0.064062 0.084722
0 0.160938 0.128472 0.035937 0.095833
0 0.153125 0.778472 0.059375 0.131944
0 0.228125 0.802083 0.042188 0.098611
0 0.462109 0.649306 0.060156 0.120833
0 0.132422 0.531250 0.042969 0.120833
0 0.134766 0.418056 0.061719 0.083333
0 0.824219 0.853472 0.060937 0.070833
0 0.243750 0.582639 0.075000 0.095833
0 0.510547 0.296528 0.052344 0.137500
0 0.299219 0.526389 0.051562 0.141667
0 0.282422 0.788194 0.052344 0.126389
0 0.251563 0.445833 0.067187 0.088889
0 0.179297 0.647917 0.047656 0.073611
0 0.228516 0.275000 0.041406 0.100000
