0 0.783594 0.072222 0.039062 0.094444
0 0.807813 0.133333 0.034375 0.088889
0 0.756641 0.081944 0.033594 0.080556
0 0.739844 0.118056 0.032813 0.080556
0 0.711719 0.083333 0.051562 0.086111
0 0.588672 0.055556 0.050781 0.063889
0 0.660547 0.348611 0.063281 0.080556
0 0.874609 0.277083 0.052344 0.062500
0 0.876172 0.493056 0.036719 0.094444
0 0.892188 0.681250 0.037500 0.073611
0 0.896484 0.735417 0.038281 0.048611
0 0.883203 0.772222 0.044531 0.047222
0 0.863281 0.895139 0.037500 0.070833
0 0.820312 0.912500 0.043750 0.061111
0 0.780469 0.921528 0.037500 0.068056
0 0.737500 0.934028 0.051562 0.059722
0 0.545703 0.647222 0.072656 0.077778
0 0.505859 0.570833 0.047656 0.108333
0 0.239063 0.503472 0.050000 0.065278
0 0.129297 0.675694 0.030469 0.084722
0 0.171875 0.760417 0.034375 0.098611
0 0.129688 0.740972 0.045312 0.059722
0 0.128516 0.787500 0.047656 0.041667
0 0.132812 0.829167 0.050000 0.055556
0 0.148438 0.694444 0.031250 0.058333
0 0.396094 0.182639 0.059375 0.095833
0 0.312891 0.173611 0.038281 0.111111
