0 0.471875 0.331250 0.053125 0.104167
0 0.128906 0.720833 0.035937 0.091667
0 0.659375 0.135417 0.037500 0.109722
0 0.128516 0.318750 0.067969 0.076389
0 0.444922 0.380556 0.086719 0.083333
0 0.213672 0.222917 0.061719 0.090278
0 0.529297 0.443056 0.053906 0.122222
0 0.547656 0.722917 0.062500 0.073611
0 0.167969 0.499306 0.057813 0.098611
0 0.116406 0.447917 0.048438 0.109722
0 0.147266 0.418056 0.046094 0.130556
0 0.687500 0.627083 0.054688 0.070833
0 0.526953 0.304861 0.044531 0.134722
0 0.596094 0.683333 0.040625 0.108333
0 0.624219 0.086806 0.046875 0.126389
0 0.173437 0.306944 0.045312 0.138889
0 0.289062 0.635417 0.067187 0.076389
0 0.396875 0.821528 0.059375 0.118056
0 0.870703 0.363194 0.038281 0.123611
0 0.311328 0.204861 0.047656 0.120833
0 0.122266 0.229861 0.042969 0.106944
0 0.282813 0.546528 0.075000 0.112500
0 0.332422 0.772222 0.053906 0.088889
0 0.549609 0.088889 0.071094 0.088889
0 0.229687 0.456944 0.057813 0.133333
0 0.408203 0.665972 0.050781 0.118056
