0 0.341016 0.181944 0.057031 0.180556
0 0.668359 0.434028 0.060156 0.151389
0 0.473828 0.525694 0.096094 0.098611
0 0.500391 0.165278 0.100781 0.102778
0 0.360156 0.504167 0.056250 0.130556
0 0.723437 0.149306 0.059375 0.129167
0 0.726562 0.699306 0.065625 0.126389
0 0.564063 0.593056 0.073438 0.105556
0 0.767188 0.474306 0.059375 0.104167
0 0.504687 0.404861 0.076563 0.118056
0 0.325781 0.672917 0.050000 0.112500
0 0.819141 0.586111 0.055469 0.102778
0 0.457031 0.238889 0.082812 0.108333
0 0.221875 0.606944 0.059375 0.102778
0 0.630859 0.118750 0.091406 0.095833
0 0.863281 0.529167 0.043750 0.127778
0 0.908984 0.208333 0.066406 0.072222
0 0.610938 0.478472 0.059375 0.131944
0 0.856641 0.226389 0.060156 0.116667
0 0.238672 0.394444 0.035156 0.125000
0 0.839453 0.112500 0.061719 0.094444
0 0.887500 0.133333 0.043750 0.105556
