0 0.582812 0.740972 0.079687 0.084722
0 0.246484 0.175694 0.064844 0.093056
0 0.405859 0.113194 0.069531 0.090278
0 0.508594 0.779167 0.060937 0.094444
0 0.507031 0.454861 0.053125 0.162500
0 0.457422 0.777083 0.060156 0.095833
0 0.147656 0.900000 0.045312 0.105556
0 0.386328 0.861806 0.080469 0.090278
0 0.113281 0.409722 0.048438 0.108333
0 0.566016 0.374306 0.083594 0.101389
0 0.348047 0.130556 0.041406 0.136111
0 0.239453 0.443056 0.053906 0.105556
0 0.669141 0.093750 0.047656 0.115278
0 0.634375 0.117361 0.046875 0.106944
0 0.144922 0.213889 0.049219 0.088889
0 0.875391 0.370833 0.063281 0.083333
0 0.194922 0.397222 0.039844 0.119444
0 0.135156 0.640972 0.057813 0.081944
0 0.448047 0.456250 0.064844 0.143056
0 0.302734 0.480556 0.055469 0.072222
0 0.412891 0.603472 0.049219 0.093056
0 0.123438 0.565972 0.040625 0.081944
0 0.120703 0.459028 0.060156 0.076389
0 0.255469 0.343056 0.075000 0.102778
0 0.162891 0.446528 0.035156 0.104167
0 0.124219 0.523611 0.057813 0.058333
