0 0.636328 0.189583 0.085156 0.106944
0 0.308984 0.429861 0.082031 0.112500
0 0.245703 0.143056 0.066406 0.163889
0 0.242188 0.275000 0.084375 0.083333
0 0.152344 0.534028 0.062500 0.134722
0 0.481250 0.266667 0.079687 0.141667
0 0.456250 0.100000 0.115625 0.125000
0 0.857031 0.388889 0.050000 0.152778
0 0.769922 0.615278 0.082031 0.138889
0 0.607812 0.753472 0.067187 0.109722
0 0.873437 0.646528 0.073438 0.109722
0 0.691016 0.091667 0.058594 0.158333
0 0.314063 0.188889 0.051562 0.102778
0 0.642969 0.078472 0.071875 0.154167
0 0.789062 0.337500 0.059375 0.175000
0 0.134375 0.459028 0.054688 0.148611
0 0.442969 0.643750 0.059375 0.168056
0 0.384375 0.204861 0.110937 0.098611
0 0.913281 0.620139 0.034375 0.148611
