0 0.264844 0.595139 0.071875 0.104167
0 0.398438 0.217361 0.057813 0.079167
0 0.141406 0.747917 0.037500 0.129167
0 0.227734 0.304167 0.066406 0.102778
0 0.662500 0.152083 0.042188 0.109722
0 0.163672 0.334722 0.050781 0.119444
0 0.222266 0.611111 0.049219 0.116667
0 0.428906 0.454861 0.046875 0.123611
0 0.188672 0.426389 0.052344 0.113889
0 0.394531 0.303472 0.060937 0.104167
0 0.550391 0.720139 0.058594 0.079167
0 0.137109 0.586111 0.053906 0.088889
0 0.200000 0.729167 0.067187 0.072222
0 0.137500 0.490972 0.048438 0.115278
0 0.873437 0.420833 0.034375 0.091667
0 0.819922 0.131250 0.050781 0.101389
0 0.605078 0.372222 0.082031 0.097222
0 0.884375 0.179167 0.054688 0.069444
0 0.263672 0.804167 0.078906 0.091667
0 0.166797 0.821528 0.057031 0.081944
0 0.313281 0.447917 0.060937 0.140278
0 0.432031 0.538194 0.076563 0.101389
0 0.120703 0.323611 0.036719 0.125000
0 0.245312 0.472222 0.057813 0.119444
0 0.168750 0.510417 0.034375 0.118056
0 0.348047 0.081250 0.063281 0.109722
