0 0.465234 0.595139 0.053906 0.154167
0 0.533594 0.518056 0.092188 0.113889
0 0.598047 0.475000 0.050781 0.130556
0 0.727734 0.547222 0.061719 0.141667
0 0.611328 0.645139 0.066406 0.126389
0 0.236719 0.249306 0.043750 0.123611
0 0.638672 0.372222 0.046094 0.172222
0 0.740234 0.405556 0.057031 0.155556
0 0.439063 0.349306 0.068750 0.148611
0 0.752734 0.668750 0.083594 0.112500
0 0.685156 0.381250 0.057813 0.145833
0 0.664062 0.469444 0.076563 0.102778
0 0.339453 0.117361 0.060156 0.143056
0 0.764844 0.568750 0.046875 0.123611
0 0.824219 0.495139 0.068750 0.093056
0 0.464062 0.131944 0.096875 0.100000
0 0.822266 0.715972 0.055469 0.143056
0 0.795312 0.687500 0.042188 0.091667
0 0.736328 0.235417 0.069531 0.093056
