0 0.282291 0.470571 0.057302 0.127885
0 0.356815 0.142661 0.0589667 0.175794
0 0.231499 0.0522866 0.0475771 0.104573
0 0.164901 0.469399 0.0440754 0.129159
0 0.452978 0.0493695 0.0856976 0.0987389
0 0.528479 0.391622 0.104005 0.11627
0 0.734911 0.239946 0.0683061 0.12055
0 0.200236 0.699889 0.0617716 0.0854591
0 0.297511 0.141919 0.0713767 0.1213
0 0.584581 0.327783 0.0648163 0.0972616
0 0.332138 0.513672 0.0573727 0.164881
0 0.67815 0.527389 0.0808886 0.145905
0 0.140591 0.62903 0.0520474 0.142276
0 0.742508 0.536718 0.0606222 0.119893
0 0.646472 0.352849 0.0892888 0.11147
0 0.44549 0.490091 0.0622541 0.135878
0 0.366171 0.571093 0.0612387 0.118213
0 0.234666 0.633524 0.0630109 0.120534
0 0.148662 0.221196 0.0462247 0.138056
0 0.13126 0.143499 0.0457869 0.122627
0 0.126529 0.500962 0.0511415 0.0987445
