0 0.37729 0.442646 0.0726345 0.126062
0 0.549869 0.545614 0.0626106 0.16131
0 0.607255 0.246025 0.0600325 0.149956
0 0.411341 0.0916996 0.0779124 0.104838
0 0.358174 0.682827 0.0693371 0.0987773
0 0.510739 0.243654 0.058544 0.193486
0 0.227815 0.265208 0.0469852 0.140434
0 0.881341 0.681244 0.0714004 0.0938744
0 0.710574 0.150135 0.0599215 0.121367
0 0.479294 0.84478 0.0705141 0.131876
0 0.562779 0.230425 0.0595343 0.139805
0 0.343463 0.563469 0.0531826 0.130414
0 0.422342 0.833859 0.047391 0.0932526
0 0.32578 0.226349 0.0644621 0.102694
0 0.569226 0.117665 0.0871174 0.109776
0 0.651545 0.181382 0.0834111 0.100739
0 0.485733 0.72089 0.098208 0.108396
0 0.834276 0.756526 0.0473686 0.0963192
0 0.89253 0.324767 0.0383419 0.138885
0 0.444832 0.34839 0.0690584 0.0958016
0 0.246068 0.671127 0.0281299 0.138095
0 0.879759 0.767332 0.0505976 0.0660158
0 0.357675 0.151964 0.0579326 0.158503
