0 0.496094 0.390972 0.070312 0.151389
0 0.160938 0.579167 0.050000 0.097222
0 0.575391 0.290278 0.078906 0.127778
0 0.714844 0.545833 0.081250 0.111111
0 0.668359 0.295833 0.064844 0.127778
0 0.889062 0.568750 0.070312 0.095833
0 0.754297 0.720833 0.053906 0.141667
0 0.668359 0.757639 0.074219 0.090278
0 0.823438 0.649306 0.037500 0.101389
0 0.835547 0.742361 0.039844 0.118056
0 0.897656 0.766667 0.060937 0.094444
0 0.243359 0.761111 0.057031 0.127778
0 0.876172 0.350694 0.049219 0.101389
0 0.873828 0.661806 0.052344 0.087500
0 0.710547 0.690278 0.075781 0.102778
0 0.867578 0.161806 0.064844 0.087500
0 0.746484 0.110417 0.046094 0.131944
0 0.719531 0.847917 0.056250 0.079167
