0 0.310547 0.539583 0.085156 0.090278
0 0.152734 0.160417 0.058594 0.120833
0 0.505078 0.514583 0.053906 0.165278
0 0.275391 0.443750 0.057031 0.134722
0 0.345703 0.317361 0.058594 0.151389
0 0.715625 0.379167 0.057813 0.144444
0 0.275000 0.136111 0.067187 0.125000
0 0.225781 0.244444 0.053125 0.141667
0 0.362891 0.848611 0.049219 0.125000
0 0.667188 0.336111 0.056250 0.161111
0 0.571484 0.470139 0.064844 0.168056
0 0.653125 0.538889 0.059375 0.130556
0 0.321875 0.058333 0.075000 0.113889
0 0.173828 0.722917 0.046094 0.079167
0 0.206641 0.034028 0.069531 0.065278
0 0.460547 0.433333 0.071094 0.108333
0 0.744922 0.553472 0.052344 0.140278
0 0.148047 0.632639 0.053906 0.131944
0 0.355859 0.645833 0.072656 0.105556
0 0.120313 0.411111 0.045312 0.119444
0 0.323047 0.720139 0.069531 0.090278
0 0.394922 0.047917 0.080469 0.093056
0 0.608594 0.103472 0.095312 0.109722
0 0.721094 0.242361 0.089063 0.062500
