0 0.881250 0.127778 0.046875 0.075000
0 0.850781 0.186111 0.032813 0.091667
0 0.881250 0.200694 0.032813 0.081944
0 0.829297 0.256944 0.039844 0.100000
0 0.841016 0.314583 0.035156 0.115278
0 0.662500 0.186111 0.046875 0.100000
0 0.616797 0.059028 0.036719 0.090278
0 0.582422 0.055556 0.042969 0.097222
0 0.534375 0.062500 0.067187 0.086111
0 0.562500 0.375694 0.073438 0.087500
0 0.655469 0.650000 0.068750 0.080556
0 0.595703 0.558333 0.057031 0.113889
0 0.505859 0.586111 0.042969 0.113889
0 0.553516 0.648611 0.053906 0.077778
0 0.541797 0.729167 0.064844 0.072222
0 0.654297 0.759722 0.063281 0.072222
0 0.598047 0.919444 0.046094 0.097222
0 0.870313 0.835417 0.040625 0.054167
0 0.830859 0.847222 0.036719 0.088889
0 0.806641 0.911806 0.036719 0.059722
0 0.359375 0.390278 0.042188 0.058333
0 0.187891 0.556250 0.044531 0.068056
0 0.120313 0.584722 0.031250 0.055556
0 0.127734 0.635417 0.032031 0.056944
0 0.143750 0.697222 0.053125 0.072222
