0 0.271094 0.691667 0.089063 0.088889
0 0.605469 0.099306 0.079687 0.095833
0 0.129688 0.713194 0.039062 0.090278
0 0.242969 0.460417 0.073438 0.087500
0 0.663281 0.154167 0.040625 0.100000
0 0.132812 0.312500 0.067187 0.083333
0 0.140625 0.809722 0.043750 0.108333
0 0.391406 0.201389 0.068750 0.086111
0 0.255078 0.361806 0.067969 0.098611
0 0.532422 0.454167 0.052344 0.113889
0 0.547656 0.721528 0.060937 0.079167
0 0.134766 0.608333 0.042969 0.136111
0 0.190625 0.929167 0.062500 0.080556
0 0.142578 0.475000 0.049219 0.119444
0 0.661719 0.382639 0.060937 0.073611
0 0.813672 0.126389 0.039844 0.102778
0 0.595703 0.680556 0.042969 0.113889
0 0.641797 0.306250 0.053906 0.151389
0 0.180469 0.611806 0.050000 0.137500
0 0.276562 0.612500 0.068750 0.083333
0 0.389453 0.856250 0.074219 0.090278
0 0.871484 0.366667 0.038281 0.119444
0 0.367969 0.713194 0.087500 0.087500
0 0.251953 0.550694 0.069531 0.068056
0 0.127734 0.258333 0.044531 0.080556
0 0.333594 0.452083 0.076563 0.095833
