0 0.628044 0.252859 0.051722 0.154902
0 0.64018 0.62881 0.0534371 0.159711
0 0.467641 0.523908 0.0923916 0.105897
0 0.355645 0.364709 0.0469779 0.142713
0 0.360132 0.202034 0.0692623 0.145876
0 0.7701 0.468761 0.0707756 0.100508
0 0.516373 0.60358 0.0738909 0.124621
0 0.493753 0.241036 0.0789201 0.0982312
0 0.696304 0.18758 0.0786776 0.0960414
0 0.595557 0.542472 0.0671157 0.0873681
0 0.443171 0.377498 0.065239 0.119353
0 0.83554 0.608372 0.0540535 0.09826
0 0.50493 0.452697 0.0732679 0.118214
0 0.734692 0.765323 0.0663344 0.0836862
0 0.812741 0.206503 0.0484143 0.106343
0 0.216038 0.611366 0.0708409 0.125263
0 0.329482 0.55069 0.0630594 0.100138
0 0.455005 0.0758242 0.0890073 0.111418
0 0.857851 0.213705 0.0521229 0.100503
0 0.833675 0.117104 0.044833 0.0938624
