0 0.253208 0.28272 0.0706591 0.091866
0 0.35769 0.591908 0.0694592 0.0821467
0 0.585747 0.657161 0.0902792 0.100829
0 0.417873 0.555807 0.0557745 0.112983
0 0.334802 0.359547 0.0575206 0.147575
0 0.289266 0.65912 0.0757246 0.144133
0 0.184453 0.693541 0.0777219 0.0918857
0 0.66893 0.521855 0.0762211 0.114027
0 0.169585 0.426204 0.0635536 0.129104
0 0.674454 0.392683 0.058186 0.15075
0 0.18092 0.308197 0.0436233 0.123628
0 0.183717 0.154886 0.0650975 0.11321
0 0.738999 0.278507 0.0820951 0.0892216
0 0.346721 0.46925 0.0792683 0.0917107
0 0.318066 0.158604 0.0772124 0.120267
0 0.166045 0.609212 0.0637552 0.093187
0 0.746625 0.403556 0.0622164 0.123913
0 0.872399 0.294218 0.0556736 0.0822396
0 0.243107 0.0948644 0.0737092 0.0948391
0 0.222143 0.0330365 0.0726338 0.0660729
0 0.140071 0.716906 0.0417781 0.126494
0 0.138087 0.293061 0.0464078 0.130256
0 0.132782 0.126712 0.0462456 0.0864298
0 0.325586 0.044646 0.073879 0.089292
