0 0.476724 0.604756 0.05648 0.172261
0 0.717861 0.357115 0.0553141 0.142856
0 0.579537 0.538362 0.105303 0.117385
0 0.631676 0.399348 0.0813852 0.109383
0 0.833777 0.312277 0.0536983 0.135161
0 0.383171 0.628144 0.0534577 0.15835
0 0.667242 0.73117 0.0501122 0.133126
0 0.391665 0.391075 0.0782148 0.119026
0 0.414999 0.258853 0.0733242 0.114657
0 0.347672 0.307275 0.0923025 0.112047
0 0.461548 0.0918789 0.0784202 0.120843
0 0.403975 0.503897 0.0957489 0.0985909
0 0.693148 0.471951 0.0812187 0.0988539
0 0.882344 0.432696 0.0564056 0.0813226
0 0.721106 0.720419 0.0696485 0.090764
0 0.857428 0.650495 0.0623634 0.0757117
0 0.833204 0.480179 0.0695444 0.119841
0 0.851796 0.730077 0.0469738 0.0919311
0 0.856056 0.363411 0.0666746 0.089975
