0 0.469531 0.334028 0.043750 0.109722
0 0.128906 0.718750 0.035937 0.087500
0 0.664062 0.143750 0.039062 0.120833
0 0.130078 0.312500 0.057031 0.080556
0 0.450391 0.372917 0.075781 0.095833
0 0.216406 0.226389 0.057813 0.100000
0 0.528516 0.440278 0.050781 0.125000
0 0.547656 0.722917 0.062500 0.073611
0 0.168359 0.495139 0.058594 0.120833
0 0.169141 0.579167 0.066406 0.083333
0 0.143750 0.438889 0.050000 0.119444
0 0.781250 0.840278 0.054688 0.069444
0 0.756250 0.100694 0.075000 0.076389
0 0.596875 0.684028 0.042188 0.112500
0 0.592578 0.452083 0.049219 0.129167
0 0.173828 0.310417 0.053906 0.120833
0 0.323437 0.659722 0.048438 0.125000
0 0.396094 0.818056 0.057813 0.125000
0 0.871094 0.365278 0.039062 0.119444
0 0.309766 0.209028 0.049219 0.129167
0 0.182812 0.132639 0.070312 0.106944
0 0.287109 0.545139 0.077344 0.118056
0 0.331641 0.763194 0.057031 0.106944
0 0.554297 0.084028 0.083594 0.087500
0 0.252734 0.120139 0.064844 0.087500
0 0.424609 0.648611 0.049219 0.125000
