0 0.540774 0.144547 0.0497499 0.161488
0 0.347535 0.208665 0.051807 0.157342
0 0.54901 0.309779 0.0748053 0.141153
0 0.470879 0.525356 0.0968641 0.0969203
0 0.486084 0.135118 0.0532463 0.160836
0 0.635717 0.347536 0.0956958 0.127483
0 0.873217 0.328699 0.0733898 0.0979333
0 0.238071 0.792308 0.0431872 0.126454
0 0.912485 0.409121 0.039814 0.152647
0 0.398211 0.074616 0.102821 0.115774
0 0.754201 0.745426 0.0595217 0.106677
0 0.857027 0.76917 0.0692688 0.0804537
0 0.830601 0.48596 0.0761223 0.0942005
0 0.40118 0.189166 0.063141 0.136137
0 0.883178 0.575027 0.0553953 0.155821
0 0.871252 0.568414 0.0738174 0.148503
0 0.469458 0.349378 0.0611054 0.200684
0 0.453492 0.403832 0.0792819 0.104281
