0 0.741945 0.525612 0.0559378 0.149259
0 0.610409 0.650753 0.0673823 0.134117
0 0.785987 0.5344 0.0377022 0.116478
0 0.680326 0.36308 0.0602179 0.153316
0 0.38129 0.380283 0.0596847 0.150793
0 0.661341 0.473794 0.0713856 0.105907
0 0.876117 0.526458 0.0786953 0.0929386
0 0.735732 0.379341 0.0646279 0.131232
0 0.539191 0.293338 0.062079 0.120168
0 0.564062 0.486736 0.0563231 0.166905
0 0.885964 0.635067 0.0624973 0.0984987
0 0.759186 0.663343 0.0805736 0.115495
0 0.535413 0.598859 0.0817602 0.106612
0 0.411707 0.253323 0.0919565 0.118005
0 0.370482 0.195785 0.0612235 0.113887
0 0.460051 0.32744 0.100989 0.0997428
0 0.236369 0.249677 0.0490685 0.122593
0 0.226991 0.333172 0.0549519 0.0678498
0 0.817437 0.712184 0.0496225 0.0779707
0 0.339343 0.110135 0.0586399 0.156491
0 0.715403 0.225198 0.0632235 0.106169
