0 0.138569 0.169323 0.0438024 0.14921
0 0.568042 0.655538 0.0973631 0.0999602
0 0.341423 0.114269 0.0963469 0.107496
0 0.445909 0.494154 0.0648753 0.125932
0 0.23508 0.530432 0.0814758 0.0983493
0 0.263048 0.317731 0.0492435 0.161071
0 0.185401 0.160066 0.0640991 0.119236
0 0.245979 0.634495 0.075797 0.103149
0 0.358601 0.504143 0.061653 0.15561
0 0.90828 0.656521 0.0524689 0.100381
0 0.68906 0.525906 0.0599829 0.164221
0 0.208698 0.259263 0.0601335 0.133081
0 0.224467 0.0876068 0.0907919 0.0898859
0 0.687854 0.222509 0.052177 0.149729
0 0.146784 0.644646 0.0657446 0.110614
0 0.5589 0.390058 0.0639582 0.0987103
0 0.138754 0.709802 0.0440205 0.0699775
0 0.177744 0.602127 0.0478507 0.140407
0 0.187006 0.338875 0.0438666 0.133887
0 0.736919 0.4724 0.0756175 0.0931914
0 0.216087 0.0303139 0.0797363 0.0606277
0 0.330812 0.26883 0.0555923 0.157367
0 0.317799 0.0368259 0.0569569 0.0736519
0 0.819868 0.327135 0.0469143 0.104079
