0 0.510156 0.403472 0.075000 0.148611
0 0.578516 0.286111 0.044531 0.155556
0 0.844922 0.767361 0.039844 0.145833
0 0.151562 0.588194 0.057813 0.101389
0 0.373437 0.290972 0.075000 0.109722
0 0.226172 0.795139 0.049219 0.123611
0 0.639453 0.278472 0.069531 0.123611
0 0.898047 0.679167 0.042969 0.127778
0 0.617188 0.620139 0.084375 0.120833
0 0.899219 0.445833 0.046875 0.141667
0 0.783203 0.390278 0.086719 0.097222
0 0.808203 0.705556 0.055469 0.152778
0 0.461328 0.148611 0.074219 0.091667
0 0.832812 0.136806 0.051562 0.118056
0 0.840625 0.558333 0.062500 0.102778
0 0.750391 0.704861 0.064844 0.123611
0 0.886719 0.774306 0.046875 0.129167
