0 0.126953 0.740972 0.044531 0.079167
0 0.859766 0.096528 0.036719 0.123611
0 0.275000 0.475000 0.059375 0.083333
0 0.208984 0.459028 0.064844 0.087500
0 0.117578 0.483333 0.061719 0.083333
0 0.234375 0.566667 0.043750 0.119444
0 0.185156 0.621528 0.048438 0.095833
0 0.244531 0.483333 0.051562 0.100000
0 0.891016 0.695139 0.049219 0.076389
0 0.889844 0.144444 0.032813 0.102778
0 0.509766 0.654167 0.080469 0.086111
0 0.890234 0.743750 0.050781 0.062500
0 0.875391 0.307639 0.047656 0.106944
0 0.878516 0.390972 0.038281 0.109722
0 0.841797 0.261806 0.055469 0.079167
0 0.921094 0.750694 0.040625 0.065278
0 0.899219 0.295139 0.028125 0.090278
0 0.878125 0.240972 0.050000 0.068056
0 0.795312 0.115972 0.050000 0.079167
0 0.745703 0.637500 0.050781 0.058333
0 0.834375 0.105556 0.045312 0.122222
0 0.754687 0.118056 0.068750 0.086111
0 0.112109 0.539583 0.039844 0.081944
0 0.859375 0.172222 0.046875 0.102778
0 0.377344 0.656944 0.073438 0.083333
0 0.878125 0.102083 0.021875 0.079167
0 0.902734 0.113889 0.022656 0.036111
