0 0.521411 0.255724 0.0760252 0.109659
0 0.486484 0.430019 0.090256 0.108099
0 0.891702 0.398913 0.0410788 0.109128
0 0.176014 0.519717 0.0644769 0.0931705
0 0.358155 0.2951 0.0612884 0.133547
0 0.329581 0.647443 0.0504026 0.121835
0 0.600943 0.265005 0.0873962 0.11774
0 0.463851 0.09527 0.080432 0.144921
0 0.869341 0.714419 0.038278 0.127139
0 0.829926 0.695407 0.0699362 0.0972012
0 0.40371 0.616928 0.0762417 0.142062
0 0.889763 0.126734 0.0555946 0.0837131
0 0.369634 0.716766 0.0597804 0.117246
0 0.861323 0.552191 0.0724506 0.106255
0 0.722327 0.374116 0.0651201 0.091794
0 0.623478 0.493807 0.0965662 0.115555
0 0.226592 0.611346 0.0502625 0.112631
0 0.838842 0.408081 0.0517601 0.112723
0 0.38013 0.410035 0.0779516 0.115018
0 0.477522 0.0978059 0.0537164 0.14771
0 0.560427 0.0785456 0.0849934 0.10901
0 0.45478 0.085512 0.0613188 0.126834
0 0.364673 0.518589 0.0864121 0.0826601
