0 0.163281 0.120833 0.068750 0.080556
0 0.227344 0.308333 0.042188 0.152778
0 0.527734 0.300694 0.067969 0.162500
0 0.399219 0.309722 0.054688 0.138889
0 0.658594 0.322917 0.117188 0.104167
0 0.360938 0.545139 0.068750 0.093056
0 0.431250 0.716667 0.067187 0.127778
0 0.509766 0.600000 0.092969 0.108333
0 0.338281 0.708333 0.053125 0.138889
0 0.877344 0.122222 0.071875 0.097222
0 0.844531 0.184722 0.075000 0.102778
0 0.372266 0.438194 0.083594 0.106944
0 0.550000 0.072917 0.064062 0.129167
0 0.532031 0.440972 0.085938 0.106944
0 0.677734 0.472222 0.057031 0.152778
0 0.382812 0.687500 0.054688 0.163889
0 0.184766 0.299306 0.047656 0.156944
0 0.799219 0.576389 0.045312 0.097222
0 0.850781 0.400694 0.067187 0.109722
0 0.893359 0.275694 0.049219 0.129167
0 0.192188 0.184028 0.081250 0.093056
