0 0.232031 0.455556 0.062500 0.094444
0 0.191406 0.238889 0.057813 0.158333
0 0.234766 0.313194 0.050781 0.134722
0 0.152344 0.368750 0.064062 0.095833
0 0.221484 0.159028 0.078906 0.109722
0 0.330469 0.240972 0.059375 0.148611
0 0.349219 0.087500 0.082812 0.080556
0 0.427344 0.265278 0.064062 0.136111
0 0.806250 0.623611 0.059375 0.086111
0 0.543750 0.295139 0.095312 0.126389
0 0.321484 0.561806 0.044531 0.168056
0 0.352344 0.565972 0.057813 0.095833
0 0.534766 0.703472 0.057031 0.126389
0 0.509766 0.614583 0.046094 0.106944
0 0.883984 0.745139 0.055469 0.084722
0 0.383594 0.422917 0.056250 0.126389
0 0.613281 0.122222 0.076563 0.127778
0 0.820312 0.269444 0.068750 0.125000
0 0.864844 0.507639 0.057813 0.129167
0 0.878125 0.186806 0.056250 0.101389
0 0.389453 0.331250 0.089844 0.143056
0 0.550781 0.066667 0.057813 0.130556
