0 0.477734 0.305556 0.077344 0.183333
0 0.291797 0.439583 0.057031 0.143056
0 0.150781 0.206250 0.057813 0.123611
0 0.233984 0.372222 0.094531 0.127778
0 0.188672 0.302778 0.082031 0.113889
0 0.855078 0.573611 0.050781 0.144444
0 0.773047 0.338889 0.063281 0.141667
0 0.800000 0.690278 0.064062 0.116667
0 0.580859 0.703472 0.091406 0.159722
0 0.144141 0.085417 0.038281 0.115278
0 0.460547 0.131944 0.096094 0.152778
0 0.872656 0.459028 0.057813 0.129167
0 0.361328 0.465972 0.072656 0.170833
0 0.777734 0.770833 0.064844 0.077778
0 0.192578 0.079861 0.067969 0.137500
0 0.247656 0.097222 0.054688 0.172222
0 0.200781 0.178472 0.051562 0.095833
0 0.402344 0.384028 0.064062 0.165278
