0 0.38311 0.62824 0.0545893 0.158185
0 0.329722 0.264823 0.0560133 0.14822
0 0.716312 0.359066 0.064487 0.131114
0 0.832968 0.295829 0.0533808 0.133554
0 0.843085 0.532894 0.0527578 0.125041
0 0.574096 0.315818 0.0852557 0.120984
0 0.666081 0.729492 0.0508738 0.131918
0 0.797144 0.701707 0.0536318 0.107322
0 0.885364 0.469496 0.0616808 0.0877116
0 0.393873 0.385545 0.0831756 0.118794
0 0.399979 0.502288 0.0921341 0.0972367
0 0.410734 0.245303 0.0747999 0.139357
0 0.466899 0.0927916 0.0744894 0.118576
0 0.828504 0.626671 0.049247 0.0912179
0 0.721913 0.719819 0.0725467 0.0893831
0 0.69921 0.473136 0.0839943 0.105381
0 0.437747 0.330494 0.102196 0.108213
0 0.644571 0.435855 0.0658537 0.120332
0 0.855817 0.343431 0.0742214 0.105717
