0 0.493750 0.394444 0.068750 0.163889
0 0.160156 0.578472 0.050000 0.095833
0 0.655859 0.489583 0.078906 0.120833
0 0.746484 0.114583 0.047656 0.140278
0 0.888672 0.568056 0.069531 0.100000
0 0.669141 0.304167 0.067969 0.133333
0 0.833203 0.568750 0.047656 0.106944
0 0.903516 0.761806 0.064844 0.098611
0 0.577344 0.595139 0.079687 0.145833
0 0.336719 0.243056 0.062500 0.166667
0 0.668359 0.756944 0.074219 0.091667
0 0.756250 0.720833 0.051562 0.147222
0 0.778516 0.404167 0.061719 0.091667
0 0.836719 0.736806 0.040625 0.126389
0 0.243750 0.759028 0.056250 0.123611
0 0.792578 0.763194 0.057031 0.079167
0 0.719531 0.694444 0.075000 0.113889
0 0.720703 0.847917 0.053906 0.079167
0 0.897266 0.799306 0.058594 0.098611
