0 0.675781 0.213889 0.093750 0.097222
0 0.564063 0.450000 0.059375 0.172222
0 0.740625 0.394444 0.087500 0.113889
0 0.446484 0.330556 0.066406 0.169444
0 0.546094 0.118056 0.078125 0.116667
0 0.826953 0.538194 0.057031 0.137500
0 0.771094 0.622917 0.037500 0.120833
0 0.883984 0.210417 0.058594 0.109722
0 0.732422 0.499306 0.085156 0.101389
0 0.608984 0.635417 0.075781 0.126389
0 0.869141 0.359028 0.061719 0.104167
0 0.856250 0.577778 0.068750 0.091667
0 0.397656 0.388889 0.068750 0.161111
0 0.802734 0.711806 0.077344 0.095833
0 0.244922 0.245833 0.039844 0.111111
0 0.726953 0.606944 0.077344 0.094444
0 0.740625 0.699306 0.070312 0.101389
0 0.337109 0.306944 0.077344 0.122222
0 0.846094 0.653472 0.051562 0.093056
0 0.807813 0.209028 0.053125 0.131944
