0 0.251635 0.282521 0.0727479 0.0927213
0 0.133227 0.195978 0.045539 0.132792
0 0.335104 0.363493 0.0569844 0.153717
0 0.339403 0.68869 0.0599339 0.105265
0 0.57211 0.486267 0.0738428 0.129732
0 0.252341 0.511098 0.0889083 0.104372
0 0.300001 0.594356 0.0471228 0.112254
0 0.572726 0.330261 0.0719554 0.123974
0 0.267943 0.116432 0.0721776 0.109033
0 0.150357 0.376176 0.0482436 0.12176
0 0.407076 0.487029 0.0797837 0.092972
0 0.733415 0.269765 0.0732107 0.0941138
0 0.410331 0.5951 0.0517229 0.143378
0 0.834123 0.476926 0.0562107 0.0842221
0 0.651053 0.405193 0.0564365 0.152009
0 0.312446 0.167263 0.0849063 0.110603
0 0.172621 0.705397 0.0738242 0.0928448
0 0.571143 0.672899 0.0583286 0.145468
0 0.173042 0.602331 0.0504491 0.0993595
0 0.551496 0.653536 0.0390255 0.108812
0 0.209338 0.074735 0.0500633 0.14947
0 0.23202 0.0356626 0.0795001 0.0713253
0 0.315156 0.0353502 0.0696983 0.0707003
0 0.553452 0.668211 0.0426821 0.141789
0 0.137026 0.682166 0.0435251 0.124731
0 0.321293 0.0431201 0.0711107 0.0862401
