0 0.147656 0.583333 0.071875 0.091667
0 0.244531 0.221528 0.084375 0.115278
0 0.693750 0.181250 0.062500 0.162500
0 0.367188 0.146528 0.051562 0.134722
0 0.610156 0.627778 0.062500 0.130556
0 0.455078 0.348611 0.067969 0.161111
0 0.688672 0.105556 0.066406 0.150000
0 0.807422 0.679167 0.071094 0.127778
0 0.852344 0.361806 0.056250 0.173611
0 0.765625 0.450694 0.071875 0.159722
0 0.159375 0.163889 0.068750 0.133333
0 0.171094 0.068056 0.082812 0.094444
0 0.307812 0.516667 0.075000 0.133333
0 0.342969 0.617361 0.054688 0.118056
0 0.892578 0.179167 0.075781 0.127778
0 0.326172 0.040278 0.089844 0.077778
