0 0.748047 0.459722 0.082031 0.108333
0 0.587109 0.250000 0.058594 0.152778
0 0.373437 0.428472 0.053125 0.140278
0 0.526563 0.621528 0.068750 0.170833
0 0.712109 0.625694 0.041406 0.140278
0 0.359766 0.250694 0.072656 0.115278
0 0.634375 0.363889 0.082812 0.100000
0 0.586719 0.484028 0.050000 0.112500
0 0.222656 0.605556 0.057813 0.097222
0 0.662109 0.609028 0.069531 0.098611
0 0.825000 0.488194 0.067187 0.101389
0 0.641016 0.713889 0.052344 0.133333
0 0.884766 0.728472 0.036719 0.098611
0 0.237500 0.354861 0.053125 0.090278
0 0.336328 0.543750 0.050781 0.176389
0 0.892578 0.304167 0.046094 0.127778
0 0.414844 0.743056 0.085938 0.111111
0 0.423828 0.463889 0.088281 0.102778
0 0.683594 0.120833 0.064062 0.097222
0 0.382031 0.520139 0.064062 0.101389
0 0.803516 0.338194 0.064844 0.093056
0 0.773828 0.581944 0.096094 0.094444
0 0.758203 0.578472 0.064844 0.081944
