0 0.177734 0.441667 0.071094 0.075000
0 0.436328 0.367361 0.096094 0.090278
0 0.350781 0.137500 0.073438 0.091667
0 0.551953 0.436806 0.085156 0.118056
0 0.437891 0.790972 0.052344 0.140278
0 0.695703 0.645833 0.058594 0.094444
0 0.627734 0.077083 0.072656 0.079167
0 0.335547 0.768056 0.064844 0.125000
0 0.614062 0.134722 0.081250 0.072222
0 0.354297 0.436806 0.064844 0.129167
0 0.871484 0.443750 0.046094 0.123611
0 0.144922 0.693056 0.074219 0.080556
0 0.381641 0.312500 0.060156 0.108333
0 0.245703 0.268056 0.055469 0.088889
0 0.128906 0.740278 0.031250 0.091667
0 0.218359 0.690972 0.046094 0.131944
0 0.429688 0.649306 0.057813 0.145833
0 0.137891 0.615972 0.053906 0.087500
0 0.159766 0.364583 0.069531 0.081944
0 0.678906 0.944444 0.051562 0.111111
0 0.308984 0.492361 0.050781 0.148611
0 0.871484 0.167361 0.042969 0.079167
0 0.632031 0.182639 0.075000 0.093056
0 0.276953 0.628472 0.046094 0.104167
0 0.350000 0.648611 0.089063 0.097222
0 0.874219 0.350000 0.060937 0.086111
