0 0.529297 0.511111 0.050781 0.202778
0 0.624609 0.353472 0.063281 0.173611
0 0.664844 0.459028 0.085938 0.106944
0 0.555469 0.091667 0.078125 0.125000
0 0.474219 0.076389 0.068750 0.122222
0 0.864062 0.325000 0.046875 0.125000
0 0.851562 0.533333 0.042188 0.152778
0 0.401172 0.430556 0.080469 0.127778
0 0.837109 0.402778 0.060156 0.083333
0 0.581250 0.460417 0.060937 0.156944
0 0.741797 0.432639 0.075781 0.118056
0 0.382031 0.298611 0.089063 0.108333
0 0.464062 0.442361 0.071875 0.126389
0 0.798438 0.704861 0.057813 0.115278
0 0.845703 0.650000 0.055469 0.091667
0 0.741016 0.338194 0.064844 0.106944
0 0.694922 0.704861 0.085156 0.081944
0 0.705859 0.622917 0.088281 0.106944
0 0.746484 0.513889 0.085156 0.094444
