0 0.246875 0.131944 0.070312 0.105556
0 0.127734 0.226389 0.058594 0.080556
0 0.167969 0.158333 0.053125 0.113889
0 0.130078 0.686111 0.041406 0.100000
0 0.428906 0.071528 0.056250 0.087500
0 0.369531 0.665278 0.067187 0.119444
0 0.572656 0.630556 0.048438 0.063889
0 0.121094 0.505556 0.040625 0.122222
0 0.121875 0.609028 0.046875 0.070833
0 0.379297 0.794444 0.046094 0.133333
0 0.136328 0.442361 0.067969 0.090278
0 0.389844 0.088194 0.046875 0.112500
0 0.146484 0.913889 0.053906 0.063889
0 0.134766 0.829861 0.057031 0.073611
0 0.425000 0.460417 0.056250 0.112500
0 0.446875 0.642361 0.082812 0.106944
0 0.805078 0.568750 0.042969 0.101389
0 0.632031 0.381944 0.082812 0.083333
0 0.817969 0.648611 0.046875 0.094444
0 0.762109 0.247222 0.046094 0.091667
0 0.516016 0.437500 0.052344 0.119444
0 0.528125 0.088194 0.060937 0.095833
0 0.873828 0.318750 0.058594 0.084722
0 0.296484 0.802083 0.067969 0.095833
0 0.312891 0.117361 0.074219 0.093056
0 0.125000 0.303472 0.045312 0.076389
