0 0.502344 0.405556 0.068750 0.152778
0 0.897266 0.689583 0.041406 0.137500
0 0.748828 0.706944 0.052344 0.163889
0 0.421875 0.581944 0.064062 0.144444
0 0.394531 0.481250 0.057813 0.101389
0 0.625391 0.600000 0.080469 0.150000
0 0.832031 0.743750 0.053125 0.112500
0 0.150391 0.586806 0.058594 0.095833
0 0.852734 0.860417 0.049219 0.081944
0 0.644922 0.272917 0.078906 0.120833
0 0.836328 0.558333 0.067969 0.105556
0 0.688281 0.769444 0.085938 0.111111
0 0.893750 0.444444 0.065625 0.100000
0 0.240625 0.768056 0.056250 0.125000
0 0.758984 0.095833 0.060156 0.113889
0 0.621484 0.702083 0.078906 0.095833
0 0.870703 0.347222 0.050781 0.097222
0 0.897656 0.175000 0.076563 0.091667
0 0.893359 0.564583 0.069531 0.095833
0 0.771875 0.758333 0.051562 0.091667
