0 0.331396 0.257528 0.0600061 0.170638
0 0.827162 0.502426 0.0474657 0.140193
0 0.56103 0.453234 0.0587797 0.146618
0 0.777411 0.614043 0.0499137 0.153075
0 0.733682 0.448311 0.0624521 0.13866
0 0.459412 0.340396 0.0558305 0.149386
0 0.834554 0.294514 0.0586365 0.136911
0 0.205382 0.295468 0.0585578 0.105078
0 0.880572 0.464722 0.0519569 0.0876709
0 0.386259 0.663127 0.0563686 0.167666
0 0.445702 0.109964 0.0822666 0.113763
0 0.409016 0.244287 0.0750392 0.1308
0 0.39071 0.393078 0.0848992 0.114452
0 0.715401 0.330933 0.0755535 0.111401
0 0.558789 0.302979 0.0933109 0.111479
0 0.726893 0.6895 0.0706931 0.0955573
0 0.746352 0.729313 0.0473049 0.151447
0 0.830301 0.667711 0.0585144 0.0720183
0 0.84475 0.355416 0.0824665 0.104726
