0 0.564063 0.454167 0.059375 0.172222
0 0.766406 0.618056 0.042188 0.113889
0 0.742578 0.397222 0.091406 0.119444
0 0.447656 0.293056 0.062500 0.172222
0 0.391016 0.436111 0.097656 0.105556
0 0.723047 0.704167 0.063281 0.147222
0 0.535156 0.125694 0.090625 0.104167
0 0.811328 0.602083 0.044531 0.131944
0 0.683594 0.212500 0.078125 0.094444
0 0.242969 0.246528 0.040625 0.118056
0 0.653906 0.620833 0.081250 0.108333
0 0.864453 0.355556 0.061719 0.102778
0 0.349609 0.308333 0.075781 0.136111
0 0.715625 0.588194 0.082812 0.101389
0 0.829297 0.670139 0.066406 0.109722
0 0.885938 0.208333 0.065625 0.102778
0 0.389453 0.163889 0.083594 0.116667
