0 0.374219 0.645139 0.068750 0.101389
0 0.212500 0.327083 0.045312 0.134722
0 0.420312 0.677778 0.051562 0.144444
0 0.872266 0.713194 0.036719 0.118056
0 0.166797 0.359028 0.050781 0.140278
0 0.635156 0.577083 0.073438 0.104167
0 0.335156 0.627083 0.040625 0.115278
0 0.753125 0.750694 0.068750 0.093056
0 0.888672 0.602778 0.053906 0.113889
0 0.264844 0.167361 0.056250 0.084722
0 0.657813 0.533333 0.064062 0.075000
0 0.350781 0.071528 0.079687 0.098611
0 0.548438 0.744444 0.050000 0.122222
0 0.263281 0.257639 0.057813 0.104167
0 0.760547 0.518056 0.074219 0.086111
0 0.779297 0.841667 0.071094 0.086111
0 0.811719 0.772917 0.070312 0.081944
0 0.841797 0.638889 0.063281 0.105556
0 0.808984 0.693750 0.055469 0.131944
0 0.867188 0.499306 0.062500 0.081944
0 0.901953 0.384722 0.067969 0.083333
0 0.632812 0.685417 0.079687 0.109722
