0 0.48201 0.122825 0.0514627 0.169952
0 0.350278 0.229184 0.0490391 0.158397
0 0.548443 0.307366 0.0719677 0.14105
0 0.569819 0.440939 0.0937845 0.094338
0 0.539527 0.136708 0.0557123 0.160769
0 0.434782 0.534941 0.10464 0.117045
0 0.813031 0.725028 0.0763866 0.116404
0 0.575527 0.357323 0.0971779 0.124282
0 0.405641 0.17661 0.0820477 0.130296
0 0.236603 0.788373 0.0408934 0.12617
0 0.39647 0.0755267 0.100197 0.118726
0 0.860742 0.359605 0.0587444 0.164091
0 0.836038 0.507409 0.0721077 0.0903438
0 0.467856 0.349672 0.0698006 0.18338
0 0.842165 0.431386 0.066036 0.120407
0 0.563454 0.330873 0.0961842 0.139229
0 0.892939 0.577608 0.0364504 0.169076
0 0.500548 0.30192 0.0372862 0.154029
0 0.860899 0.554551 0.0635563 0.0928606
