0 0.173047 0.908333 0.061719 0.061111
0 0.145313 0.797222 0.040625 0.061111
0 0.122656 0.797222 0.031250 0.108333
0 0.141797 0.720833 0.049219 0.077778
0 0.144141 0.663194 0.044531 0.062500
0 0.325781 0.663194 0.045312 0.104167
0 0.443359 0.767361 0.050781 0.140278
0 0.528125 0.647222 0.068750 0.080556
0 0.647656 0.570833 0.043750 0.122222
0 0.612109 0.650000 0.053906 0.063889
0 0.633203 0.706250 0.039844 0.131944
0 0.684766 0.684028 0.066406 0.090278
0 0.775781 0.760417 0.056250 0.084722
0 0.885156 0.752083 0.032813 0.059722
0 0.877734 0.705556 0.041406 0.061111
0 0.879687 0.786806 0.046875 0.054167
0 0.885156 0.830556 0.039062 0.083333
0 0.874609 0.296528 0.052344 0.073611
0 0.894922 0.114583 0.047656 0.045833
0 0.748828 0.068750 0.036719 0.095833
0 0.778516 0.068056 0.032031 0.044444
0 0.775781 0.113194 0.035937 0.081944
0 0.796484 0.122222 0.027344 0.105556
0 0.806641 0.067361 0.028906 0.073611
0 0.823047 0.080556 0.024219 0.086111
0 0.815234 0.134722 0.019531 0.075000
0 0.239453 0.527778 0.049219 0.069444
0 0.267578 0.470833 0.047656 0.086111
