0 0.178516 0.094444 0.053906 0.061111
0 0.236328 0.350694 0.044531 0.104167
0 0.356250 0.788194 0.034375 0.134722
0 0.419141 0.611806 0.047656 0.090278
0 0.497266 0.605556 0.052344 0.094444
0 0.498828 0.706944 0.035156 0.111111
0 0.541016 0.654167 0.052344 0.052778
0 0.585938 0.615972 0.053125 0.076389
0 0.613281 0.609028 0.029687 0.104167
0 0.598828 0.728472 0.039844 0.115278
0 0.790625 0.930556 0.065625 0.088889
0 0.823828 0.909722 0.035156 0.063889
0 0.843750 0.897917 0.021875 0.048611
0 0.873437 0.895139 0.040625 0.059722
0 0.882422 0.837500 0.041406 0.050000
0 0.852344 0.818056 0.039062 0.072222
0 0.887500 0.774306 0.029687 0.079167
0 0.717187 0.315278 0.042188 0.119444
0 0.874609 0.366667 0.044531 0.100000
0 0.875000 0.243056 0.051562 0.075000
0 0.892188 0.159028 0.054688 0.062500
0 0.873047 0.114583 0.038281 0.040278
0 0.857031 0.077778 0.045312 0.116667
0 0.795312 0.134028 0.051562 0.090278
0 0.776953 0.070833 0.052344 0.063889
0 0.735547 0.083333 0.044531 0.088889
0 0.676172 0.119444 0.063281 0.105556
