0 0.811328 0.123611 0.114844 0.088889
0 0.219922 0.277778 0.078906 0.111111
0 0.146484 0.284722 0.078906 0.100000
0 0.147266 0.520139 0.075781 0.090278
0 0.861719 0.629167 0.065625 0.086111
0 0.582812 0.808333 0.087500 0.119444
0 0.721484 0.531250 0.066406 0.159722
0 0.887500 0.314583 0.068750 0.101389
0 0.695703 0.295139 0.080469 0.101389
0 0.292187 0.684722 0.073438 0.144444
0 0.841797 0.747222 0.061719 0.105556
0 0.394922 0.076389 0.069531 0.133333
0 0.832031 0.197917 0.084375 0.093056
0 0.889062 0.569444 0.057813 0.102778
0 0.145313 0.191667 0.062500 0.119444
0 0.190625 0.602778 0.079687 0.100000
0 0.224609 0.534028 0.064844 0.145833
0 0.744531 0.792361 0.057813 0.090278
0 0.872266 0.696528 0.058594 0.079167
0 0.132422 0.602778 0.035156 0.105556
