0 0.877344 0.197222 0.042188 0.066667
0 0.877344 0.147222 0.043750 0.038889
0 0.861328 0.102778 0.036719 0.055556
0 0.821484 0.072917 0.033594 0.051389
0 0.613281 0.058333 0.040625 0.086111
0 0.573828 0.052083 0.035156 0.093056
0 0.539844 0.063889 0.067187 0.102778
0 0.658594 0.185417 0.046875 0.101389
0 0.553516 0.370833 0.060156 0.080556
0 0.462109 0.268750 0.039844 0.134722
0 0.591016 0.573611 0.044531 0.147222
0 0.655078 0.647222 0.072656 0.080556
0 0.508984 0.590972 0.049219 0.104167
0 0.540234 0.722222 0.067969 0.072222
0 0.666797 0.759028 0.057031 0.081944
0 0.826172 0.838194 0.025781 0.095833
0 0.802734 0.915972 0.033594 0.065278
0 0.835547 0.913889 0.035156 0.077778
0 0.597266 0.913889 0.044531 0.097222
0 0.185547 0.551389 0.038281 0.077778
0 0.125391 0.579861 0.033594 0.068056
0 0.124219 0.631250 0.040625 0.065278
0 0.139844 0.693056 0.051562 0.086111
0 0.318359 0.140278 0.058594 0.066667
0 0.839844 0.310417 0.037500 0.112500
0 0.817969 0.260417 0.040625 0.120833
