0 0.520312 0.131250 0.082812 0.101389
0 0.426953 0.244444 0.085156 0.102778
0 0.359375 0.259028 0.054688 0.104167
0 0.283594 0.090972 0.065625 0.076389
0 0.196094 0.122222 0.040625 0.125000
0 0.220312 0.134722 0.059375 0.144444
0 0.198047 0.263194 0.066406 0.115278
0 0.211328 0.396528 0.046094 0.104167
0 0.131250 0.213194 0.042188 0.112500
0 0.160547 0.392361 0.061719 0.090278
0 0.163672 0.665278 0.071094 0.122222
0 0.230859 0.638194 0.075781 0.123611
0 0.247266 0.543750 0.069531 0.140278
0 0.362500 0.619444 0.064062 0.136111
0 0.361719 0.422917 0.053125 0.079167
0 0.485938 0.459722 0.065625 0.097222
0 0.346875 0.124306 0.070312 0.104167
0 0.457031 0.569444 0.079687 0.102778
0 0.452734 0.693750 0.067969 0.112500
0 0.578906 0.593750 0.075000 0.109722
0 0.679688 0.731250 0.054688 0.145833
0 0.746094 0.300000 0.051562 0.152778
0 0.746094 0.614583 0.064062 0.087500
0 0.795312 0.848611 0.042188 0.127778
0 0.841406 0.872917 0.045312 0.087500
0 0.870313 0.724306 0.054688 0.120833
