0 0.509375 0.645833 0.070312 0.069444
0 0.273828 0.477778 0.052344 0.100000
0 0.630859 0.594444 0.033594 0.111111
0 0.137891 0.644444 0.053906 0.086111
0 0.124609 0.454861 0.041406 0.109722
0 0.202734 0.583333 0.046094 0.105556
0 0.151562 0.799306 0.046875 0.118056
0 0.883984 0.677083 0.039844 0.109722
0 0.132031 0.539583 0.034375 0.095833
0 0.887109 0.728472 0.041406 0.087500
0 0.877734 0.389583 0.035156 0.109722
0 0.923438 0.755556 0.042188 0.066667
0 0.122656 0.338194 0.048438 0.081944
0 0.629687 0.075694 0.034375 0.101389
0 0.597266 0.651389 0.067969 0.075000
0 0.891797 0.140278 0.033594 0.094444
0 0.868750 0.111806 0.029687 0.076389
0 0.750000 0.108333 0.057813 0.075000
0 0.768750 0.148611 0.043750 0.083333
0 0.873437 0.261806 0.037500 0.073611
0 0.874609 0.204861 0.047656 0.065278
0 0.599609 0.575694 0.039844 0.098611
0 0.842578 0.092361 0.032031 0.048611
0 0.814844 0.111111 0.045312 0.097222
0 0.769141 0.325694 0.049219 0.115278
0 0.847656 0.069444 0.040625 0.058333
0 0.850781 0.156250 0.032813 0.093056
