0 0.883984 0.112500 0.049219 0.058333
0 0.886328 0.154167 0.047656 0.050000
0 0.898438 0.203472 0.045312 0.065278
0 0.841406 0.156944 0.035937 0.055556
0 0.829297 0.224306 0.049219 0.087500
0 0.839063 0.312500 0.035937 0.113889
0 0.665234 0.172222 0.041406 0.111111
0 0.617578 0.088889 0.035156 0.111111
0 0.578125 0.101389 0.053125 0.116667
0 0.575391 0.372222 0.064844 0.077778
0 0.490625 0.450694 0.076563 0.073611
0 0.640625 0.479861 0.054688 0.087500
0 0.517188 0.588194 0.046875 0.126389
0 0.533594 0.647222 0.064062 0.055556
0 0.571875 0.702778 0.043750 0.130556
0 0.662500 0.634028 0.071875 0.068056
0 0.743359 0.635417 0.058594 0.070833
0 0.839844 0.902778 0.025000 0.072222
0 0.814844 0.913889 0.026562 0.077778
0 0.784766 0.925694 0.035156 0.070833
0 0.600781 0.922917 0.045312 0.093056
0 0.261328 0.698611 0.030469 0.091667
0 0.187891 0.545833 0.035156 0.102778
0 0.110156 0.606944 0.025000 0.061111
0 0.123047 0.646528 0.042969 0.065278
0 0.142187 0.688194 0.048438 0.070833
