0 0.466016 0.311111 0.072656 0.169444
0 0.290625 0.436111 0.064062 0.147222
0 0.146484 0.206250 0.055469 0.118056
0 0.239063 0.370833 0.075000 0.147222
0 0.191406 0.306944 0.084375 0.111111
0 0.849609 0.430556 0.046094 0.144444
0 0.777344 0.334028 0.073438 0.106944
0 0.799609 0.686806 0.071094 0.106944
0 0.580078 0.705556 0.061719 0.166667
0 0.143750 0.083333 0.037500 0.111111
0 0.336328 0.068056 0.091406 0.111111
0 0.880078 0.519444 0.050781 0.113889
0 0.371484 0.656944 0.060156 0.166667
0 0.777734 0.775694 0.064844 0.073611
0 0.196484 0.075000 0.058594 0.136111
0 0.249609 0.108333 0.061719 0.147222
0 0.609375 0.728472 0.045312 0.131944
0 0.198437 0.204861 0.059375 0.093056
0 0.386719 0.208333 0.078125 0.127778
