0 0.620902 0.273154 0.0613132 0.137427
0 0.356397 0.193412 0.064357 0.158892
0 0.452933 0.730465 0.0798618 0.137257
0 0.154743 0.562417 0.0597772 0.11309
0 0.40755 0.0957671 0.0849751 0.102656
0 0.539865 0.243862 0.0470283 0.152527
0 0.82758 0.142425 0.0597099 0.142417
0 0.523 0.483682 0.0538271 0.135703
0 0.518388 0.324711 0.0568439 0.125763
0 0.719626 0.691324 0.0542581 0.101545
0 0.665018 0.737954 0.0517885 0.139104
0 0.561717 0.497352 0.0549514 0.102753
0 0.872684 0.694217 0.0664354 0.11276
0 0.628178 0.651511 0.0765913 0.110673
0 0.446019 0.344289 0.0550422 0.103937
0 0.887865 0.274981 0.0375214 0.105911
0 0.850232 0.383687 0.0537991 0.150914
0 0.776377 0.111254 0.0830423 0.0924719
0 0.759053 0.285611 0.0904615 0.0968895
0 0.795347 0.291685 0.0559097 0.10921
0 0.878362 0.418804 0.0515739 0.145775
0 0.780855 0.291946 0.0853847 0.108507
