0 0.328682 0.264954 0.0568081 0.167688
0 0.558152 0.303303 0.0943174 0.111417
0 0.826505 0.495986 0.049078 0.139729
0 0.389922 0.626059 0.0562587 0.157378
0 0.446839 0.389026 0.0510374 0.170208
0 0.881872 0.464884 0.0538628 0.0889049
0 0.834514 0.288696 0.0592117 0.131432
0 0.444787 0.109091 0.0843977 0.115214
0 0.205721 0.304365 0.0676705 0.0746998
0 0.743363 0.496091 0.0627728 0.132939
0 0.558652 0.485861 0.0897007 0.108603
0 0.719826 0.330318 0.0828588 0.113555
0 0.407902 0.248049 0.0859181 0.121949
0 0.846264 0.355925 0.0872269 0.105854
0 0.751618 0.738562 0.0653687 0.101362
0 0.384127 0.378974 0.0820908 0.110756
0 0.709179 0.733841 0.0667676 0.0864814
0 0.831088 0.664542 0.0604633 0.0781609
0 0.738396 0.647604 0.0839085 0.108103
