0 0.579524 0.478022 0.0621739 0.155212
0 0.370358 0.233047 0.062383 0.16072
0 0.651306 0.543718 0.085512 0.0975772
0 0.560066 0.289509 0.0870082 0.10086
0 0.838942 0.55495 0.062199 0.13202
0 0.480624 0.195697 0.0717628 0.145745
0 0.744711 0.852543 0.0672909 0.0934547
0 0.852435 0.357529 0.0715038 0.10944
0 0.537445 0.536738 0.0989737 0.107936
0 0.83696 0.683822 0.0521463 0.159549
0 0.826977 0.734945 0.0750101 0.0785302
0 0.819934 0.823902 0.0370911 0.104305
0 0.431408 0.0904367 0.108162 0.115183
0 0.602168 0.148839 0.0941399 0.116898
0 0.790837 0.861919 0.0407776 0.100232
0 0.886474 0.138548 0.0853951 0.0815512
0 0.329396 0.292975 0.0622382 0.122758
0 0.538923 0.201353 0.0895313 0.0950562
0 0.325703 0.186155 0.0440287 0.140483
