0 0.559375 0.101389 0.092188 0.108333
0 0.356641 0.304167 0.063281 0.119444
0 0.338281 0.166667 0.064062 0.122222
0 0.646094 0.490972 0.050000 0.145833
0 0.501953 0.386806 0.094531 0.106944
0 0.827734 0.687500 0.071094 0.105556
0 0.874219 0.132639 0.040625 0.118056
0 0.363281 0.502083 0.048438 0.109722
0 0.536719 0.462500 0.084375 0.119444
0 0.328125 0.652778 0.053125 0.130556
0 0.594141 0.252083 0.064844 0.159722
0 0.557422 0.295833 0.066406 0.105556
0 0.401562 0.617361 0.079687 0.115278
0 0.864844 0.535417 0.071875 0.101389
0 0.888281 0.395833 0.039062 0.108333
0 0.806250 0.487500 0.079687 0.111111
0 0.841406 0.401389 0.053125 0.108333
0 0.721094 0.372917 0.064062 0.093056
0 0.157031 0.524306 0.067187 0.079167
0 0.898828 0.209722 0.077344 0.083333
0 0.361328 0.704861 0.075781 0.126389
