0 0.291554 0.668411 0.0766212 0.104952
0 0.215806 0.211851 0.0506477 0.123521
0 0.355539 0.586712 0.0634333 0.0837938
0 0.587821 0.652476 0.0938814 0.0934339
0 0.664614 0.521187 0.0782122 0.116656
0 0.182636 0.476478 0.0592318 0.135516
0 0.33548 0.358172 0.0579654 0.144166
0 0.419811 0.554462 0.0498844 0.12231
0 0.741177 0.274772 0.0744244 0.0941982
0 0.648224 0.339029 0.0914292 0.107186
0 0.221854 0.0370389 0.0733057 0.0740778
0 0.32001 0.157735 0.0827653 0.121723
0 0.256271 0.28782 0.0664246 0.102272
0 0.185634 0.693294 0.0772707 0.0911875
0 0.146451 0.166047 0.0661068 0.107145
0 0.345232 0.467315 0.0835486 0.0878869
0 0.142176 0.35386 0.0638095 0.133254
0 0.747394 0.39954 0.0706843 0.118523
0 0.164938 0.608778 0.0631948 0.0955463
0 0.241526 0.0950032 0.0767027 0.095473
0 0.140969 0.710927 0.0438309 0.135763
0 0.857374 0.348663 0.0528643 0.0937614
0 0.322894 0.0445004 0.0728204 0.0890008
