0 0.254775 0.287406 0.0494661 0.156286
0 0.274156 0.488956 0.0844444 0.100901
0 0.586249 0.65845 0.0940363 0.104678
0 0.872581 0.760823 0.0446348 0.0958152
0 0.246221 0.0703467 0.0569848 0.140693
0 0.688364 0.507164 0.0609886 0.144285
0 0.444495 0.494409 0.0653639 0.12303
0 0.188425 0.149815 0.0695125 0.111307
0 0.337502 0.114857 0.0989545 0.109933
0 0.136058 0.208964 0.0474725 0.140796
0 0.679453 0.214268 0.0513258 0.154377
0 0.163947 0.688057 0.0803674 0.0940782
0 0.197136 0.609963 0.0678999 0.130047
0 0.544805 0.414963 0.0731434 0.0911263
0 0.348763 0.507326 0.0668277 0.13639
0 0.329018 0.267026 0.0566156 0.160226
0 0.740514 0.390604 0.0834484 0.0929868
0 0.182522 0.328436 0.0517457 0.114743
0 0.731258 0.471577 0.0866178 0.0910529
0 0.206119 0.263547 0.0558983 0.146123
0 0.316744 0.0359232 0.0592431 0.0718464
0 0.137653 0.705184 0.040071 0.0752701
0 0.211892 0.0350711 0.0660623 0.0701423
