0 0.505859 0.691667 0.097656 0.105556
0 0.587109 0.247917 0.055469 0.156944
0 0.644531 0.681944 0.057813 0.111111
0 0.570703 0.641667 0.066406 0.133333
0 0.372266 0.428472 0.050781 0.140278
0 0.241406 0.353472 0.060937 0.087500
0 0.336719 0.540972 0.057813 0.173611
0 0.712891 0.620833 0.041406 0.144444
0 0.364453 0.245139 0.072656 0.123611
0 0.826172 0.485417 0.066406 0.104167
0 0.749609 0.461806 0.082031 0.104167
0 0.220703 0.602083 0.060156 0.095833
0 0.379688 0.527778 0.056250 0.111111
0 0.421875 0.462500 0.096875 0.102778
0 0.882031 0.722917 0.042188 0.106944
0 0.633594 0.363194 0.103125 0.112500
0 0.405078 0.739583 0.091406 0.104167
0 0.664062 0.599306 0.071875 0.109722
0 0.584766 0.485417 0.049219 0.115278
0 0.805859 0.655556 0.052344 0.147222
0 0.667188 0.112500 0.089063 0.122222
0 0.807031 0.330556 0.070312 0.108333
0 0.891797 0.304167 0.046094 0.122222
