0 0.394531 0.627083 0.060937 0.143056
0 0.485156 0.253472 0.059375 0.159722
0 0.380469 0.081944 0.082812 0.108333
0 0.156250 0.513194 0.075000 0.084722
0 0.341797 0.711111 0.069531 0.088889
0 0.340234 0.438194 0.072656 0.090278
0 0.772266 0.355556 0.058594 0.155556
0 0.711328 0.253472 0.066406 0.123611
0 0.326562 0.640972 0.054688 0.123611
0 0.355469 0.281944 0.051562 0.133333
0 0.453516 0.693750 0.055469 0.154167
0 0.821094 0.690278 0.081250 0.108333
0 0.533594 0.301389 0.045312 0.155556
0 0.753516 0.475000 0.071094 0.108333
0 0.897656 0.220139 0.059375 0.093056
0 0.890625 0.412500 0.039062 0.108333
0 0.505078 0.429861 0.085156 0.109722
0 0.842187 0.419444 0.064062 0.097222
0 0.853906 0.486111 0.070312 0.094444
0 0.719141 0.371528 0.060156 0.095833
