0 0.413281 0.459722 0.051562 0.144444
0 0.158203 0.585417 0.046094 0.109722
0 0.727734 0.743750 0.041406 0.154167
0 0.467969 0.454167 0.059375 0.163889
0 0.681641 0.757639 0.058594 0.118056
0 0.824609 0.513194 0.067969 0.156944
0 0.393359 0.100694 0.060156 0.156944
0 0.337109 0.177083 0.055469 0.176389
0 0.819141 0.697222 0.047656 0.144444
0 0.241797 0.762500 0.055469 0.125000
0 0.899609 0.477778 0.064844 0.138889
0 0.854297 0.256944 0.047656 0.097222
0 0.882031 0.748611 0.060937 0.075000
0 0.775781 0.741667 0.057813 0.100000
0 0.889844 0.661806 0.048438 0.109722
0 0.893750 0.581944 0.070312 0.100000
0 0.822266 0.717361 0.055469 0.181944
0 0.833984 0.739583 0.041406 0.156944
0 0.838672 0.138194 0.060156 0.106944
0 0.868750 0.582639 0.053125 0.126389
0 0.883984 0.581944 0.083594 0.119444
