0 0.366797 0.284722 0.088281 0.105556
0 0.558984 0.636806 0.066406 0.123611
0 0.744141 0.398611 0.069531 0.127778
0 0.571484 0.071528 0.085156 0.109722
0 0.682813 0.346528 0.057813 0.162500
0 0.834766 0.342361 0.057031 0.112500
0 0.379688 0.435417 0.079687 0.131944
0 0.432812 0.082639 0.090625 0.109722
0 0.652344 0.688194 0.073438 0.106944
0 0.837891 0.617361 0.066406 0.101389
0 0.602344 0.311806 0.087500 0.101389
0 0.587891 0.384722 0.086719 0.130556
0 0.621484 0.611806 0.067969 0.104167
0 0.445312 0.451389 0.092188 0.111111
0 0.774219 0.631250 0.084375 0.112500
0 0.499219 0.068750 0.081250 0.109722
0 0.437500 0.344444 0.087500 0.125000
0 0.787891 0.536806 0.055469 0.093056
0 0.844531 0.692361 0.042188 0.098611
