0 0.649608 0.543413 0.0910891 0.100844
0 0.332713 0.194022 0.0561609 0.16155
0 0.588214 0.0617627 0.100298 0.0877116
0 0.565574 0.286074 0.0939072 0.105244
0 0.450961 0.452323 0.0881002 0.115213
0 0.382466 0.353457 0.0506464 0.202534
0 0.829182 0.846783 0.0436031 0.130685
0 0.512828 0.213991 0.0914743 0.0927663
0 0.868248 0.840846 0.0445959 0.0910295
0 0.539155 0.533878 0.10105 0.109408
0 0.737492 0.850732 0.0715548 0.0906489
0 0.851521 0.357144 0.0694359 0.109385
0 0.653268 0.328215 0.04356 0.161538
0 0.847487 0.562233 0.0749439 0.116881
0 0.790511 0.851088 0.0460336 0.101402
0 0.850289 0.665284 0.0610817 0.117871
0 0.596649 0.153733 0.103398 0.106218
0 0.874761 0.145993 0.0636181 0.0752063
