0 0.675663 0.627315 0.0543903 0.154594
0 0.549082 0.307376 0.0740668 0.142051
0 0.73306 0.851674 0.0618656 0.0942266
0 0.624298 0.30837 0.04355 0.159522
0 0.330269 0.27443 0.0614844 0.138551
0 0.834081 0.133271 0.0532885 0.108765
0 0.474075 0.206683 0.09806 0.106408
0 0.77995 0.621742 0.0663563 0.131835
0 0.364177 0.221163 0.0542595 0.173418
0 0.601077 0.616348 0.0415874 0.129766
0 0.725253 0.607986 0.0469032 0.12933
0 0.783919 0.845472 0.0535426 0.0892459
0 0.64608 0.541071 0.0920069 0.102513
0 0.852171 0.356765 0.0692913 0.106722
0 0.815221 0.855561 0.0517752 0.0910662
0 0.879878 0.774025 0.0510832 0.0713174
0 0.904204 0.708859 0.0610956 0.112378
0 0.815615 0.757769 0.0633938 0.0840939
0 0.879622 0.218077 0.0497204 0.141436
