0 0.570703 0.284722 0.067969 0.119444
0 0.729297 0.584722 0.053906 0.113889
0 0.835547 0.125694 0.052344 0.126389
0 0.552344 0.602778 0.064062 0.147222
0 0.600781 0.622917 0.039062 0.131944
0 0.668359 0.307639 0.075781 0.140278
0 0.435156 0.516667 0.100000 0.102778
0 0.485156 0.206250 0.087500 0.106944
0 0.564453 0.471528 0.096094 0.126389
0 0.925781 0.676389 0.064062 0.077778
0 0.849219 0.559028 0.073438 0.104167
0 0.849609 0.679167 0.075781 0.088889
0 0.851172 0.356250 0.067969 0.109722
0 0.903516 0.729861 0.061719 0.076389
0 0.816406 0.845139 0.060937 0.081944
0 0.862109 0.765278 0.057031 0.075000
0 0.808984 0.754861 0.057031 0.087500
0 0.769141 0.850000 0.055469 0.075000
0 0.237109 0.719444 0.063281 0.088889
0 0.235547 0.793056 0.038281 0.072222
0 0.876172 0.143056 0.053906 0.100000
0 0.882812 0.228472 0.051562 0.148611
