0 0.124609 0.689583 0.035156 0.068056
0 0.123438 0.591667 0.048438 0.069444
0 0.265625 0.479167 0.057813 0.077778
0 0.235937 0.521528 0.051562 0.073611
0 0.300391 0.786111 0.066406 0.100000
0 0.507812 0.395139 0.043750 0.104167
0 0.120703 0.754861 0.046094 0.073611
0 0.145703 0.722222 0.053906 0.069444
0 0.315234 0.618056 0.042969 0.116667
0 0.880469 0.697917 0.048438 0.073611
0 0.852344 0.114583 0.040625 0.068056
0 0.518359 0.648611 0.067969 0.080556
0 0.802344 0.513194 0.043750 0.120833
0 0.394531 0.802083 0.085938 0.170833
0 0.571484 0.645833 0.046094 0.080556
0 0.491797 0.942361 0.049219 0.101389
0 0.794922 0.720139 0.066406 0.065278
0 0.889062 0.290278 0.029687 0.102778
0 0.865234 0.264583 0.035156 0.112500
0 0.922656 0.768750 0.046875 0.059722
0 0.698828 0.577778 0.050781 0.136111
0 0.750781 0.322917 0.057813 0.062500
0 0.772266 0.057639 0.060156 0.065278
0 0.789844 0.107639 0.032813 0.065278
0 0.752734 0.635417 0.055469 0.062500
0 0.860156 0.063194 0.043750 0.048611
0 0.747656 0.115278 0.057813 0.077778
0 0.128906 0.646528 0.048438 0.048611
