0 0.627734 0.322917 0.042969 0.140278
0 0.571094 0.404861 0.051562 0.181944
0 0.796875 0.518750 0.050000 0.134722
0 0.755469 0.751389 0.053125 0.141667
0 0.678125 0.327778 0.056250 0.166667
0 0.491797 0.381250 0.074219 0.145833
0 0.157812 0.580556 0.054688 0.094444
0 0.234375 0.782639 0.042188 0.137500
0 0.916016 0.571528 0.069531 0.104167
0 0.712109 0.693056 0.066406 0.105556
0 0.919531 0.699306 0.067187 0.073611
0 0.898828 0.259028 0.075781 0.079167
0 0.691406 0.611111 0.079687 0.108333
0 0.783203 0.294444 0.085156 0.091667
0 0.824219 0.140972 0.057813 0.126389
0 0.858594 0.497917 0.075000 0.098611
0 0.887500 0.748611 0.056250 0.111111
0 0.891016 0.813194 0.055469 0.070833
0 0.719531 0.847222 0.057813 0.077778
0 0.732422 0.100000 0.077344 0.086111
0 0.888672 0.772222 0.058594 0.150000
