0 0.720202 0.611092 0.0431227 0.148967
0 0.791967 0.703953 0.0495726 0.125033
0 0.747647 0.499778 0.0758249 0.125838
0 0.550455 0.31525 0.0791391 0.120286
0 0.851388 0.705265 0.0456411 0.125809
0 0.600381 0.602117 0.0429787 0.136472
0 0.677813 0.629123 0.0550302 0.153461
0 0.73452 0.846807 0.0646522 0.103606
0 0.473092 0.207095 0.101049 0.105508
0 0.894642 0.789782 0.0591324 0.073606
0 0.64634 0.540735 0.0916126 0.0992086
0 0.350317 0.252146 0.0699482 0.148959
0 0.852929 0.356436 0.0702011 0.107934
0 0.832507 0.131626 0.0524727 0.111364
0 0.90694 0.709156 0.0607403 0.111937
0 0.783253 0.846224 0.0469355 0.104668
0 0.817335 0.850357 0.0475821 0.0998355
0 0.325665 0.32463 0.0699578 0.0965795
0 0.881203 0.224425 0.0463161 0.133546
