0 0.408203 0.591667 0.074219 0.080556
0 0.173828 0.205556 0.061719 0.100000
0 0.212109 0.384028 0.060156 0.101389
0 0.676953 0.140278 0.039844 0.116667
0 0.539062 0.446528 0.056250 0.140278
0 0.514844 0.795833 0.068750 0.119444
0 0.133984 0.459722 0.050781 0.100000
0 0.361719 0.856944 0.078125 0.094444
0 0.118750 0.335417 0.056250 0.104167
0 0.357031 0.638194 0.057813 0.109722
0 0.641016 0.170139 0.041406 0.134722
0 0.241406 0.460417 0.071875 0.101389
0 0.662500 0.060417 0.070312 0.070833
0 0.132812 0.270833 0.059375 0.075000
0 0.769141 0.125694 0.074219 0.084722
0 0.234375 0.234028 0.056250 0.115278
0 0.121484 0.572917 0.039844 0.112500
0 0.461719 0.453472 0.068750 0.140278
0 0.157031 0.119444 0.045312 0.072222
0 0.129688 0.778472 0.054688 0.065278
0 0.462500 0.797917 0.046875 0.131944
0 0.289062 0.561111 0.073438 0.077778
0 0.425781 0.310417 0.039062 0.118056
0 0.116016 0.211806 0.036719 0.081944
0 0.364844 0.450000 0.032813 0.136111
0 0.617578 0.114583 0.053906 0.098611
