0 0.599219 0.613889 0.042188 0.130556
0 0.451562 0.523611 0.098437 0.102778
0 0.882422 0.643056 0.066406 0.086111
0 0.478906 0.209028 0.100000 0.109722
0 0.646875 0.535417 0.095312 0.101389
0 0.528516 0.292361 0.071094 0.112500
0 0.732812 0.355556 0.095312 0.097222
0 0.692578 0.629861 0.047656 0.170833
0 0.729688 0.590278 0.064062 0.111111
0 0.656250 0.311806 0.071875 0.106944
0 0.769531 0.850694 0.053125 0.073611
0 0.851953 0.357639 0.069531 0.106944
0 0.904297 0.731250 0.052344 0.084722
0 0.817578 0.845139 0.060156 0.081944
0 0.832422 0.127778 0.049219 0.119444
0 0.882422 0.775000 0.050781 0.072222
0 0.590625 0.203472 0.082812 0.131944
0 0.881641 0.224306 0.046094 0.140278
0 0.802344 0.754167 0.073438 0.094444
0 0.985156 0.937500 0.029687 0.125000
0 0.876563 0.131250 0.076563 0.093056
