0 0.550391 0.251389 0.064844 0.144444
0 0.522266 0.167361 0.089844 0.101389
0 0.364453 0.298611 0.046094 0.158333
0 0.714063 0.267361 0.043750 0.140278
0 0.655078 0.268750 0.049219 0.162500
0 0.457422 0.724306 0.063281 0.140278
0 0.432812 0.238194 0.090625 0.101389
0 0.763281 0.439583 0.045312 0.123611
0 0.330469 0.742361 0.067187 0.095833
0 0.497656 0.304167 0.067187 0.155556
0 0.823047 0.690972 0.083594 0.118056
0 0.158984 0.534722 0.066406 0.100000
0 0.339062 0.468056 0.070312 0.105556
0 0.326172 0.168750 0.058594 0.120833
0 0.828125 0.379861 0.050000 0.109722
0 0.866016 0.503472 0.077344 0.115278
0 0.375781 0.643056 0.085938 0.108333
0 0.359375 0.681250 0.051562 0.137500
0 0.351172 0.068750 0.092969 0.104167
0 0.377734 0.667361 0.091406 0.154167
0 0.623437 0.712500 0.095312 0.141667
0 0.228906 0.609028 0.050000 0.106944
0 0.855859 0.327778 0.052344 0.111111
0 0.770312 0.308333 0.054688 0.158333
