0 0.395703 0.183333 0.052344 0.088889
0 0.343359 0.212500 0.042969 0.097222
0 0.278516 0.225000 0.039844 0.122222
0 0.205859 0.222222 0.044531 0.058333
0 0.121094 0.562500 0.039062 0.066667
0 0.136328 0.620139 0.036719 0.068056
0 0.114453 0.661806 0.025781 0.062500
0 0.133594 0.718056 0.042188 0.044444
0 0.131250 0.768750 0.039062 0.056944
0 0.257422 0.677778 0.042969 0.097222
0 0.401172 0.663889 0.072656 0.083333
0 0.560156 0.645139 0.078125 0.073611
0 0.876172 0.498611 0.041406 0.108333
0 0.887500 0.738889 0.045312 0.066667
0 0.883203 0.809028 0.039844 0.073611
0 0.863281 0.893750 0.042188 0.068056
0 0.824219 0.915972 0.040625 0.059722
0 0.783203 0.919444 0.046094 0.063889
0 0.732812 0.929861 0.046875 0.062500
0 0.663672 0.352778 0.072656 0.077778
0 0.875781 0.277083 0.054688 0.062500
0 0.825391 0.092361 0.044531 0.090278
0 0.860547 0.122917 0.028906 0.095833
0 0.755859 0.080556 0.025781 0.075000
0 0.721875 0.082639 0.037500 0.106944
0 0.744531 0.134028 0.039062 0.084722
0 0.593750 0.046528 0.051562 0.062500
