0 0.517188 0.569444 0.078125 0.113889
0 0.614844 0.656944 0.064062 0.108333
0 0.418359 0.584028 0.086719 0.090278
0 0.230469 0.554861 0.070312 0.095833
0 0.221875 0.249306 0.053125 0.140278
0 0.670312 0.531250 0.053125 0.140278
0 0.757422 0.379861 0.061719 0.140278
0 0.579688 0.786806 0.065625 0.087500
0 0.149609 0.636111 0.069531 0.100000
0 0.159766 0.713889 0.052344 0.069444
0 0.672266 0.647917 0.060156 0.104167
0 0.677344 0.362500 0.056250 0.169444
0 0.634766 0.294444 0.089844 0.094444
0 0.564453 0.512500 0.058594 0.163889
0 0.469922 0.442361 0.058594 0.140278
0 0.123047 0.122222 0.050781 0.130556
0 0.289844 0.370139 0.065625 0.098611
0 0.775391 0.577778 0.061719 0.113889
0 0.602734 0.598611 0.053906 0.066667
0 0.208594 0.084722 0.073438 0.108333
0 0.463672 0.177778 0.049219 0.141667
0 0.206641 0.024306 0.061719 0.045833
0 0.816797 0.272222 0.061719 0.066667
