0 0.641797 0.368056 0.049219 0.177778
0 0.350000 0.284722 0.092188 0.108333
0 0.726562 0.703472 0.067187 0.140278
0 0.803516 0.604167 0.061719 0.130556
0 0.503906 0.067361 0.090625 0.101389
0 0.692187 0.366667 0.056250 0.138889
0 0.845313 0.506944 0.046875 0.150000
0 0.615234 0.592361 0.067969 0.123611
0 0.570312 0.331250 0.059375 0.156944
0 0.653516 0.678472 0.077344 0.101389
0 0.337891 0.112500 0.058594 0.150000
0 0.473047 0.461111 0.096094 0.100000
0 0.738672 0.379861 0.050781 0.159722
0 0.784375 0.520139 0.046875 0.095833
0 0.825000 0.681250 0.067187 0.087500
0 0.844141 0.613889 0.047656 0.094444
0 0.565234 0.148611 0.082031 0.100000
