0 0.556250 0.102778 0.090625 0.105556
0 0.355469 0.306250 0.065625 0.106944
0 0.398828 0.617361 0.086719 0.115278
0 0.889844 0.398611 0.039062 0.113889
0 0.827734 0.688194 0.069531 0.101389
0 0.601172 0.265278 0.086719 0.116667
0 0.329297 0.643056 0.053906 0.125000
0 0.174219 0.520833 0.070312 0.097222
0 0.373828 0.425694 0.058594 0.143056
0 0.519141 0.306250 0.055469 0.151389
0 0.338672 0.166667 0.061719 0.122222
0 0.698828 0.755556 0.058594 0.119444
0 0.809375 0.493056 0.079687 0.102778
0 0.724219 0.375000 0.067187 0.091667
0 0.363672 0.504861 0.046094 0.095833
0 0.842969 0.401389 0.056250 0.111111
0 0.356641 0.694444 0.086719 0.105556
0 0.896094 0.208333 0.067187 0.077778
0 0.856250 0.532639 0.056250 0.098611
0 0.507812 0.454861 0.085938 0.101389
0 0.887109 0.128472 0.046094 0.084722
