0 0.145703 0.122222 0.086719 0.083333
0 0.224609 0.311806 0.044531 0.151389
0 0.528516 0.295833 0.069531 0.172222
0 0.398438 0.313889 0.056250 0.147222
0 0.669141 0.315972 0.100781 0.104167
0 0.359766 0.540972 0.066406 0.084722
0 0.447266 0.709028 0.078906 0.106944
0 0.519531 0.604861 0.057813 0.104167
0 0.337891 0.710417 0.052344 0.143056
0 0.876563 0.123611 0.070312 0.100000
0 0.844141 0.181250 0.074219 0.101389
0 0.373437 0.440972 0.085938 0.112500
0 0.547656 0.072917 0.068750 0.129167
0 0.751563 0.182639 0.059375 0.159722
0 0.386719 0.683333 0.056250 0.155556
0 0.184766 0.300694 0.047656 0.159722
0 0.803906 0.579167 0.054688 0.091667
0 0.850781 0.400694 0.067187 0.109722
0 0.896875 0.264583 0.056250 0.106944
0 0.198047 0.139583 0.069531 0.118056
0 0.873047 0.752083 0.069531 0.087500
0 0.529297 0.428472 0.077344 0.151389
0 0.761328 0.622222 0.055469 0.133333
