0 0.155859 0.784028 0.071094 0.087500
0 0.399609 0.799306 0.066406 0.106944
0 0.377344 0.863194 0.078125 0.093056
0 0.135547 0.368750 0.061719 0.081944
0 0.201563 0.190972 0.064062 0.079167
0 0.162891 0.604861 0.058594 0.115278
0 0.370703 0.306944 0.057031 0.136111
0 0.166797 0.167361 0.049219 0.090278
0 0.601562 0.071528 0.067187 0.093056
0 0.283594 0.515972 0.078125 0.093056
0 0.225391 0.831250 0.049219 0.084722
0 0.388281 0.604167 0.065625 0.116667
0 0.856641 0.204167 0.058594 0.083333
0 0.455859 0.381250 0.085156 0.087500
0 0.641406 0.089583 0.046875 0.120833
0 0.591406 0.143056 0.053125 0.088889
0 0.236328 0.401389 0.046094 0.136111
0 0.275781 0.609722 0.079687 0.094444
0 0.863281 0.321528 0.057813 0.112500
0 0.135156 0.915972 0.057813 0.070833
0 0.114062 0.215972 0.040625 0.070833
0 0.124609 0.452778 0.049219 0.088889
0 0.175781 0.263194 0.057813 0.062500
0 0.189453 0.824306 0.035156 0.081944
