0 0.366016 0.284722 0.088281 0.105556
0 0.568359 0.631944 0.067969 0.111111
0 0.383203 0.439583 0.082031 0.134722
0 0.681250 0.354861 0.076563 0.151389
0 0.571875 0.070139 0.089063 0.109722
0 0.445312 0.353472 0.085938 0.115278
0 0.614062 0.593056 0.065625 0.133333
0 0.603125 0.309722 0.085938 0.097222
0 0.729297 0.388889 0.044531 0.150000
0 0.837500 0.340972 0.064062 0.112500
0 0.589453 0.384722 0.078906 0.125000
0 0.653906 0.686111 0.071875 0.102778
0 0.840625 0.618750 0.073438 0.112500
0 0.492969 0.080556 0.085938 0.100000
0 0.769531 0.681944 0.081250 0.094444
0 0.791016 0.535417 0.055469 0.093056
0 0.444141 0.452083 0.094531 0.109722
0 0.424219 0.077778 0.087500 0.113889
