0 0.490307 0.471594 0.0684549 0.138094
0 0.718866 0.355089 0.0593557 0.130806
0 0.346379 0.308427 0.0858565 0.113154
0 0.711787 0.731342 0.0533681 0.114391
0 0.223974 0.315238 0.0488883 0.115921
0 0.390079 0.408605 0.0620066 0.142093
0 0.471535 0.0750754 0.0633787 0.129635
0 0.672894 0.388824 0.0490011 0.172338
0 0.384334 0.625442 0.0491602 0.170143
0 0.431994 0.51421 0.0908594 0.097276
0 0.415628 0.268668 0.083511 0.106047
0 0.863941 0.350641 0.0836386 0.112788
0 0.562951 0.603775 0.0655741 0.127482
0 0.81907 0.605171 0.0384075 0.116056
0 0.571686 0.48496 0.0854222 0.109894
0 0.621985 0.631643 0.074759 0.115903
0 0.843912 0.758262 0.0587578 0.0946428
0 0.756666 0.693999 0.0387004 0.110354
0 0.864534 0.699979 0.0598583 0.0877431
0 0.615697 0.390234 0.0699474 0.103306
