0 0.252263 0.282174 0.0728132 0.0915792
0 0.33523 0.362061 0.05635 0.161078
0 0.134628 0.196328 0.0439994 0.131264
0 0.340477 0.695457 0.0622542 0.0951435
0 0.254023 0.508188 0.0866689 0.101557
0 0.573534 0.343208 0.0730719 0.10513
0 0.213096 0.204355 0.0472457 0.129331
0 0.571438 0.485687 0.0723577 0.129382
0 0.407462 0.486019 0.0829482 0.0919123
0 0.735092 0.267044 0.0725819 0.0882807
0 0.577135 0.67256 0.046928 0.149203
0 0.150096 0.37584 0.0487809 0.122557
0 0.343948 0.614854 0.0788147 0.0784777
0 0.410319 0.59471 0.0520545 0.14326
0 0.318952 0.154294 0.0786891 0.128488
0 0.832852 0.47263 0.0595552 0.0787599
0 0.208338 0.101088 0.0587403 0.102782
0 0.222921 0.0326333 0.0772613 0.0652666
0 0.182664 0.703272 0.0767228 0.0946899
0 0.653016 0.40756 0.0621449 0.149835
0 0.140108 0.719318 0.0408018 0.108598
0 0.551324 0.649813 0.0389295 0.104686
0 0.173913 0.611433 0.0522313 0.108621
0 0.321422 0.0432473 0.069525 0.0864945
0 0.139184 0.11836 0.0537532 0.0530594
