0 0.588317 0.263842 0.063485 0.127709
0 0.653107 0.474842 0.0712137 0.129212
0 0.4065 0.465229 0.0642737 0.123968
0 0.223923 0.605604 0.0536092 0.0972526
0 0.362047 0.237233 0.0677108 0.139496
0 0.330306 0.556286 0.049421 0.153688
0 0.638771 0.713604 0.0510559 0.140127
0 0.378909 0.564499 0.0482917 0.125303
0 0.533435 0.45238 0.102666 0.117946
0 0.741397 0.533473 0.0797985 0.100159
0 0.586464 0.479458 0.0440125 0.116037
0 0.725445 0.693657 0.0712788 0.108873
0 0.414419 0.746564 0.0872982 0.101987
0 0.883548 0.288236 0.0371019 0.139267
0 0.644981 0.113098 0.0830505 0.0987652
0 0.885998 0.731303 0.0353825 0.0991469
0 0.80955 0.514227 0.0844339 0.134245
0 0.510407 0.284105 0.0562226 0.145986
0 0.550208 0.712752 0.0884235 0.102577
0 0.804679 0.334455 0.0686396 0.0947955
0 0.667116 0.62363 0.0662082 0.0950807
0 0.239264 0.353558 0.0561316 0.092599
