0 0.489453 0.484028 0.075781 0.123611
0 0.375000 0.656944 0.064062 0.108333
0 0.175781 0.097222 0.070312 0.097222
0 0.533203 0.581250 0.066406 0.129167
0 0.871875 0.675000 0.042188 0.127778
0 0.832812 0.631250 0.057813 0.134722
0 0.641797 0.155556 0.047656 0.169444
0 0.223438 0.264583 0.078125 0.076389
0 0.869141 0.569444 0.050781 0.088889
0 0.332422 0.625694 0.041406 0.112500
0 0.743750 0.759722 0.060937 0.136111
0 0.815234 0.486111 0.077344 0.111111
0 0.254688 0.192361 0.076563 0.098611
0 0.893359 0.155556 0.052344 0.102778
0 0.885156 0.486806 0.040625 0.093056
0 0.860938 0.452778 0.057813 0.152778
0 0.671484 0.336806 0.111719 0.093056
0 0.376563 0.063194 0.079687 0.098611
0 0.688672 0.189583 0.053906 0.140278
0 0.560156 0.699306 0.092188 0.129167
