0 0.655143 0.115477 0.0489335 0.137659
0 0.858324 0.187678 0.0463289 0.157514
0 0.193716 0.53602 0.0436349 0.128252
0 0.766886 0.468703 0.0593184 0.0984289
0 0.669116 0.413584 0.0582643 0.156604
0 0.536131 0.495165 0.0574488 0.107725
0 0.451803 0.244602 0.096208 0.106226
0 0.833464 0.112302 0.044393 0.0892256
0 0.465651 0.524389 0.10003 0.0944294
0 0.33871 0.638632 0.0623051 0.159938
0 0.496627 0.165024 0.097578 0.096965
0 0.819081 0.585798 0.0555738 0.104117
0 0.774641 0.734947 0.0632317 0.0869434
0 0.350734 0.19712 0.0860167 0.120116
0 0.218728 0.606924 0.0637863 0.0992798
0 0.696266 0.632865 0.0797176 0.113412
0 0.585487 0.248002 0.0596643 0.141917
0 0.684045 0.268797 0.0612024 0.103193
0 0.904036 0.224131 0.0680401 0.0863089
0 0.604613 0.458017 0.0933184 0.0916485
0 0.636071 0.767531 0.0771336 0.101225
0 0.832608 0.303232 0.059656 0.0870964
