0 0.365625 0.284028 0.089063 0.104167
0 0.743750 0.397222 0.068750 0.125000
0 0.558984 0.638889 0.064844 0.122222
0 0.578125 0.150000 0.046875 0.152778
0 0.589063 0.393750 0.078125 0.109722
0 0.137109 0.486806 0.049219 0.095833
0 0.696094 0.422917 0.071875 0.129167
0 0.621094 0.628472 0.064062 0.134722
0 0.837109 0.502083 0.055469 0.143056
0 0.378906 0.429167 0.082812 0.127778
0 0.833594 0.346528 0.057813 0.106944
0 0.621875 0.322917 0.076563 0.112500
0 0.431641 0.341667 0.094531 0.122222
0 0.661719 0.695139 0.059375 0.115278
0 0.443750 0.452083 0.089063 0.112500
0 0.423047 0.063889 0.078906 0.119444
0 0.829688 0.608333 0.079687 0.086111
0 0.791016 0.540278 0.061719 0.105556
0 0.502344 0.072222 0.100000 0.111111
0 0.843750 0.660417 0.064062 0.087500
