0 0.51263 0.285528 0.0646202 0.152871
0 0.474726 0.200024 0.0893508 0.09574
0 0.635693 0.303113 0.0748713 0.0998059
0 0.698142 0.315912 0.0513414 0.159224
0 0.599949 0.613103 0.0420856 0.128847
0 0.449719 0.531598 0.097622 0.101769
0 0.914338 0.569816 0.0389469 0.156929
0 0.728811 0.599789 0.0472541 0.125059
0 0.648255 0.539276 0.0953671 0.103064
0 0.595317 0.20904 0.0737534 0.113809
0 0.901094 0.206219 0.0543041 0.129244
0 0.770028 0.851588 0.0554562 0.0750526
0 0.852725 0.3587 0.0712233 0.105353
0 0.816164 0.847614 0.0588913 0.0801714
0 0.903525 0.729568 0.0530441 0.094557
0 0.88087 0.774485 0.0529129 0.0727536
0 0.799347 0.772003 0.0764483 0.102737
0 0.833233 0.125093 0.0508894 0.116432
