0 0.450000 0.097917 0.057813 0.156944
0 0.552344 0.263194 0.064062 0.168056
0 0.712109 0.265972 0.047656 0.137500
0 0.392188 0.618056 0.060937 0.136111
0 0.362891 0.289583 0.050781 0.134722
0 0.483594 0.259028 0.062500 0.168056
0 0.830078 0.686806 0.072656 0.104167
0 0.464453 0.707639 0.064844 0.123611
0 0.328516 0.638194 0.055469 0.126389
0 0.666797 0.615278 0.052344 0.141667
0 0.350781 0.459722 0.075000 0.094444
0 0.789844 0.500694 0.065625 0.104167
0 0.162891 0.537500 0.052344 0.102778
0 0.470703 0.474306 0.077344 0.106944
0 0.336328 0.220833 0.066406 0.108333
0 0.328125 0.722917 0.060937 0.084722
0 0.867188 0.496528 0.075000 0.098611
0 0.891406 0.672222 0.034375 0.105556
0 0.859375 0.438889 0.059375 0.102778
0 0.355859 0.071528 0.082031 0.112500
0 0.855859 0.326389 0.050781 0.108333
0 0.774609 0.325694 0.053906 0.159722
