0 0.631912 0.484244 0.0561482 0.143565
0 0.598225 0.615743 0.0564932 0.160797
0 0.898792 0.626484 0.0437664 0.132907
0 0.843504 0.826333 0.0474686 0.114286
0 0.772474 0.568856 0.0748474 0.147107
0 0.618484 0.291108 0.0585407 0.149911
0 0.418749 0.47292 0.0814466 0.112759
0 0.90427 0.456128 0.0622402 0.0899083
0 0.628047 0.851203 0.0703398 0.109925
0 0.575549 0.74984 0.0898056 0.0933116
0 0.687304 0.195745 0.0544048 0.162111
0 0.359164 0.31623 0.0877898 0.105485
0 0.864931 0.265985 0.0708923 0.097595
0 0.162022 0.532861 0.0406923 0.104941
0 0.851177 0.602346 0.0568329 0.0841228
0 0.240364 0.763254 0.0524176 0.121324
0 0.511919 0.390881 0.0860624 0.128965
0 0.64251 0.72197 0.0857784 0.116935
0 0.904871 0.200637 0.0632015 0.118301
0 0.837136 0.143972 0.0725449 0.0766211
