0 0.139063 0.576389 0.075000 0.097222
0 0.288672 0.144444 0.066406 0.169444
0 0.701562 0.183333 0.070312 0.141667
0 0.364063 0.154167 0.062500 0.094444
0 0.559766 0.411111 0.064844 0.197222
0 0.611719 0.628472 0.067187 0.123611
0 0.452344 0.343056 0.068750 0.152778
0 0.697656 0.082639 0.060937 0.162500
0 0.808984 0.671528 0.074219 0.112500
0 0.855469 0.340972 0.054688 0.198611
0 0.750781 0.565972 0.068750 0.190278
0 0.323828 0.363194 0.063281 0.126389
0 0.260156 0.243056 0.062500 0.175000
0 0.716406 0.691667 0.053125 0.094444
0 0.184375 0.098611 0.067187 0.141667
0 0.144141 0.438194 0.074219 0.156944
0 0.129297 0.079167 0.047656 0.111111
0 0.791016 0.294444 0.060156 0.102778
