0 0.215625 0.225000 0.078125 0.130556
0 0.457031 0.815278 0.070312 0.077778
0 0.163281 0.288194 0.046875 0.131944
0 0.266797 0.520139 0.083594 0.106944
0 0.280469 0.115972 0.076563 0.098611
0 0.548828 0.725000 0.053906 0.152778
0 0.599609 0.228472 0.053906 0.151389
0 0.204687 0.464583 0.051562 0.143056
0 0.345313 0.684722 0.048438 0.144444
0 0.418359 0.717361 0.094531 0.109722
0 0.222266 0.692361 0.061719 0.106944
0 0.314844 0.591667 0.067187 0.169444
0 0.616016 0.565972 0.055469 0.106944
0 0.473047 0.576389 0.097656 0.108333
0 0.217188 0.336111 0.064062 0.133333
0 0.136328 0.236111 0.041406 0.075000
0 0.279297 0.390972 0.050781 0.129167
0 0.127344 0.307639 0.054688 0.106944
0 0.532422 0.280556 0.082031 0.141667
0 0.748828 0.669444 0.074219 0.086111
0 0.294141 0.195833 0.069531 0.080556
0 0.750391 0.390972 0.085156 0.087500
0 0.812500 0.599306 0.067187 0.079167
0 0.639453 0.351389 0.092969 0.105556
0 0.826953 0.810417 0.060156 0.106944
0 0.875781 0.755556 0.051562 0.111111
