0 0.160156 0.579167 0.050000 0.097222
0 0.489063 0.417361 0.067187 0.165278
0 0.844141 0.752083 0.044531 0.123611
0 0.335156 0.583333 0.048438 0.188889
0 0.417578 0.582639 0.069531 0.118056
0 0.923828 0.702083 0.069531 0.076389
0 0.915234 0.570833 0.074219 0.094444
0 0.668359 0.758333 0.072656 0.088889
0 0.244141 0.762500 0.055469 0.130556
0 0.755078 0.730556 0.050781 0.163889
0 0.750781 0.570833 0.059375 0.138889
0 0.879297 0.351389 0.058594 0.097222
0 0.757422 0.093750 0.058594 0.131944
0 0.713672 0.693750 0.074219 0.104167
0 0.830078 0.536806 0.063281 0.087500
0 0.894141 0.809722 0.052344 0.080556
0 0.889062 0.748611 0.050000 0.100000
0 0.891016 0.162500 0.078906 0.088889
0 0.722266 0.847917 0.055469 0.079167
