0 0.227344 0.183333 0.075000 0.097222
0 0.124609 0.228472 0.061719 0.079167
0 0.170313 0.183333 0.045312 0.130556
0 0.256250 0.552083 0.064062 0.068056
0 0.428125 0.069444 0.070312 0.077778
0 0.381641 0.666667 0.078906 0.113889
0 0.123438 0.445833 0.040625 0.105556
0 0.119141 0.531944 0.038281 0.144444
0 0.131641 0.641667 0.057031 0.083333
0 0.162891 0.763889 0.060156 0.086111
0 0.275781 0.699306 0.076563 0.076389
0 0.469141 0.328472 0.074219 0.095833
0 0.148047 0.913194 0.055469 0.065278
0 0.135156 0.829167 0.057813 0.069444
0 0.414844 0.470139 0.053125 0.112500
0 0.450000 0.650000 0.085938 0.097222
0 0.829297 0.170833 0.053906 0.075000
0 0.805859 0.557639 0.039844 0.093056
0 0.630469 0.381250 0.084375 0.081944
0 0.522266 0.313889 0.049219 0.133333
0 0.766406 0.261806 0.051562 0.076389
0 0.512109 0.441667 0.064844 0.111111
0 0.569922 0.100694 0.071094 0.093056
0 0.791406 0.144444 0.067187 0.080556
0 0.299219 0.786806 0.056250 0.118056
0 0.309375 0.114583 0.075000 0.087500
