0 0.818750 0.120833 0.101562 0.080556
0 0.226562 0.284722 0.084375 0.102778
0 0.137891 0.304167 0.072656 0.105556
0 0.146484 0.520139 0.077344 0.090278
0 0.862109 0.620139 0.066406 0.079167
0 0.582422 0.806250 0.072656 0.106944
0 0.747656 0.216667 0.089063 0.094444
0 0.884766 0.310417 0.063281 0.109722
0 0.694922 0.287500 0.080469 0.083333
0 0.288672 0.684722 0.072656 0.138889
0 0.841406 0.749306 0.071875 0.095833
0 0.393750 0.072222 0.071875 0.141667
0 0.600781 0.351389 0.053125 0.161111
0 0.887500 0.570833 0.056250 0.088889
0 0.146484 0.190278 0.060156 0.122222
0 0.189844 0.602083 0.081250 0.098611
0 0.228125 0.538194 0.056250 0.159722
0 0.745703 0.795833 0.058594 0.088889
0 0.880859 0.702083 0.055469 0.095833
0 0.132422 0.604861 0.035156 0.109722
0 0.713672 0.354167 0.075781 0.077778
