0 0.489453 0.259028 0.066406 0.156944
0 0.455859 0.693056 0.055469 0.150000
0 0.393359 0.630556 0.063281 0.130556
0 0.625391 0.379167 0.053906 0.169444
0 0.355469 0.273611 0.056250 0.133333
0 0.829297 0.687500 0.071094 0.102778
0 0.339453 0.709028 0.074219 0.112500
0 0.754297 0.492361 0.071094 0.098611
0 0.541797 0.131250 0.074219 0.115278
0 0.363281 0.075694 0.085938 0.104167
0 0.498828 0.430556 0.096094 0.111111
0 0.322266 0.620139 0.052344 0.143056
0 0.158984 0.523611 0.071094 0.086111
0 0.873828 0.506944 0.083594 0.097222
0 0.537891 0.297222 0.044531 0.169444
0 0.772656 0.324306 0.059375 0.140278
0 0.782031 0.600694 0.076563 0.115278
0 0.851562 0.334722 0.057813 0.119444
0 0.718359 0.373611 0.053906 0.097222
0 0.342187 0.436806 0.076563 0.123611
0 0.880469 0.437500 0.068750 0.091667
