0 0.567187 0.263889 0.048438 0.172222
0 0.346094 0.080556 0.090625 0.108333
0 0.619922 0.272917 0.060156 0.137500
0 0.619922 0.661111 0.050781 0.155556
0 0.425391 0.478472 0.064844 0.098611
0 0.508203 0.366667 0.050781 0.166667
0 0.679688 0.690278 0.056250 0.144444
0 0.858594 0.415972 0.070312 0.098611
0 0.446094 0.102083 0.092188 0.093056
0 0.453516 0.720833 0.069531 0.130556
0 0.721094 0.270833 0.075000 0.097222
0 0.786719 0.193056 0.040625 0.133333
0 0.160938 0.530556 0.070312 0.091667
0 0.889062 0.483333 0.054688 0.130556
0 0.834766 0.666667 0.072656 0.105556
0 0.836719 0.183333 0.046875 0.102778
0 0.850391 0.530556 0.061719 0.075000
0 0.402734 0.604861 0.091406 0.115278
0 0.897266 0.562500 0.061719 0.108333
0 0.416797 0.374306 0.039844 0.059722
0 0.442188 0.346528 0.087500 0.123611
0 0.887500 0.295139 0.039062 0.126389
