0 0.132422 0.562500 0.033594 0.108333
0 0.121484 0.488194 0.030469 0.087500
0 0.266016 0.475000 0.052344 0.077778
0 0.238281 0.522917 0.042188 0.076389
0 0.170313 0.764583 0.059375 0.087500
0 0.141016 0.806944 0.033594 0.061111
0 0.126953 0.768750 0.032031 0.095833
0 0.134375 0.722222 0.050000 0.072222
0 0.175000 0.906250 0.053125 0.070833
0 0.768750 0.687500 0.048438 0.113889
0 0.560547 0.702778 0.041406 0.097222
0 0.517578 0.649306 0.075781 0.079167
0 0.483984 0.602778 0.050781 0.108333
0 0.536328 0.597917 0.052344 0.109722
0 0.642578 0.647917 0.052344 0.065278
0 0.580078 0.591667 0.063281 0.086111
0 0.693750 0.592361 0.042188 0.101389
0 0.736328 0.646528 0.060156 0.073611
0 0.876563 0.258333 0.048438 0.083333
0 0.923438 0.771528 0.043750 0.059722
0 0.867188 0.327083 0.042188 0.076389
0 0.702344 0.308333 0.051562 0.091667
0 0.769141 0.070833 0.055469 0.052778
0 0.808594 0.093056 0.028125 0.080556
0 0.801562 0.576389 0.040625 0.102778
0 0.864844 0.092361 0.032813 0.079167
0 0.766797 0.111111 0.058594 0.088889
0 0.791797 0.114583 0.022656 0.095833
