0 0.406641 0.700000 0.049219 0.166667
0 0.227734 0.318056 0.066406 0.144444
0 0.517969 0.088889 0.085938 0.091667
0 0.830469 0.853472 0.076563 0.076389
0 0.154688 0.372222 0.075000 0.105556
0 0.491797 0.180556 0.083594 0.111111
0 0.558203 0.418750 0.057031 0.165278
0 0.671875 0.411806 0.081250 0.140278
0 0.511328 0.420833 0.047656 0.161111
0 0.658984 0.664583 0.058594 0.090278
0 0.182031 0.281944 0.070312 0.080556
0 0.746484 0.602083 0.044531 0.154167
0 0.693750 0.616667 0.081250 0.111111
0 0.889844 0.793750 0.040625 0.140278
0 0.656641 0.729167 0.064844 0.102778
0 0.654297 0.855556 0.066406 0.088889
0 0.826953 0.779167 0.071094 0.083333
0 0.214844 0.500000 0.051562 0.144444
0 0.530078 0.634722 0.072656 0.088889
0 0.598828 0.754167 0.063281 0.152778
0 0.600781 0.072917 0.075000 0.090278
0 0.641406 0.239583 0.050000 0.148611
