0 0.137109 0.553472 0.057031 0.087500
0 0.121875 0.482639 0.034375 0.090278
0 0.266016 0.475000 0.052344 0.077778
0 0.238281 0.522917 0.042188 0.076389
0 0.170313 0.761806 0.054688 0.068056
0 0.141016 0.806944 0.033594 0.061111
0 0.126953 0.768750 0.032031 0.095833
0 0.134375 0.722222 0.050000 0.072222
0 0.173828 0.907639 0.055469 0.068056
0 0.776172 0.682639 0.038281 0.104167
0 0.566016 0.709722 0.046094 0.077778
0 0.517578 0.649306 0.075781 0.079167
0 0.483984 0.602778 0.050781 0.108333
0 0.539062 0.597222 0.037500 0.102778
0 0.639062 0.650694 0.046875 0.059722
0 0.593359 0.616667 0.067969 0.083333
0 0.692969 0.593750 0.043750 0.104167
0 0.732812 0.646528 0.062500 0.073611
0 0.890625 0.252778 0.046875 0.091667
0 0.922656 0.770139 0.042188 0.056944
0 0.873828 0.323611 0.047656 0.080556
0 0.701953 0.310417 0.050781 0.095833
0 0.786328 0.073611 0.057031 0.052778
0 0.807813 0.118056 0.037500 0.055556
0 0.831250 0.090972 0.032813 0.048611
0 0.639062 0.929861 0.046875 0.056944
0 0.773828 0.127083 0.060156 0.068056
0 0.813672 0.061806 0.025781 0.026389
