0 0.277344 0.097917 0.057813 0.073611
0 0.201563 0.447917 0.062500 0.106944
0 0.176563 0.274306 0.045312 0.120833
0 0.111328 0.407639 0.039844 0.115278
0 0.147656 0.541667 0.040625 0.063889
0 0.112500 0.535417 0.032813 0.134722
0 0.140625 0.909722 0.037500 0.077778
0 0.480469 0.668750 0.065625 0.076389
0 0.294922 0.944444 0.072656 0.083333
0 0.518750 0.736111 0.057813 0.102778
0 0.469531 0.102778 0.057813 0.116667
0 0.331641 0.218750 0.058594 0.109722
0 0.158594 0.825694 0.043750 0.084722
0 0.871484 0.563889 0.053906 0.075000
0 0.863281 0.622222 0.035937 0.091667
0 0.648828 0.315972 0.074219 0.087500
0 0.838672 0.432639 0.063281 0.087500
0 0.591406 0.454861 0.048438 0.095833
0 0.539453 0.459722 0.035156 0.150000
0 0.752344 0.125000 0.067187 0.083333
0 0.608203 0.098611 0.050781 0.119444
0 0.839063 0.354167 0.062500 0.083333
0 0.316797 0.478472 0.050781 0.076389
0 0.380859 0.732639 0.058594 0.087500
0 0.763281 0.072917 0.056250 0.056944
0 0.110937 0.238889 0.031250 0.097222
0 0.170703 0.375000 0.064844 0.077778
