0 0.365323 0.456766 0.0588257 0.142524
0 0.469217 0.524351 0.0954447 0.105239
0 0.638288 0.61228 0.0577001 0.143486
0 0.7665 0.468535 0.0615581 0.0993496
0 0.598672 0.168855 0.0954337 0.0998405
0 0.498498 0.436286 0.0837049 0.105027
0 0.214595 0.609503 0.0678523 0.123264
0 0.344153 0.719798 0.0452616 0.121701
0 0.860814 0.185551 0.045195 0.158555
0 0.814019 0.208239 0.0497461 0.109417
0 0.679403 0.243028 0.058631 0.133974
0 0.461521 0.254497 0.0736437 0.115626
0 0.906159 0.171295 0.0440098 0.14707
0 0.584113 0.545095 0.0746835 0.0805805
0 0.531383 0.280379 0.0783157 0.100431
0 0.84117 0.611654 0.0674023 0.104524
0 0.732893 0.76624 0.0656492 0.0898132
0 0.322847 0.652052 0.0387136 0.116535
0 0.836629 0.11147 0.0487236 0.0887597
0 0.376833 0.282557 0.0799822 0.113174
0 0.454896 0.0920453 0.0978689 0.107143
0 0.834585 0.301832 0.0618092 0.0914853
