0 0.123047 0.693056 0.044531 0.058333
0 0.477734 0.595139 0.053906 0.112500
0 0.269141 0.481944 0.053906 0.086111
0 0.238672 0.520833 0.042969 0.072222
0 0.129688 0.569444 0.054688 0.080556
0 0.134375 0.747222 0.057813 0.083333
0 0.619922 0.706250 0.044531 0.134722
0 0.404297 0.614583 0.042969 0.112500
0 0.887891 0.683333 0.050781 0.066667
0 0.891016 0.131944 0.035156 0.072222
0 0.507422 0.650000 0.074219 0.083333
0 0.848828 0.101389 0.046094 0.097222
0 0.350000 0.660417 0.054688 0.098611
0 0.887500 0.729167 0.040625 0.083333
0 0.875000 0.307639 0.035937 0.087500
0 0.882031 0.385417 0.039062 0.095833
0 0.862891 0.252778 0.041406 0.102778
0 0.922266 0.765972 0.041406 0.065278
0 0.891016 0.260417 0.035156 0.084722
0 0.814063 0.136111 0.046875 0.063889
0 0.810156 0.082639 0.070312 0.065278
0 0.748828 0.636806 0.055469 0.059722
0 0.869531 0.072917 0.040625 0.068056
0 0.750000 0.120833 0.070312 0.075000
0 0.119922 0.646528 0.046094 0.056944
0 0.510547 0.315278 0.057031 0.077778
0 0.866406 0.127083 0.034375 0.070833
0 0.821875 0.055556 0.029687 0.044444
