0 0.331351 0.25954 0.0599184 0.16596
0 0.826992 0.500594 0.0468822 0.143429
0 0.733375 0.447536 0.0611261 0.136827
0 0.564747 0.4515 0.0604361 0.158019
0 0.561931 0.299532 0.0863049 0.115609
0 0.206785 0.294253 0.0557082 0.102136
0 0.390675 0.628634 0.0581158 0.159848
0 0.880256 0.464022 0.0515476 0.0876846
0 0.45962 0.343159 0.0558982 0.141291
0 0.833371 0.293388 0.0570732 0.136617
0 0.445945 0.10962 0.0835763 0.114276
0 0.721707 0.328225 0.0837074 0.116705
0 0.411254 0.242473 0.0739249 0.138134
0 0.39181 0.391127 0.0873019 0.107553
0 0.844914 0.356028 0.0817143 0.101016
0 0.712742 0.733727 0.078389 0.108341
0 0.829961 0.666521 0.0581562 0.0751131
0 0.749556 0.735796 0.0449794 0.133515
0 0.371232 0.304505 0.102414 0.0918729
