0 0.592187 0.470833 0.051562 0.133333
0 0.730469 0.540278 0.050000 0.163889
0 0.467187 0.593750 0.060937 0.143056
0 0.687109 0.380556 0.055469 0.180556
0 0.535937 0.506250 0.090625 0.098611
0 0.767188 0.565972 0.045312 0.109722
0 0.748437 0.668750 0.087500 0.106944
0 0.748828 0.400694 0.053906 0.154167
0 0.437109 0.351389 0.069531 0.144444
0 0.619922 0.343750 0.057031 0.137500
0 0.610938 0.643056 0.068750 0.125000
0 0.454297 0.094444 0.082031 0.113889
0 0.825781 0.712500 0.053125 0.136111
0 0.338672 0.113889 0.060156 0.152778
0 0.794922 0.690972 0.036719 0.126389
0 0.738281 0.235417 0.070312 0.093056
0 0.820312 0.497917 0.067187 0.101389
0 0.821484 0.516667 0.077344 0.136111
0 0.755078 0.140972 0.075781 0.087500
0 0.241016 0.240972 0.038281 0.126389
