0 0.510799 0.437386 0.0941479 0.106022
0 0.67739 0.255062 0.0506422 0.147428
0 0.378613 0.557379 0.0520554 0.158637
0 0.803885 0.201627 0.0624632 0.133658
0 0.344837 0.215627 0.0831551 0.122449
0 0.330614 0.560459 0.0477246 0.148226
0 0.656067 0.619897 0.0493868 0.143795
0 0.531795 0.636231 0.0628733 0.125145
0 0.173234 0.531705 0.0634219 0.0846699
0 0.355105 0.31139 0.0683976 0.117796
0 0.845677 0.558514 0.0648876 0.119468
0 0.870384 0.138777 0.0611401 0.0868258
0 0.391254 0.426602 0.0591251 0.0839923
0 0.530643 0.226623 0.0851046 0.10631
0 0.437604 0.106646 0.0776873 0.134867
0 0.836101 0.397013 0.0497509 0.110664
0 0.226441 0.608501 0.0507552 0.109521
0 0.855402 0.638964 0.0647606 0.0877962
0 0.828249 0.699897 0.066362 0.0893541
0 0.613057 0.269351 0.081287 0.110018
0 0.845452 0.650417 0.0863827 0.10995
