0 0.269922 0.547222 0.044531 0.147222
0 0.375781 0.232639 0.060937 0.093056
0 0.133984 0.706944 0.052344 0.091667
0 0.270703 0.320833 0.066406 0.116667
0 0.664453 0.152083 0.039844 0.115278
0 0.124609 0.393750 0.055469 0.112500
0 0.219922 0.610417 0.042969 0.109722
0 0.359766 0.661806 0.080469 0.109722
0 0.174609 0.416667 0.050781 0.163889
0 0.383984 0.103472 0.039844 0.131944
0 0.310547 0.561806 0.058594 0.070833
0 0.239063 0.697222 0.076563 0.086111
0 0.634375 0.640972 0.076563 0.079167
0 0.142969 0.505556 0.040625 0.116667
0 0.877734 0.254861 0.047656 0.101389
0 0.816797 0.132639 0.042969 0.106944
0 0.607031 0.372917 0.085938 0.095833
0 0.887109 0.181250 0.060156 0.070833
0 0.254688 0.821528 0.073438 0.093056
0 0.167578 0.823611 0.050781 0.075000
0 0.241797 0.208333 0.078906 0.091667
0 0.699609 0.952778 0.058594 0.080556
0 0.125781 0.270833 0.042188 0.113889
0 0.317188 0.263889 0.053125 0.144444
0 0.155859 0.755556 0.042969 0.061111
0 0.344922 0.089583 0.055469 0.104167
