0 0.119922 0.577083 0.039844 0.068056
0 0.510938 0.264583 0.040625 0.129167
0 0.410938 0.591667 0.068750 0.077778
0 0.658984 0.450694 0.046094 0.143056
0 0.381641 0.923611 0.055469 0.088889
0 0.551562 0.175000 0.070312 0.086111
0 0.648438 0.640972 0.075000 0.081944
0 0.451953 0.936806 0.057031 0.090278
0 0.591797 0.727083 0.055469 0.090278
0 0.815625 0.257639 0.043750 0.120833
0 0.648438 0.387500 0.057813 0.063889
0 0.793750 0.819444 0.035937 0.066667
0 0.736328 0.644444 0.069531 0.066667
0 0.581250 0.650694 0.070312 0.054167
0 0.855469 0.153472 0.046875 0.051389
0 0.854688 0.107639 0.059375 0.065278
0 0.735547 0.095833 0.046094 0.052778
0 0.838281 0.314583 0.037500 0.120833
0 0.519141 0.648611 0.082031 0.086111
0 0.610938 0.262500 0.042188 0.116667
0 0.517188 0.390278 0.071875 0.075000
0 0.514453 0.082639 0.049219 0.073611
0 0.562500 0.065278 0.051562 0.094444
0 0.597656 0.072222 0.048438 0.097222
0 0.678125 0.186806 0.046875 0.104167
0 0.830859 0.447222 0.053906 0.119444
0 0.880859 0.138194 0.022656 0.098611
0 0.135937 0.661806 0.056250 0.090278
