0 0.175000 0.542361 0.045312 0.106944
0 0.139453 0.809028 0.041406 0.120833
0 0.567969 0.372917 0.075000 0.068056
0 0.150000 0.229167 0.043750 0.138889
0 0.309766 0.391667 0.072656 0.105556
0 0.210547 0.140278 0.091406 0.102778
0 0.548438 0.723611 0.057813 0.077778
0 0.396484 0.299306 0.053906 0.151389
0 0.331250 0.636806 0.071875 0.118056
0 0.670312 0.075694 0.070312 0.076389
0 0.454297 0.631250 0.074219 0.095833
0 0.121875 0.573611 0.043750 0.102778
0 0.401562 0.838194 0.062500 0.101389
0 0.752734 0.387500 0.050781 0.083333
0 0.446875 0.288889 0.048438 0.125000
0 0.401562 0.703472 0.075000 0.104167
0 0.337891 0.476389 0.052344 0.144444
0 0.130469 0.648611 0.057813 0.075000
0 0.278906 0.588194 0.050000 0.151389
0 0.358984 0.168750 0.057031 0.126389
0 0.724219 0.066667 0.054688 0.047222
0 0.865234 0.365278 0.036719 0.111111
0 0.127344 0.485417 0.051562 0.073611
0 0.298047 0.800000 0.055469 0.127778
0 0.246484 0.470139 0.055469 0.079167
0 0.228906 0.643056 0.042188 0.113889
