0 0.229687 0.105556 0.056250 0.077778
0 0.339453 0.095139 0.047656 0.123611
0 0.402734 0.268750 0.069531 0.101389
0 0.500391 0.314583 0.088281 0.084722
0 0.133203 0.220833 0.057031 0.063889
0 0.104688 0.205556 0.032813 0.061111
0 0.106250 0.291667 0.034375 0.097222
0 0.144141 0.295139 0.046094 0.090278
0 0.112891 0.385417 0.052344 0.073611
0 0.114844 0.454861 0.048438 0.076389
0 0.115234 0.511111 0.047656 0.050000
0 0.126953 0.590972 0.046094 0.090278
0 0.110937 0.636806 0.040625 0.081944
0 0.128516 0.795139 0.027344 0.112500
0 0.480078 0.666667 0.052344 0.077778
0 0.514453 0.715278 0.041406 0.130556
0 0.480859 0.881250 0.075781 0.068056
0 0.553906 0.589583 0.053125 0.137500
0 0.609375 0.097917 0.050000 0.126389
0 0.703906 0.370139 0.040625 0.131944
0 0.781641 0.132639 0.039844 0.120833
0 0.798047 0.092361 0.033594 0.073611
0 0.871094 0.346528 0.043750 0.070833
0 0.848047 0.415972 0.030469 0.098611
0 0.880078 0.437500 0.038281 0.094444
0 0.872656 0.495833 0.026562 0.069444
0 0.862500 0.558333 0.037500 0.102778
