0 0.373047 0.434722 0.061719 0.155556
0 0.444141 0.350000 0.080469 0.111111
0 0.350000 0.219444 0.084375 0.113889
0 0.651563 0.379861 0.051562 0.148611
0 0.753516 0.410417 0.044531 0.151389
0 0.478516 0.088194 0.069531 0.118056
0 0.477344 0.671528 0.067187 0.112500
0 0.617969 0.728472 0.057813 0.115278
0 0.557813 0.477778 0.067187 0.130556
0 0.226562 0.390278 0.042188 0.119444
0 0.446875 0.252778 0.087500 0.097222
0 0.783594 0.340972 0.078125 0.098611
0 0.708594 0.313889 0.082812 0.100000
0 0.580859 0.120139 0.069531 0.118056
0 0.839063 0.395139 0.054688 0.087500
0 0.675000 0.725000 0.078125 0.119444
0 0.591406 0.376389 0.068750 0.152778
0 0.427734 0.463194 0.072656 0.131944
0 0.842187 0.648611 0.082812 0.136111
0 0.709375 0.422917 0.062500 0.143056
