0 0.820703 0.140972 0.085156 0.112500
0 0.223828 0.276389 0.071094 0.108333
0 0.135547 0.304167 0.057031 0.125000
0 0.135547 0.522917 0.080469 0.090278
0 0.867969 0.617361 0.071875 0.076389
0 0.581641 0.803472 0.083594 0.098611
0 0.789844 0.772222 0.043750 0.122222
0 0.883594 0.293056 0.043750 0.127778
0 0.694141 0.295139 0.075781 0.104167
0 0.295703 0.676389 0.063281 0.141667
0 0.843359 0.751389 0.057031 0.108333
0 0.394531 0.075694 0.070312 0.134722
0 0.843750 0.223611 0.073438 0.094444
0 0.890625 0.561806 0.062500 0.081944
0 0.145313 0.186111 0.051562 0.130556
0 0.191797 0.600694 0.072656 0.093056
0 0.239844 0.659722 0.048438 0.169444
0 0.744922 0.775000 0.044531 0.119444
0 0.869141 0.695833 0.052344 0.077778
0 0.134375 0.600000 0.025000 0.119444
