0 0.563672 0.452778 0.060156 0.172222
0 0.766797 0.618750 0.042969 0.115278
0 0.744141 0.396528 0.094531 0.115278
0 0.446484 0.293056 0.064844 0.172222
0 0.810156 0.594444 0.042188 0.133333
0 0.532031 0.125694 0.085938 0.104167
0 0.723828 0.704167 0.063281 0.147222
0 0.390625 0.437500 0.098437 0.108333
0 0.647266 0.624306 0.069531 0.115278
0 0.683984 0.215278 0.072656 0.100000
0 0.342969 0.310417 0.082812 0.140278
0 0.239844 0.243056 0.043750 0.133333
0 0.830859 0.670833 0.063281 0.111111
0 0.864844 0.357639 0.062500 0.104167
0 0.714063 0.588889 0.082812 0.100000
0 0.388281 0.164583 0.082812 0.115278
0 0.880859 0.207639 0.057031 0.101389
0 0.798828 0.204167 0.067969 0.119444
