0 0.650032 0.551004 0.0862183 0.109241
0 0.578427 0.483579 0.0645685 0.156898
0 0.330867 0.18215 0.0521385 0.177686
0 0.389883 0.208655 0.0696762 0.127083
0 0.884186 0.142542 0.0747761 0.0901697
0 0.472523 0.317556 0.0861713 0.115842
0 0.753037 0.854417 0.0787499 0.0975762
0 0.851974 0.358469 0.07111 0.10942
0 0.536276 0.199261 0.0889332 0.0946418
0 0.543668 0.540445 0.0874583 0.11091
0 0.843392 0.780955 0.0449135 0.106385
0 0.561902 0.288582 0.09096 0.0993938
0 0.609402 0.152897 0.0864407 0.106302
0 0.4311 0.0924378 0.108994 0.12105
0 0.336508 0.297494 0.0783026 0.106789
0 0.776972 0.729386 0.0856424 0.111377
0 0.799367 0.835336 0.0522586 0.0823778
