0 0.750000 0.395139 0.095312 0.112500
0 0.434375 0.222222 0.065625 0.166667
0 0.512500 0.628472 0.065625 0.159722
0 0.823828 0.534722 0.050781 0.141667
0 0.546094 0.100694 0.073438 0.115278
0 0.577734 0.365972 0.063281 0.123611
0 0.480859 0.300694 0.075781 0.120833
0 0.681250 0.621528 0.059375 0.145833
0 0.801562 0.725694 0.046875 0.137500
0 0.554688 0.303472 0.084375 0.106944
0 0.728125 0.501389 0.076563 0.097222
0 0.771875 0.619444 0.043750 0.127778
0 0.451172 0.457639 0.080469 0.140278
0 0.882031 0.286111 0.053125 0.119444
0 0.826953 0.356944 0.066406 0.119444
0 0.757422 0.733333 0.058594 0.105556
0 0.344141 0.312500 0.086719 0.133333
0 0.870703 0.534722 0.061719 0.116667
0 0.224219 0.168056 0.050000 0.094444
0 0.839844 0.605556 0.042188 0.113889
0 0.243750 0.245139 0.039062 0.106944
0 0.802344 0.202083 0.051562 0.148611
