0 0.505078 0.697917 0.099219 0.093056
0 0.584766 0.250000 0.061719 0.161111
0 0.642969 0.715278 0.046875 0.141667
0 0.523438 0.626389 0.070312 0.183333
0 0.372266 0.428472 0.050781 0.140278
0 0.241406 0.353472 0.060937 0.087500
0 0.336719 0.540972 0.057813 0.173611
0 0.712891 0.620833 0.041406 0.144444
0 0.357812 0.248611 0.085938 0.116667
0 0.826172 0.485417 0.066406 0.104167
0 0.748828 0.456250 0.082031 0.104167
0 0.220703 0.602083 0.060156 0.095833
0 0.386328 0.522222 0.069531 0.100000
0 0.421875 0.462500 0.096875 0.102778
0 0.885156 0.725694 0.037500 0.101389
0 0.630078 0.355556 0.096094 0.097222
0 0.416797 0.740972 0.077344 0.106944
0 0.668750 0.611806 0.081250 0.084722
0 0.584766 0.485417 0.049219 0.115278
0 0.798828 0.611111 0.052344 0.119444
0 0.682813 0.116667 0.065625 0.091667
0 0.807031 0.330556 0.070312 0.108333
0 0.894141 0.306944 0.052344 0.116667
