0 0.137024 0.259853 0.0478882 0.114723
0 0.243285 0.124837 0.0498128 0.132937
0 0.415919 0.572424 0.0688705 0.0806241
0 0.600025 0.71665 0.0563179 0.118373
0 0.858143 0.77433 0.0547417 0.0916972
0 0.239123 0.246853 0.0660895 0.129494
0 0.208902 0.538433 0.0502258 0.125164
0 0.298124 0.458949 0.0823 0.0904675
0 0.441387 0.235632 0.0707891 0.0807349
0 0.367532 0.446209 0.084175 0.0964264
0 0.1888 0.683071 0.0718013 0.114145
0 0.350057 0.620509 0.0574887 0.155961
0 0.548371 0.737091 0.0580447 0.109052
0 0.506621 0.765883 0.0443104 0.12094
0 0.329868 0.227489 0.0624339 0.150688
0 0.471779 0.552357 0.0603003 0.146779
0 0.48776 0.182569 0.0793371 0.0981369
0 0.19565 0.145541 0.0614532 0.108857
0 0.132993 0.766318 0.0412332 0.120226
0 0.682109 0.74053 0.0539186 0.136428
0 0.386828 0.141727 0.0516521 0.169024
0 0.523755 0.544554 0.0612438 0.125752
0 0.284241 0.298775 0.0511126 0.141198
0 0.818242 0.435726 0.066271 0.0734604
0 0.132304 0.185722 0.0494557 0.058087
0 0.166884 0.710456 0.0612722 0.0837619
