0 0.555469 0.098611 0.098437 0.116667
0 0.406250 0.654861 0.056250 0.143056
0 0.494141 0.449306 0.066406 0.137500
0 0.603516 0.265278 0.083594 0.116667
0 0.173828 0.520139 0.067969 0.093056
0 0.339844 0.159722 0.062500 0.138889
0 0.360156 0.302083 0.059375 0.115278
0 0.368750 0.407639 0.087500 0.115278
0 0.827734 0.687500 0.071094 0.105556
0 0.513672 0.346528 0.074219 0.095833
0 0.327734 0.643056 0.053906 0.113889
0 0.723828 0.376389 0.067969 0.094444
0 0.837891 0.411806 0.060156 0.104167
0 0.889844 0.391667 0.037500 0.127778
0 0.698828 0.755556 0.064844 0.116667
0 0.353125 0.698611 0.090625 0.100000
0 0.892578 0.126389 0.060156 0.083333
0 0.621094 0.475000 0.051562 0.158333
0 0.859766 0.536806 0.057031 0.104167
0 0.366406 0.524306 0.082812 0.084722
0 0.909375 0.228472 0.048438 0.090278
0 0.850781 0.316667 0.065625 0.086111
