0 0.278516 0.093750 0.063281 0.076389
0 0.200391 0.154861 0.060156 0.087500
0 0.174609 0.395833 0.055469 0.100000
0 0.160938 0.300000 0.053125 0.072222
0 0.095703 0.403472 0.057031 0.095833
0 0.139063 0.538194 0.046875 0.054167
0 0.112500 0.495139 0.037500 0.101389
0 0.139063 0.906944 0.034375 0.083333
0 0.478516 0.661111 0.058594 0.088889
0 0.570703 0.664583 0.074219 0.079167
0 0.520312 0.738889 0.060937 0.108333
0 0.469531 0.102778 0.057813 0.116667
0 0.314063 0.491667 0.064062 0.086111
0 0.158594 0.825694 0.043750 0.084722
0 0.872266 0.565278 0.055469 0.077778
0 0.862500 0.625000 0.037500 0.091667
0 0.460547 0.243750 0.072656 0.076389
0 0.823438 0.438194 0.046875 0.118056
0 0.601953 0.436806 0.057031 0.098611
0 0.670312 0.397917 0.060937 0.087500
0 0.774609 0.116667 0.042969 0.119444
0 0.609375 0.096528 0.053125 0.123611
0 0.838281 0.355556 0.054688 0.080556
0 0.148828 0.438194 0.038281 0.106944
0 0.171484 0.636806 0.052344 0.101389
0 0.810156 0.088194 0.040625 0.068056
0 0.110156 0.238889 0.029687 0.077778
