0 0.467322 0.523793 0.0921655 0.106453
0 0.503798 0.453612 0.0681967 0.138086
0 0.519126 0.595061 0.0828716 0.109088
0 0.612574 0.250643 0.0774964 0.150574
0 0.493061 0.244583 0.0798891 0.103134
0 0.344556 0.291071 0.075888 0.104358
0 0.79453 0.751976 0.0394958 0.108547
0 0.360097 0.204339 0.0633718 0.13166
0 0.659134 0.622434 0.0585478 0.151544
0 0.20836 0.476169 0.0519928 0.118666
0 0.731706 0.762448 0.0703526 0.0812636
0 0.806266 0.152668 0.0434885 0.129426
0 0.840482 0.610423 0.0629139 0.0987405
0 0.592727 0.543839 0.0801964 0.0931148
0 0.448144 0.0807301 0.0929108 0.103092
0 0.339172 0.436787 0.0706499 0.124112
0 0.227362 0.607607 0.0477326 0.117768
0 0.777091 0.0998473 0.0498958 0.0674094
0 0.38358 0.448317 0.0529089 0.0984789
0 0.808811 0.334643 0.0491993 0.129153
0 0.856532 0.206542 0.0576061 0.112721
0 0.842862 0.278279 0.0522358 0.123197
