0 0.573047 0.739583 0.075781 0.079167
0 0.583594 0.820833 0.073438 0.097222
0 0.535937 0.090278 0.056250 0.113889
0 0.569531 0.613889 0.053125 0.111111
0 0.402344 0.647222 0.064062 0.133333
0 0.438672 0.727778 0.061719 0.077778
0 0.263281 0.588194 0.079687 0.095833
0 0.332813 0.216667 0.050000 0.125000
0 0.171094 0.663194 0.040625 0.123611
0 0.155859 0.763194 0.036719 0.101389
0 0.139063 0.647222 0.042188 0.111111
0 0.218359 0.670139 0.052344 0.115278
0 0.164844 0.431944 0.043750 0.130556
0 0.133594 0.411806 0.046875 0.095833
0 0.121875 0.298611 0.053125 0.080556
0 0.181250 0.284028 0.037500 0.112500
0 0.131250 0.213194 0.065625 0.081944
0 0.156641 0.514583 0.038281 0.084722
0 0.263672 0.299306 0.055469 0.126389
0 0.599609 0.077083 0.069531 0.087500
0 0.386719 0.100694 0.060937 0.093056
0 0.218750 0.297222 0.039062 0.147222
0 0.274609 0.178472 0.080469 0.084722
0 0.247656 0.518056 0.085938 0.075000
0 0.319141 0.294444 0.053906 0.108333
0 0.789844 0.479167 0.056250 0.133333
