0 0.147266 0.579167 0.077344 0.088889
0 0.262500 0.165278 0.060937 0.161111
0 0.695703 0.190278 0.057031 0.155556
0 0.376563 0.143750 0.057813 0.131944
0 0.612109 0.626389 0.066406 0.133333
0 0.455078 0.350000 0.066406 0.150000
0 0.684766 0.100000 0.094531 0.100000
0 0.810547 0.675000 0.077344 0.119444
0 0.851953 0.352083 0.055469 0.187500
0 0.763281 0.443056 0.068750 0.166667
0 0.152344 0.168750 0.078125 0.129167
0 0.168359 0.070139 0.071094 0.101389
0 0.307031 0.531944 0.068750 0.158333
0 0.341797 0.613194 0.057031 0.112500
0 0.891797 0.176389 0.075781 0.136111
