0 0.480687 0.401435 0.0516984 0.137025
0 0.200341 0.334981 0.063274 0.109
0 0.400671 0.736629 0.053706 0.133781
0 0.582439 0.199039 0.0709272 0.101168
0 0.340399 0.665173 0.0591228 0.149579
0 0.858978 0.772893 0.0556849 0.0921221
0 0.215692 0.195082 0.0502192 0.137299
0 0.223281 0.709425 0.0518581 0.127591
0 0.155454 0.718935 0.0702908 0.083803
0 0.605685 0.669011 0.0717858 0.0692822
0 0.359955 0.429547 0.0628416 0.0861865
0 0.171483 0.635176 0.0742513 0.111107
0 0.450096 0.242998 0.054533 0.143767
0 0.539409 0.402307 0.0679955 0.137367
0 0.589094 0.570855 0.0844355 0.0943056
0 0.613887 0.408468 0.0741613 0.109773
0 0.23113 0.600213 0.07837 0.108165
0 0.336215 0.520314 0.0738964 0.0935171
0 0.186534 0.547964 0.071985 0.103512
0 0.191911 0.133559 0.0493932 0.145544
0 0.52642 0.235369 0.0677061 0.151986
0 0.86652 0.416136 0.0578751 0.103849
0 0.858247 0.570327 0.0514488 0.10068
0 0.130073 0.246151 0.0370477 0.0881033
0 0.150338 0.312339 0.0509259 0.150371
0 0.129186 0.186476 0.0410895 0.0638867
