0 0.382542 0.199825 0.0498051 0.16734
0 0.653396 0.541023 0.0853937 0.10263
0 0.326508 0.192974 0.0452609 0.157771
0 0.571649 0.477555 0.0520509 0.164946
0 0.41831 0.110556 0.0492028 0.17185
0 0.543333 0.126723 0.05753 0.177133
0 0.466213 0.474875 0.0900668 0.120987
0 0.792357 0.834948 0.043177 0.0944453
0 0.605133 0.157962 0.0764505 0.113796
0 0.839886 0.397741 0.0714989 0.104
0 0.602973 0.293661 0.073373 0.11728
0 0.748674 0.851896 0.0718044 0.0944007
0 0.907625 0.254849 0.071246 0.111831
0 0.84961 0.681925 0.0429319 0.162131
0 0.711143 0.204337 0.0685777 0.117655
0 0.337894 0.292444 0.0825555 0.109135
0 0.791566 0.738866 0.0778657 0.0806736
0 0.837655 0.758454 0.0564243 0.0837197
