0 0.146484 0.581944 0.075781 0.100000
0 0.283984 0.126389 0.064844 0.158333
0 0.696875 0.195833 0.051562 0.163889
0 0.362891 0.167361 0.055469 0.123611
0 0.608203 0.265278 0.067969 0.152778
0 0.612109 0.626389 0.066406 0.133333
0 0.453906 0.342361 0.064062 0.162500
0 0.685547 0.115278 0.088281 0.119444
0 0.809375 0.675694 0.075000 0.120833
0 0.857812 0.350694 0.057813 0.165278
0 0.765234 0.447917 0.071094 0.159722
0 0.386328 0.378472 0.086719 0.115278
0 0.149219 0.174306 0.075000 0.129167
0 0.167578 0.072917 0.083594 0.090278
0 0.300781 0.522222 0.070312 0.177778
