0 0.563317 0.453653 0.0605808 0.169282
0 0.444441 0.299267 0.0596973 0.162887
0 0.747577 0.391098 0.0936819 0.115032
0 0.689167 0.217785 0.0512245 0.133128
0 0.389962 0.433569 0.101123 0.109264
0 0.532832 0.122897 0.088498 0.108168
0 0.481269 0.597585 0.0894121 0.11083
0 0.807817 0.607074 0.045036 0.150656
0 0.76534 0.617289 0.0428007 0.115622
0 0.338928 0.12677 0.0584333 0.161134
0 0.738715 0.704801 0.0608709 0.144606
0 0.827354 0.695603 0.0646266 0.105195
0 0.717146 0.594844 0.0838639 0.104853
0 0.865682 0.356601 0.060836 0.100571
0 0.244948 0.240284 0.0368159 0.129628
0 0.345872 0.308381 0.0872523 0.130541
0 0.3913 0.178679 0.0989419 0.116934
0 0.880283 0.199303 0.0684258 0.0957408
