0 0.150781 0.215972 0.042188 0.118056
0 0.111328 0.281250 0.044531 0.109722
0 0.118359 0.416667 0.042969 0.077778
0 0.120703 0.482639 0.041406 0.098611
0 0.133594 0.634028 0.035937 0.079167
0 0.149219 0.772222 0.032813 0.111111
0 0.395703 0.945833 0.047656 0.102778
0 0.248828 0.447917 0.069531 0.073611
0 0.361328 0.356944 0.033594 0.091667
0 0.503125 0.594444 0.040625 0.111111
0 0.564063 0.583333 0.032813 0.133333
0 0.575391 0.734028 0.036719 0.109722
0 0.619922 0.858333 0.058594 0.050000
0 0.800781 0.909722 0.032813 0.086111
0 0.833594 0.809722 0.039062 0.086111
0 0.694141 0.679167 0.039844 0.086111
0 0.710547 0.592361 0.039844 0.093056
0 0.761719 0.634028 0.045312 0.056944
0 0.794531 0.568056 0.060937 0.116667
0 0.798047 0.696528 0.033594 0.106944
0 0.875781 0.834028 0.035937 0.065278
0 0.871094 0.327778 0.039062 0.086111
0 0.700391 0.106944 0.063281 0.080556
0 0.724609 0.065972 0.046094 0.073611
0 0.799219 0.072917 0.040625 0.070833
0 0.829688 0.100694 0.026562 0.076389
0 0.859766 0.080556 0.041406 0.061111
0 0.866797 0.150000 0.035156 0.086111
