0 0.150781 0.755556 0.060937 0.066667
0 0.859766 0.097222 0.036719 0.111111
0 0.275000 0.475000 0.059375 0.083333
0 0.207031 0.458333 0.051562 0.094444
0 0.113672 0.481944 0.069531 0.091667
0 0.234375 0.566667 0.043750 0.119444
0 0.185156 0.621528 0.048438 0.095833
0 0.244531 0.479861 0.051562 0.106944
0 0.889062 0.688194 0.053125 0.090278
0 0.882031 0.141667 0.031250 0.091667
0 0.509766 0.654167 0.080469 0.086111
0 0.890234 0.743750 0.050781 0.062500
0 0.879297 0.299306 0.039844 0.090278
0 0.878516 0.390972 0.038281 0.109722
0 0.839844 0.265972 0.059375 0.087500
0 0.921094 0.750694 0.040625 0.065278
0 0.896484 0.302778 0.022656 0.105556
0 0.878125 0.240972 0.050000 0.068056
0 0.796875 0.115972 0.046875 0.079167
0 0.745703 0.637500 0.050781 0.058333
0 0.832422 0.111806 0.036719 0.095833
0 0.750000 0.118750 0.059375 0.087500
0 0.114062 0.544444 0.043750 0.091667
0 0.857812 0.177778 0.031250 0.072222
0 0.377344 0.656944 0.073438 0.083333
0 0.879297 0.102083 0.021094 0.076389
0 0.901563 0.132639 0.020313 0.073611
0 0.842969 0.065972 0.026562 0.045833
