0 0.643359 0.483333 0.050781 0.155556
0 0.367969 0.493056 0.053125 0.122222
0 0.473438 0.262500 0.082812 0.111111
0 0.357812 0.299306 0.060937 0.126389
0 0.871484 0.124306 0.055469 0.095833
0 0.557422 0.102083 0.088281 0.112500
0 0.150391 0.528472 0.078906 0.093056
0 0.828906 0.686806 0.073438 0.101389
0 0.720703 0.375000 0.060156 0.091667
0 0.328516 0.645139 0.050781 0.126389
0 0.532813 0.304861 0.053125 0.129167
0 0.363281 0.699306 0.075000 0.095833
0 0.769922 0.368750 0.049219 0.162500
0 0.837891 0.490972 0.074219 0.087500
0 0.891016 0.405556 0.042969 0.105556
0 0.903516 0.216667 0.074219 0.088889
0 0.867578 0.553472 0.058594 0.123611
0 0.408594 0.611806 0.084375 0.120833
0 0.337891 0.152778 0.064844 0.152778
0 0.862891 0.352083 0.055469 0.090278
0 0.842187 0.408333 0.064062 0.091667
