0 0.638342 0.318075 0.0654821 0.149573
0 0.452048 0.529783 0.0997868 0.0997772
0 0.599371 0.613555 0.0427511 0.127244
0 0.523379 0.280357 0.0642482 0.132963
0 0.883867 0.641914 0.0671196 0.0855678
0 0.732049 0.585992 0.0711065 0.112929
0 0.650045 0.536945 0.0914976 0.10569
0 0.484607 0.208382 0.0826071 0.109367
0 0.718053 0.326118 0.0806107 0.0964743
0 0.769513 0.850519 0.0558638 0.0774428
0 0.693539 0.64184 0.0491808 0.180004
0 0.904144 0.731521 0.0522886 0.0855316
0 0.850915 0.357329 0.0686483 0.108838
0 0.882214 0.775093 0.0502516 0.075667
0 0.814976 0.845623 0.0578592 0.0806905
0 0.80497 0.745192 0.0725649 0.111175
0 0.834094 0.12548 0.0522964 0.120715
0 0.591519 0.211397 0.0843647 0.124587
0 0.880803 0.222026 0.0455811 0.153659
0 0.985069 0.937567 0.029863 0.124866
