0 0.619922 0.131250 0.058594 0.073611
0 0.740234 0.111806 0.052344 0.109722
0 0.862109 0.156250 0.057031 0.076389
0 0.332813 0.438194 0.045312 0.123611
0 0.485156 0.315972 0.085938 0.093056
0 0.587500 0.543056 0.068750 0.088889
0 0.621484 0.659028 0.072656 0.073611
0 0.373437 0.400000 0.053125 0.127778
0 0.298047 0.434028 0.047656 0.120833
0 0.550781 0.656944 0.056250 0.075000
0 0.433984 0.744444 0.047656 0.111111
0 0.174609 0.534722 0.039844 0.111111
0 0.175781 0.647222 0.046875 0.097222
0 0.111328 0.517361 0.046094 0.081944
0 0.120313 0.584722 0.046875 0.091667
0 0.120703 0.639583 0.064844 0.059722
0 0.266406 0.725694 0.056250 0.076389
0 0.155469 0.815278 0.042188 0.100000
0 0.187891 0.782639 0.058594 0.068056
0 0.685547 0.803472 0.039844 0.126389
0 0.861719 0.645139 0.043750 0.079167
0 0.873047 0.706250 0.060156 0.056944
0 0.885547 0.731250 0.042969 0.073611
0 0.871484 0.787500 0.042969 0.052778
0 0.308594 0.154167 0.046875 0.130556
0 0.142969 0.326389 0.054688 0.086111
0 0.109375 0.199306 0.037500 0.065278
