0 0.690488 0.354854 0.0778353 0.143252
0 0.551397 0.0681081 0.0833517 0.104291
0 0.444377 0.474826 0.0792418 0.136663
0 0.728188 0.697827 0.0699461 0.147689
0 0.57028 0.60787 0.0761797 0.108612
0 0.426614 0.610346 0.0469633 0.161982
0 0.863496 0.348555 0.0628563 0.102743
0 0.400692 0.405148 0.0575088 0.172575
0 0.604679 0.483791 0.0872671 0.109873
0 0.795847 0.678421 0.0415865 0.113986
0 0.408001 0.295896 0.0673104 0.149437
0 0.644386 0.533557 0.0723402 0.093797
0 0.84355 0.501305 0.0495575 0.147944
0 0.819822 0.564894 0.0674466 0.08623
0 0.33825 0.119335 0.0591713 0.138298
0 0.685059 0.201814 0.0584891 0.120706
0 0.243206 0.239818 0.0426364 0.0944513
0 0.795463 0.208745 0.0692766 0.11565
