0 0.829297 0.167361 0.086719 0.112500
0 0.212891 0.276389 0.075781 0.113889
0 0.157031 0.238889 0.054688 0.138889
0 0.184766 0.603472 0.039844 0.134722
0 0.595703 0.332639 0.086719 0.131944
0 0.623047 0.787500 0.060156 0.125000
0 0.831641 0.783333 0.044531 0.105556
0 0.487109 0.255556 0.099219 0.119444
0 0.742969 0.795833 0.050000 0.088889
0 0.791016 0.777083 0.036719 0.126389
0 0.884375 0.275000 0.054688 0.138889
0 0.685547 0.290278 0.088281 0.091667
0 0.236328 0.596528 0.077344 0.098611
0 0.624609 0.687500 0.092969 0.130556
0 0.853125 0.745833 0.051562 0.102778
0 0.134375 0.567361 0.035937 0.104167
0 0.483984 0.086111 0.082031 0.127778
0 0.851172 0.216667 0.067969 0.086111
0 0.883984 0.575694 0.057031 0.104167
