0 0.574669 0.469335 0.039686 0.140743
0 0.411418 0.465376 0.0641857 0.125837
0 0.647118 0.107061 0.078432 0.101624
0 0.700979 0.132536 0.050058 0.150552
0 0.726145 0.702196 0.0631477 0.124412
0 0.898545 0.477378 0.0357416 0.125887
0 0.442185 0.651669 0.0850261 0.10221
0 0.666121 0.459197 0.0755423 0.13674
0 0.848182 0.428669 0.069879 0.113205
0 0.221918 0.60843 0.0582374 0.102655
0 0.499578 0.341141 0.0685625 0.126294
0 0.713791 0.502651 0.0673601 0.133357
0 0.633267 0.3731 0.072331 0.103348
0 0.374236 0.718517 0.0845307 0.118555
0 0.380915 0.576995 0.0631917 0.109678
0 0.326102 0.565778 0.0537955 0.135446
0 0.357567 0.274822 0.0709908 0.142463
0 0.88687 0.269709 0.0654137 0.08445
0 0.788242 0.585704 0.0735825 0.109302
0 0.517946 0.454418 0.0888561 0.106359
0 0.808981 0.330092 0.0645871 0.10675
0 0.445517 0.341304 0.0473392 0.173627
