0 0.505078 0.427778 0.096094 0.102778
0 0.317578 0.596528 0.044531 0.134722
0 0.802734 0.200694 0.064844 0.126389
0 0.323047 0.493056 0.050781 0.102778
0 0.680859 0.251389 0.053906 0.144444
0 0.353125 0.310417 0.071875 0.106944
0 0.521094 0.256250 0.071875 0.112500
0 0.171875 0.531250 0.067187 0.084722
0 0.668750 0.470139 0.084375 0.112500
0 0.503516 0.652083 0.069531 0.095833
0 0.868359 0.137500 0.055469 0.086111
0 0.883594 0.231250 0.039062 0.112500
0 0.368750 0.589583 0.067187 0.120833
0 0.850000 0.557639 0.076563 0.101389
0 0.835547 0.386806 0.047656 0.123611
0 0.828906 0.699306 0.071875 0.095833
0 0.389453 0.093750 0.069531 0.115278
0 0.602344 0.267361 0.081250 0.112500
0 0.231250 0.609028 0.040625 0.115278
0 0.849219 0.650000 0.056250 0.091667
