0 0.472077 0.19991 0.076383 0.0927646
0 0.392032 0.221872 0.0599052 0.1443
0 0.371513 0.100431 0.0855082 0.0924587
0 0.50614 0.770223 0.0445345 0.11487
0 0.301427 0.104889 0.0519884 0.116457
0 0.277256 0.225466 0.0775442 0.0992638
0 0.858673 0.772417 0.0565147 0.0878689
0 0.56504 0.404679 0.0756065 0.132344
0 0.215761 0.335419 0.0520164 0.124803
0 0.293304 0.440774 0.0750289 0.129633
0 0.419156 0.57156 0.0697643 0.0814905
0 0.857707 0.444912 0.0575979 0.0936474
0 0.135602 0.258265 0.0473676 0.119939
0 0.598827 0.717646 0.0541601 0.120767
0 0.452641 0.739036 0.0789915 0.109759
0 0.216062 0.0820206 0.078338 0.107778
0 0.680781 0.73878 0.0528422 0.130852
0 0.550785 0.811121 0.0491241 0.129095
0 0.188844 0.186869 0.0799119 0.121873
0 0.487517 0.588926 0.0605437 0.13906
0 0.155217 0.712293 0.0713311 0.0853973
0 0.218585 0.678428 0.0783152 0.128003
0 0.513689 0.513023 0.078964 0.0755393
0 0.188158 0.674018 0.0531296 0.133548
0 0.13187 0.18711 0.0477493 0.0629135
0 0.514474 0.531346 0.083016 0.111221
0 0.510219 0.548372 0.0936544 0.109465
