0 0.174219 0.124306 0.071875 0.084722
0 0.226562 0.302778 0.046875 0.147222
0 0.258594 0.230556 0.065625 0.136111
0 0.491406 0.277083 0.100000 0.106944
0 0.400000 0.304861 0.053125 0.137500
0 0.803906 0.593750 0.040625 0.106944
0 0.667578 0.320833 0.110156 0.108333
0 0.364453 0.536111 0.072656 0.086111
0 0.555078 0.697917 0.053906 0.148611
0 0.522656 0.603472 0.065625 0.101389
0 0.824219 0.646528 0.053125 0.129167
0 0.327734 0.479167 0.052344 0.141667
0 0.874609 0.119444 0.077344 0.086111
0 0.842187 0.189583 0.070312 0.093056
0 0.390625 0.398611 0.075000 0.150000
0 0.546875 0.074306 0.070312 0.126389
0 0.889062 0.248611 0.046875 0.113889
0 0.596484 0.418750 0.080469 0.104167
0 0.660937 0.440972 0.065625 0.173611
0 0.335938 0.695833 0.068750 0.113889
0 0.185156 0.304167 0.046875 0.166667
