0 0.643750 0.484722 0.048438 0.152778
0 0.357812 0.300000 0.060937 0.127778
0 0.369141 0.493750 0.057031 0.120833
0 0.557031 0.100694 0.085938 0.112500
0 0.473438 0.263194 0.084375 0.112500
0 0.153516 0.529861 0.074219 0.093056
0 0.828906 0.687500 0.075000 0.102778
0 0.336719 0.168750 0.062500 0.126389
0 0.532422 0.296528 0.052344 0.145833
0 0.328906 0.648611 0.053125 0.130556
0 0.867578 0.124306 0.061719 0.095833
0 0.720313 0.374306 0.062500 0.093056
0 0.837500 0.490278 0.073438 0.091667
0 0.903906 0.218056 0.071875 0.086111
0 0.361719 0.701389 0.079687 0.097222
0 0.891016 0.405556 0.044531 0.102778
0 0.408984 0.611806 0.085156 0.120833
0 0.868359 0.553472 0.061719 0.118056
0 0.770703 0.361111 0.049219 0.147222
0 0.841016 0.406250 0.064844 0.093056
0 0.862891 0.355556 0.053906 0.094444
