0 0.341016 0.18332 0.0559287 0.172634
0 0.477097 0.526909 0.103015 0.108042
0 0.667627 0.435852 0.0579563 0.153869
0 0.357731 0.497952 0.0610522 0.119719
0 0.725105 0.701119 0.0615324 0.131982
0 0.767237 0.478421 0.0595261 0.107866
0 0.500551 0.38374 0.083812 0.113842
0 0.171069 0.359348 0.0452343 0.13772
0 0.453876 0.241758 0.0884117 0.108178
0 0.501335 0.165397 0.10374 0.100495
0 0.326253 0.667455 0.0402699 0.127826
0 0.563402 0.596112 0.0736266 0.104302
0 0.222966 0.606323 0.0553226 0.0991935
0 0.724694 0.148866 0.0530329 0.13467
0 0.866854 0.506358 0.0486122 0.123518
0 0.633813 0.121564 0.0849107 0.0904422
0 0.819237 0.586319 0.0582775 0.10033
0 0.841474 0.112188 0.0543655 0.0767363
0 0.930152 0.221584 0.074036 0.0745957
0 0.886419 0.132533 0.0429039 0.0823227
0 0.858403 0.235302 0.0623371 0.106614
0 0.611932 0.46811 0.0633749 0.132202
