0 0.144922 0.580556 0.082031 0.086111
0 0.223047 0.271528 0.088281 0.106944
0 0.697656 0.188889 0.067187 0.158333
0 0.611328 0.630556 0.064844 0.136111
0 0.454688 0.347917 0.065625 0.154167
0 0.692969 0.104861 0.075000 0.151389
0 0.814063 0.674306 0.084375 0.112500
0 0.863672 0.364583 0.078906 0.143056
0 0.765625 0.445139 0.068750 0.159722
0 0.157812 0.232639 0.060937 0.159722
0 0.152344 0.103472 0.084375 0.104167
0 0.250781 0.529861 0.056250 0.095833
0 0.339062 0.546528 0.070312 0.173611
0 0.886328 0.169444 0.063281 0.161111
0 0.310937 0.040278 0.081250 0.077778
0 0.907813 0.790278 0.035937 0.111111
0 0.439063 0.243056 0.078125 0.086111
