0 0.468139 0.523554 0.0947216 0.107095
0 0.610906 0.26583 0.0741152 0.130447
0 0.498535 0.450977 0.0707396 0.153524
0 0.33853 0.526315 0.0569168 0.149889
0 0.484937 0.245886 0.084453 0.104781
0 0.199631 0.522118 0.0511462 0.111649
0 0.802423 0.203028 0.0620054 0.11886
0 0.539138 0.592916 0.0743393 0.118624
0 0.351026 0.210499 0.0835229 0.115063
0 0.82873 0.686798 0.0649477 0.0935128
0 0.384055 0.449628 0.0604864 0.0911038
0 0.63621 0.549396 0.0763849 0.0889703
0 0.83889 0.381827 0.0656313 0.0912065
0 0.730418 0.764751 0.0700531 0.0960261
0 0.768429 0.101363 0.0540689 0.0978942
0 0.840338 0.596648 0.0495308 0.111259
0 0.66581 0.240074 0.0679863 0.132378
0 0.874217 0.665522 0.0396461 0.155599
0 0.859292 0.110542 0.0573517 0.0932935
0 0.354149 0.300161 0.0662213 0.112723
0 0.232625 0.601398 0.0401066 0.102782
0 0.44252 0.0820706 0.0996797 0.107667
0 0.224301 0.602335 0.0559437 0.101476
