0 0.398047 0.647917 0.092969 0.129167
0 0.585156 0.245833 0.056250 0.152778
0 0.623437 0.654167 0.079687 0.108333
0 0.555469 0.675000 0.093750 0.102778
0 0.373437 0.427083 0.053125 0.143056
0 0.239453 0.362500 0.064844 0.097222
0 0.337500 0.593056 0.051562 0.125000
0 0.806641 0.543750 0.063281 0.143056
0 0.373437 0.277083 0.079687 0.112500
0 0.873828 0.418750 0.066406 0.098611
0 0.741016 0.463194 0.083594 0.109722
0 0.222656 0.600000 0.057813 0.100000
0 0.368359 0.531944 0.071094 0.116667
0 0.471484 0.449306 0.064844 0.129167
0 0.887891 0.520833 0.039844 0.100000
0 0.628906 0.365972 0.092188 0.106944
0 0.425391 0.740972 0.096094 0.090278
0 0.676172 0.615972 0.091406 0.098611
0 0.586328 0.486806 0.052344 0.118056
0 0.837109 0.515278 0.053906 0.175000
0 0.671875 0.114583 0.076563 0.104167
0 0.810937 0.316667 0.067187 0.097222
0 0.892969 0.310417 0.065625 0.084722
