0 0.188672 0.534722 0.038281 0.113889
0 0.112109 0.615278 0.027344 0.069444
0 0.125000 0.645139 0.039062 0.073611
0 0.145703 0.686111 0.044531 0.069444
0 0.402344 0.613889 0.076563 0.083333
0 0.473438 0.581944 0.035937 0.147222
0 0.506641 0.591667 0.032031 0.141667
0 0.533203 0.643056 0.067969 0.061111
0 0.560156 0.704167 0.045312 0.122222
0 0.601953 0.921528 0.047656 0.098611
0 0.662500 0.634722 0.070312 0.072222
0 0.746875 0.640972 0.059375 0.073611
0 0.776172 0.695139 0.050781 0.048611
0 0.784375 0.923611 0.034375 0.077778
0 0.814063 0.913194 0.028125 0.084722
0 0.840625 0.908333 0.028125 0.077778
0 0.575391 0.370139 0.067969 0.076389
0 0.720703 0.141667 0.046094 0.086111
0 0.617578 0.090278 0.035156 0.102778
0 0.578125 0.089583 0.050000 0.137500
0 0.833984 0.168056 0.044531 0.058333
0 0.833594 0.230556 0.056250 0.080556
0 0.839063 0.312500 0.037500 0.122222
0 0.885547 0.115278 0.049219 0.072222
0 0.899609 0.170833 0.027344 0.072222
0 0.876563 0.168056 0.034375 0.100000
0 0.369531 0.122917 0.045312 0.056944
