0 0.125000 0.665278 0.048438 0.058333
0 0.119922 0.593056 0.041406 0.091667
0 0.268750 0.480556 0.051562 0.083333
0 0.239063 0.518750 0.043750 0.081944
0 0.184766 0.813889 0.046094 0.094444
0 0.134375 0.802778 0.029687 0.055556
0 0.125000 0.754861 0.039062 0.056944
0 0.130469 0.729167 0.062500 0.072222
0 0.317578 0.652083 0.067969 0.079167
0 0.886719 0.703472 0.050000 0.079167
0 0.848437 0.111111 0.039062 0.075000
0 0.519531 0.644444 0.068750 0.083333
0 0.455859 0.594444 0.042969 0.127778
0 0.401562 0.713194 0.040625 0.131944
0 0.640234 0.660417 0.050781 0.070833
0 0.573438 0.791667 0.064062 0.072222
0 0.743750 0.593056 0.045312 0.111111
0 0.888672 0.332639 0.046094 0.076389
0 0.875781 0.257639 0.046875 0.087500
0 0.921875 0.768056 0.045312 0.061111
0 0.782422 0.563194 0.042969 0.101389
0 0.747266 0.318056 0.061719 0.066667
0 0.767188 0.051389 0.057813 0.058333
0 0.788672 0.096528 0.030469 0.084722
0 0.780078 0.632639 0.050781 0.056944
0 0.834766 0.067361 0.047656 0.054167
0 0.747266 0.113194 0.060156 0.076389
0 0.600781 0.438889 0.065625 0.061111
