0 0.640109 0.545908 0.0762802 0.10606
0 0.572075 0.57065 0.0686035 0.166502
0 0.70563 0.489949 0.0569649 0.163947
0 0.391331 0.360912 0.048636 0.201995
0 0.332223 0.190215 0.0567357 0.146557
0 0.803404 0.367342 0.0554367 0.163856
0 0.663319 0.401602 0.085014 0.121871
0 0.515758 0.199651 0.100384 0.0958399
0 0.825625 0.854476 0.0479794 0.115654
0 0.853029 0.768731 0.0642231 0.0790938
0 0.877239 0.716672 0.0644884 0.0870219
0 0.739368 0.853064 0.0783361 0.0992781
0 0.554441 0.31026 0.0886816 0.0979598
0 0.760027 0.590749 0.0445513 0.119366
0 0.870947 0.156884 0.0561626 0.102035
0 0.669217 0.220882 0.103086 0.12723
0 0.787748 0.833615 0.0442981 0.100504
0 0.78057 0.754202 0.0721966 0.0877953
0 0.857379 0.360414 0.0642584 0.104837
0 0.337196 0.291728 0.0734529 0.113447
0 0.684305 0.164087 0.0675984 0.128035
