0 0.153516 0.108333 0.078906 0.091667
0 0.233594 0.284722 0.050000 0.105556
0 0.529687 0.297917 0.067187 0.176389
0 0.397656 0.311111 0.057813 0.152778
0 0.671094 0.314583 0.104688 0.101389
0 0.354297 0.544444 0.064844 0.086111
0 0.412891 0.751389 0.069531 0.122222
0 0.503516 0.600000 0.053906 0.100000
0 0.328906 0.693750 0.056250 0.131944
0 0.876172 0.125694 0.069531 0.098611
0 0.877344 0.215972 0.070312 0.087500
0 0.378516 0.438889 0.091406 0.111111
0 0.545312 0.072917 0.073438 0.129167
0 0.381250 0.679167 0.050000 0.155556
0 0.187109 0.297917 0.050781 0.159722
0 0.802344 0.577083 0.051562 0.098611
0 0.809766 0.204861 0.058594 0.151389
0 0.888281 0.283333 0.048438 0.105556
0 0.198437 0.143750 0.070312 0.109722
0 0.807813 0.629167 0.048438 0.130556
0 0.525391 0.438194 0.085156 0.131944
0 0.757422 0.641667 0.047656 0.122222
