0 0.57418 0.45564 0.056038 0.16307
0 0.389682 0.390118 0.0694551 0.147361
0 0.330942 0.258717 0.0599505 0.164062
0 0.829592 0.294075 0.0477148 0.136693
0 0.549234 0.30433 0.103522 0.10432
0 0.747395 0.402071 0.0823763 0.115651
0 0.466578 0.338174 0.0565249 0.158699
0 0.432982 0.109528 0.0823398 0.121362
0 0.724112 0.7483 0.0740367 0.0939874
0 0.876211 0.469909 0.0433243 0.09189
0 0.408246 0.247011 0.0777388 0.127053
0 0.46301 0.467153 0.0787786 0.138318
0 0.844527 0.500434 0.0748869 0.107519
0 0.855827 0.344989 0.0796549 0.123075
0 0.717568 0.32345 0.0778025 0.114736
0 0.798184 0.652266 0.0670076 0.1135
0 0.845617 0.722358 0.0568665 0.0843318
0 0.837988 0.630743 0.0477215 0.1121
