0 0.876172 0.500000 0.022656 0.091667
0 0.839063 0.314583 0.035937 0.120833
0 0.826172 0.234028 0.042969 0.095833
0 0.878516 0.145139 0.047656 0.056944
0 0.888672 0.113889 0.060156 0.063889
0 0.846875 0.158333 0.039062 0.063889
0 0.669141 0.185417 0.046094 0.109722
0 0.617188 0.088194 0.035937 0.115278
0 0.582422 0.070833 0.039844 0.111111
0 0.563281 0.374306 0.068750 0.087500
0 0.710547 0.469444 0.036719 0.111111
0 0.651563 0.560417 0.059375 0.081944
0 0.656641 0.643750 0.066406 0.073611
0 0.599609 0.579861 0.047656 0.143056
0 0.533203 0.645139 0.067969 0.068056
0 0.575391 0.722222 0.050781 0.111111
0 0.508594 0.593056 0.048438 0.122222
0 0.466797 0.750694 0.057031 0.073611
0 0.600000 0.924306 0.045312 0.101389
0 0.814453 0.915972 0.042969 0.084722
0 0.837891 0.902778 0.024219 0.077778
0 0.189453 0.541667 0.036719 0.113889
0 0.112500 0.609722 0.026562 0.069444
0 0.123047 0.647917 0.038281 0.073611
0 0.144141 0.684028 0.052344 0.076389
