0 0.498635 0.423229 0.0877628 0.111063
0 0.584516 0.722942 0.0447414 0.140493
0 0.474429 0.718384 0.0795662 0.0782779
0 0.522187 0.182039 0.0887853 0.0944793
0 0.53818 0.737567 0.0568475 0.0959096
0 0.236462 0.130515 0.0581161 0.126579
0 0.857234 0.775753 0.0542995 0.0912421
0 0.358105 0.290339 0.0717545 0.117753
0 0.226254 0.23234 0.0772664 0.0964167
0 0.360528 0.405343 0.0733036 0.115577
0 0.351034 0.669485 0.05383 0.148339
0 0.295463 0.47829 0.0811749 0.0915319
0 0.608191 0.795517 0.0685376 0.0957135
0 0.42037 0.570201 0.0763762 0.0814146
0 0.13248 0.256918 0.0497427 0.117613
0 0.15921 0.440466 0.056446 0.126545
0 0.895998 0.489017 0.0484673 0.125796
0 0.198137 0.13639 0.0443976 0.118155
0 0.169673 0.585923 0.0650524 0.12187
0 0.173087 0.712505 0.0627956 0.099914
0 0.601739 0.580422 0.0685524 0.0878482
0 0.643596 0.430658 0.0594242 0.121493
0 0.396308 0.219201 0.0679574 0.0885457
0 0.677397 0.757245 0.0644732 0.103779
0 0.811631 0.451957 0.059519 0.124812
0 0.130862 0.186431 0.0434192 0.0595748
