0 0.274566 0.486114 0.0847837 0.101041
0 0.582698 0.657655 0.0862109 0.102234
0 0.687727 0.549166 0.0610683 0.151011
0 0.355245 0.504763 0.0717711 0.117026
0 0.163166 0.599251 0.0615712 0.0981179
0 0.678265 0.217114 0.0598295 0.143866
0 0.676797 0.380406 0.0599505 0.129725
0 0.186616 0.153765 0.0720802 0.107122
0 0.247596 0.0690433 0.0555617 0.138087
0 0.443675 0.494535 0.0631647 0.111067
0 0.253359 0.273845 0.0694626 0.092084
0 0.327674 0.258841 0.0568909 0.176752
0 0.517005 0.47764 0.0617865 0.122136
0 0.166596 0.683327 0.0769361 0.0884811
0 0.240376 0.667725 0.052212 0.144322
0 0.183761 0.331112 0.0498017 0.130825
0 0.136165 0.302009 0.0490208 0.131666
0 0.375368 0.297401 0.0582489 0.154403
0 0.738162 0.411737 0.0666488 0.131322
0 0.818451 0.406264 0.0438176 0.118042
0 0.209015 0.25166 0.0517405 0.122118
0 0.321779 0.0465263 0.0653067 0.0930527
0 0.134778 0.712365 0.0344043 0.111301
