0 0.330761 0.374734 0.0665844 0.117861
0 0.279642 0.473049 0.0669241 0.095989
0 0.676529 0.524026 0.0619616 0.160366
0 0.368392 0.508685 0.0974318 0.104611
0 0.356647 0.618047 0.0610432 0.115612
0 0.295798 0.131084 0.0803841 0.101147
0 0.159322 0.180419 0.0646128 0.103357
0 0.446511 0.491557 0.0629036 0.126454
0 0.734444 0.532369 0.0553186 0.144425
0 0.263289 0.248735 0.0655639 0.100554
0 0.143061 0.640362 0.0533619 0.124575
0 0.734202 0.23556 0.0532992 0.120379
0 0.890289 0.807028 0.038796 0.0908678
0 0.222298 0.0500452 0.0576792 0.10009
0 0.585759 0.331138 0.0596709 0.110386
0 0.131987 0.415589 0.0448767 0.140821
0 0.358945 0.13724 0.0548093 0.16421
0 0.649862 0.34633 0.0825629 0.118703
0 0.176609 0.616948 0.0542165 0.122083
0 0.168554 0.426671 0.056237 0.102829
0 0.320066 0.0439525 0.057469 0.087905
0 0.15712 0.722202 0.0516531 0.0699592
