0 0.857804 0.201076 0.0435307 0.147589
0 0.193374 0.536987 0.0442126 0.131061
0 0.624895 0.651346 0.051573 0.151273
0 0.358189 0.549252 0.0531704 0.145109
0 0.471502 0.529543 0.10106 0.100384
0 0.351387 0.195744 0.0855583 0.117023
0 0.72417 0.691623 0.0667543 0.108976
0 0.498557 0.163401 0.100164 0.100917
0 0.770216 0.468413 0.0655203 0.0989292
0 0.532568 0.497343 0.0630474 0.100018
0 0.425948 0.730636 0.0677314 0.111927
0 0.673695 0.457772 0.0817337 0.107898
0 0.769517 0.726141 0.0646372 0.0861067
0 0.328486 0.668965 0.0406366 0.114723
0 0.596249 0.476899 0.0751629 0.134588
0 0.415352 0.396719 0.096207 0.103525
0 0.21813 0.605898 0.0639008 0.0957909
0 0.821321 0.585077 0.0591211 0.10027
0 0.457875 0.23435 0.0834171 0.115785
0 0.631996 0.119803 0.0861377 0.0943691
0 0.911279 0.21873 0.0768581 0.0821146
0 0.836001 0.116513 0.0487947 0.0839369
0 0.831315 0.30077 0.0581034 0.0945573
