0 0.241406 0.093750 0.062500 0.076389
0 0.189844 0.155556 0.067187 0.091667
0 0.110156 0.213889 0.050000 0.080556
0 0.123828 0.311806 0.053906 0.081944
0 0.169531 0.303472 0.068750 0.081944
0 0.097266 0.315278 0.024219 0.072222
0 0.108203 0.387500 0.055469 0.072222
0 0.109375 0.462500 0.050000 0.069444
0 0.115625 0.512500 0.048438 0.052778
0 0.143750 0.571528 0.040625 0.104167
0 0.134766 0.902778 0.041406 0.058333
0 0.475391 0.661111 0.063281 0.075000
0 0.546094 0.579861 0.035937 0.140278
0 0.513281 0.728472 0.051562 0.120833
0 0.485938 0.322222 0.078125 0.091667
0 0.585547 0.435417 0.049219 0.123611
0 0.137500 0.805556 0.031250 0.097222
0 0.874219 0.555556 0.031250 0.108333
0 0.850000 0.559722 0.042188 0.055556
0 0.877734 0.438889 0.038281 0.108333
0 0.846484 0.421528 0.038281 0.101389
0 0.694922 0.354861 0.064844 0.087500
0 0.647656 0.254861 0.045312 0.115278
0 0.785937 0.131944 0.048438 0.141667
0 0.609375 0.096528 0.053125 0.123611
0 0.635156 0.405556 0.045312 0.127778
