0 0.366797 0.284722 0.088281 0.105556
0 0.557813 0.637500 0.067187 0.122222
0 0.622656 0.598611 0.067187 0.138889
0 0.575391 0.070833 0.092969 0.108333
0 0.834375 0.340972 0.056250 0.112500
0 0.683203 0.347222 0.057031 0.161111
0 0.502734 0.068056 0.074219 0.105556
0 0.760547 0.650000 0.069531 0.133333
0 0.837891 0.617361 0.071094 0.104167
0 0.379688 0.435417 0.079687 0.131944
0 0.584766 0.378472 0.092969 0.131944
0 0.600781 0.310417 0.089063 0.098611
0 0.651953 0.687500 0.072656 0.108333
0 0.754297 0.404861 0.067969 0.120833
0 0.445312 0.451389 0.093750 0.111111
0 0.431250 0.342361 0.095312 0.123611
0 0.790234 0.536806 0.063281 0.090278
0 0.429297 0.070833 0.080469 0.127778
0 0.841797 0.695833 0.049219 0.102778
