0 0.403516 0.392361 0.071094 0.123611
0 0.349609 0.307639 0.083594 0.112500
0 0.579297 0.281944 0.053906 0.158333
0 0.487500 0.612500 0.107813 0.102778
0 0.616406 0.487500 0.037500 0.116667
0 0.641406 0.612500 0.045312 0.177778
0 0.592187 0.577778 0.065625 0.111111
0 0.694531 0.395139 0.064062 0.112500
0 0.525391 0.088889 0.082031 0.111111
0 0.468750 0.318750 0.064062 0.162500
0 0.863672 0.350694 0.080469 0.109722
0 0.825000 0.759722 0.087500 0.116667
0 0.731641 0.656250 0.069531 0.087500
0 0.565234 0.479861 0.077344 0.112500
0 0.732422 0.470833 0.086719 0.097222
0 0.440625 0.205556 0.065625 0.141667
0 0.772266 0.566667 0.085156 0.091667
0 0.821875 0.612500 0.046875 0.111111
