0 0.167187 0.713889 0.032813 0.069444
0 0.130469 0.718750 0.040625 0.079167
0 0.113672 0.765972 0.033594 0.045833
0 0.131641 0.814583 0.033594 0.090278
0 0.154297 0.834722 0.030469 0.086111
0 0.175391 0.801389 0.035156 0.094444
0 0.173828 0.894444 0.044531 0.075000
0 0.239453 0.503472 0.049219 0.068056
0 0.460547 0.708333 0.055469 0.113889
0 0.508594 0.577083 0.042188 0.120833
0 0.550781 0.642361 0.071875 0.079167
0 0.892969 0.672222 0.040625 0.069444
0 0.897656 0.718750 0.035937 0.056944
0 0.892188 0.765972 0.050000 0.054167
0 0.900391 0.802778 0.047656 0.044444
0 0.887500 0.859722 0.028125 0.077778
0 0.863672 0.897222 0.039844 0.063889
0 0.820703 0.915278 0.039844 0.066667
0 0.780469 0.923611 0.035937 0.069444
0 0.738672 0.935417 0.042969 0.065278
0 0.876563 0.490972 0.042188 0.098611
0 0.872656 0.275000 0.053125 0.066667
0 0.807422 0.131250 0.038281 0.098611
0 0.774609 0.079167 0.039844 0.077778
0 0.744531 0.070139 0.034375 0.056944
0 0.748437 0.120833 0.035937 0.072222
0 0.716797 0.098611 0.036719 0.125000
0 0.412109 0.171528 0.067969 0.079167
