0 0.228349 0.103667 0.0816878 0.0857383
0 0.270619 0.712316 0.0832079 0.0881417
0 0.477297 0.188231 0.0660767 0.117538
0 0.381423 0.240239 0.069184 0.129578
0 0.313248 0.207601 0.0808231 0.103261
0 0.304776 0.10282 0.0501854 0.110232
0 0.858872 0.77514 0.0540979 0.0912781
0 0.491525 0.574053 0.0652195 0.156055
0 0.616093 0.357761 0.084886 0.0985043
0 0.146006 0.324411 0.0592974 0.09507
0 0.157112 0.719431 0.0762161 0.109496
0 0.530839 0.409792 0.0753092 0.0772446
0 0.857365 0.446748 0.0569981 0.0918098
0 0.511065 0.796406 0.059516 0.115168
0 0.137157 0.246235 0.047329 0.0884082
0 0.485295 0.712717 0.0608795 0.133814
0 0.431558 0.152688 0.0744329 0.0964209
0 0.540821 0.567511 0.0480365 0.11613
0 0.418651 0.569998 0.0715486 0.0835456
0 0.238324 0.181132 0.0775694 0.0911777
0 0.55157 0.707094 0.0466309 0.122975
0 0.803189 0.643131 0.057291 0.134441
0 0.240776 0.298778 0.0808748 0.0923654
0 0.254041 0.785611 0.0773209 0.103728
0 0.621781 0.572604 0.065406 0.0998615
0 0.132003 0.183048 0.0490102 0.0659089
