0 0.104297 0.218750 0.038281 0.118056
0 0.153516 0.331944 0.055469 0.116667
0 0.113281 0.457639 0.043750 0.065278
0 0.116797 0.538194 0.042969 0.098611
0 0.125391 0.676389 0.038281 0.088889
0 0.147656 0.163194 0.045312 0.104167
0 0.230078 0.406944 0.036719 0.116667
0 0.333984 0.208333 0.071094 0.080556
0 0.411328 0.576389 0.030469 0.102778
0 0.507812 0.601389 0.035937 0.116667
0 0.564844 0.706944 0.050000 0.111111
0 0.629297 0.538194 0.057031 0.090278
0 0.663672 0.740972 0.046094 0.073611
0 0.700391 0.592361 0.046094 0.087500
0 0.763281 0.639583 0.050000 0.059722
0 0.792969 0.689583 0.053125 0.070833
0 0.802734 0.906944 0.033594 0.075000
0 0.873047 0.827083 0.042969 0.059722
0 0.883203 0.893750 0.039844 0.045833
0 0.873047 0.331944 0.052344 0.083333
0 0.691016 0.254861 0.050781 0.131944
0 0.725391 0.056250 0.050781 0.076389
0 0.808984 0.168750 0.052344 0.068056
0 0.858594 0.086806 0.037500 0.068056
0 0.848437 0.140278 0.042188 0.094444
0 0.876563 0.162500 0.026562 0.088889
0 0.790234 0.552083 0.042969 0.120833
