0 0.361719 0.217361 0.082812 0.093056
0 0.234766 0.201389 0.067969 0.108333
0 0.562109 0.464583 0.069531 0.126389
0 0.831250 0.834722 0.070312 0.083333
0 0.158984 0.375000 0.061719 0.119444
0 0.417187 0.284028 0.100000 0.095833
0 0.701562 0.600694 0.070312 0.098611
0 0.648047 0.445139 0.069531 0.181944
0 0.832031 0.262500 0.067187 0.136111
0 0.511719 0.412500 0.048438 0.155556
0 0.915625 0.218750 0.064062 0.151389
0 0.180859 0.283333 0.061719 0.094444
0 0.891016 0.259722 0.035156 0.111111
0 0.764062 0.840278 0.046875 0.083333
0 0.842578 0.604167 0.055469 0.116667
0 0.589844 0.632639 0.073438 0.162500
0 0.688672 0.705556 0.067969 0.108333
0 0.830078 0.698611 0.046094 0.111111
0 0.210156 0.497917 0.045312 0.134722
0 0.519922 0.641667 0.064844 0.083333
0 0.847656 0.359722 0.045312 0.105556
0 0.596094 0.067361 0.081250 0.084722
