0 0.676804 0.644139 0.0580674 0.1575
0 0.147918 0.582695 0.0489125 0.10274
0 0.61622 0.365532 0.0913453 0.100355
0 0.849059 0.212948 0.0562302 0.10272
0 0.510934 0.448259 0.0597233 0.173751
0 0.686947 0.421604 0.0523991 0.148482
0 0.841262 0.824747 0.0513004 0.111186
0 0.75994 0.761802 0.0587711 0.090428
0 0.237978 0.762149 0.0494339 0.119977
0 0.801046 0.561599 0.0516104 0.108694
0 0.816662 0.109898 0.0739895 0.099711
0 0.902572 0.503322 0.0729435 0.0772512
0 0.814801 0.300626 0.0506298 0.0944093
0 0.748034 0.134899 0.0677665 0.111271
0 0.88154 0.575142 0.0773495 0.108789
0 0.870293 0.639102 0.0615067 0.0801319
0 0.684887 0.751063 0.0697647 0.115221
0 0.837353 0.747114 0.0833151 0.132882
