0 0.742188 0.526389 0.054688 0.150000
0 0.682031 0.356944 0.057813 0.169444
0 0.611328 0.649306 0.066406 0.129167
0 0.531250 0.290972 0.076563 0.106944
0 0.785547 0.537500 0.039844 0.119444
0 0.662109 0.472917 0.074219 0.104167
0 0.757812 0.659028 0.082812 0.106944
0 0.735547 0.378472 0.063281 0.131944
0 0.560547 0.482639 0.057031 0.173611
0 0.913672 0.526389 0.089844 0.091667
0 0.493750 0.593056 0.096875 0.113889
0 0.813672 0.713194 0.058594 0.079167
0 0.402734 0.248611 0.074219 0.130556
0 0.850781 0.582639 0.068750 0.090278
0 0.717969 0.231250 0.067187 0.109722
0 0.464062 0.329861 0.093750 0.098611
0 0.227734 0.325694 0.052344 0.079167
0 0.387891 0.377083 0.063281 0.148611
0 0.370703 0.184722 0.057031 0.122222
0 0.239453 0.241667 0.044531 0.147222
