0 0.301563 0.113194 0.064062 0.095833
0 0.133984 0.768750 0.038281 0.106944
0 0.568750 0.374306 0.075000 0.068056
0 0.149219 0.229861 0.043750 0.134722
0 0.302344 0.398611 0.053125 0.141667
0 0.222656 0.128472 0.076563 0.087500
0 0.547266 0.724306 0.061719 0.076389
0 0.392188 0.318750 0.057813 0.148611
0 0.337891 0.633333 0.078906 0.102778
0 0.428125 0.782639 0.048438 0.090278
0 0.661719 0.081250 0.075000 0.087500
0 0.460938 0.434722 0.079687 0.111111
0 0.118359 0.565278 0.044531 0.091667
0 0.386328 0.842361 0.085156 0.106944
0 0.867578 0.354861 0.038281 0.123611
0 0.445312 0.314583 0.051562 0.156944
0 0.198828 0.853472 0.044531 0.093056
0 0.189453 0.430556 0.049219 0.130556
0 0.303125 0.539583 0.046875 0.159722
0 0.128906 0.647222 0.054688 0.072222
0 0.275781 0.601389 0.046875 0.150000
0 0.358984 0.172222 0.055469 0.144444
0 0.723437 0.071528 0.050000 0.048611
0 0.716406 0.847917 0.035937 0.098611
0 0.125781 0.483333 0.053125 0.072222
0 0.527344 0.425694 0.037500 0.140278
