0 0.585756 0.253042 0.0559124 0.1554
0 0.358072 0.25581 0.0677815 0.140195
0 0.649327 0.470256 0.0674687 0.133588
0 0.586432 0.479234 0.0451859 0.121828
0 0.650903 0.110242 0.0708132 0.104853
0 0.405942 0.464477 0.0648651 0.120208
0 0.880155 0.277032 0.0426937 0.140355
0 0.536711 0.45485 0.0945242 0.111438
0 0.887299 0.734225 0.0343683 0.0990626
0 0.333578 0.558814 0.0477383 0.14874
0 0.377367 0.558835 0.0529188 0.112622
0 0.223768 0.606222 0.0578027 0.0985948
0 0.457714 0.256566 0.0772123 0.105438
0 0.64324 0.725641 0.0457358 0.138332
0 0.545374 0.722441 0.0836254 0.102762
0 0.726352 0.69516 0.0701224 0.109161
0 0.670072 0.618335 0.0770703 0.0958984
0 0.842467 0.480599 0.0728228 0.104067
0 0.412852 0.745462 0.0881218 0.104067
0 0.81769 0.197258 0.0546448 0.108069
0 0.80507 0.333939 0.0678717 0.0957833
0 0.729746 0.523444 0.0812662 0.104615
0 0.236198 0.354597 0.0597673 0.0928439
