0 0.456713 0.0488916 0.0857536 0.0977832
0 0.682285 0.525589 0.0903663 0.123172
0 0.621243 0.143346 0.0875226 0.103782
0 0.525651 0.387626 0.103718 0.112082
0 0.282987 0.472686 0.0575629 0.1229
0 0.74296 0.538246 0.0575085 0.12713
0 0.357175 0.145112 0.0575339 0.165418
0 0.299341 0.137167 0.074533 0.117358
0 0.200116 0.700846 0.0606473 0.0886437
0 0.330635 0.515203 0.0540892 0.155029
0 0.445048 0.487422 0.0627754 0.133577
0 0.126424 0.494984 0.0476515 0.116035
0 0.367246 0.57438 0.0619183 0.112961
0 0.23204 0.0501512 0.0485628 0.100302
0 0.149797 0.21779 0.0450273 0.138597
0 0.234683 0.632425 0.0638219 0.117903
0 0.131265 0.144175 0.0465829 0.116669
0 0.141975 0.63146 0.0515579 0.137977
0 0.583107 0.332134 0.0651501 0.0905471
0 0.653396 0.37062 0.0679352 0.145696
0 0.173101 0.524639 0.0541729 0.155125
0 0.324742 0.0467314 0.0716361 0.0934628
0 0.814041 0.315155 0.055081 0.117988
