0 0.497266 0.254167 0.067969 0.161111
0 0.482422 0.122222 0.074219 0.127778
0 0.453906 0.690278 0.056250 0.141667
0 0.553516 0.269444 0.058594 0.130556
0 0.828516 0.686806 0.071094 0.104167
0 0.393359 0.640278 0.060156 0.136111
0 0.756250 0.490972 0.068750 0.098611
0 0.350000 0.279167 0.064062 0.116667
0 0.364844 0.073611 0.084375 0.105556
0 0.326953 0.638889 0.053906 0.122222
0 0.688672 0.133333 0.049219 0.127778
0 0.162500 0.534722 0.054688 0.105556
0 0.513672 0.448611 0.083594 0.105556
0 0.869141 0.508333 0.078906 0.097222
0 0.681641 0.630556 0.063281 0.108333
0 0.328906 0.725000 0.068750 0.088889
0 0.857031 0.430556 0.060937 0.088889
0 0.337109 0.436111 0.075781 0.108333
0 0.570312 0.075000 0.073438 0.100000
0 0.779687 0.312500 0.065625 0.158333
0 0.849609 0.339583 0.057031 0.109722
