0 0.522075 0.256141 0.0790827 0.107866
0 0.464623 0.0909033 0.0796114 0.13913
0 0.493626 0.438864 0.0785857 0.127216
0 0.661993 0.492946 0.0891439 0.124499
0 0.359069 0.300575 0.0592216 0.123876
0 0.32985 0.65126 0.0500386 0.126944
0 0.404729 0.617867 0.0665253 0.14654
0 0.176882 0.519999 0.0628283 0.0951069
0 0.378988 0.410115 0.0854876 0.107558
0 0.830974 0.69452 0.072727 0.0966088
0 0.851294 0.551298 0.0559069 0.0972427
0 0.365627 0.718557 0.0567016 0.111749
0 0.372016 0.502432 0.0712617 0.0900062
0 0.896317 0.126289 0.0633339 0.0891878
0 0.227814 0.610623 0.0480354 0.111393
0 0.725067 0.373572 0.0676935 0.09286
0 0.868778 0.713474 0.0365498 0.127265
0 0.838695 0.409585 0.0528282 0.11859
0 0.559884 0.0750472 0.0851353 0.106425
0 0.598565 0.265986 0.0875457 0.116265
0 0.884755 0.406498 0.041338 0.127881
