0 0.173828 0.546528 0.042969 0.120833
0 0.139453 0.809028 0.041406 0.120833
0 0.567187 0.374306 0.075000 0.068056
0 0.150000 0.231250 0.043750 0.134722
0 0.306641 0.392361 0.074219 0.106944
0 0.202344 0.170833 0.060937 0.105556
0 0.550391 0.722917 0.061719 0.079167
0 0.397266 0.295833 0.052344 0.144444
0 0.332031 0.635417 0.070312 0.095833
0 0.666797 0.079167 0.077344 0.083333
0 0.433594 0.630556 0.079687 0.100000
0 0.123828 0.577083 0.039844 0.109722
0 0.398438 0.843750 0.057813 0.106944
0 0.867578 0.354861 0.038281 0.123611
0 0.446484 0.304167 0.042969 0.158333
0 0.401562 0.720833 0.070312 0.080556
0 0.315625 0.552778 0.062500 0.097222
0 0.131250 0.647222 0.056250 0.072222
0 0.276172 0.582639 0.049219 0.137500
0 0.358984 0.168750 0.057031 0.126389
0 0.724219 0.066667 0.054688 0.047222
0 0.653125 0.861111 0.067187 0.066667
0 0.127344 0.485417 0.051562 0.073611
0 0.298047 0.795833 0.057031 0.111111
0 0.248438 0.468056 0.053125 0.075000
0 0.227344 0.615278 0.051562 0.138889
