0 0.351562 0.200000 0.059375 0.169444
0 0.483594 0.525694 0.090625 0.106944
0 0.500781 0.382639 0.085938 0.112500
0 0.667969 0.435417 0.060937 0.140278
0 0.476562 0.246528 0.071875 0.145833
0 0.358594 0.500694 0.059375 0.120833
0 0.727344 0.702083 0.065625 0.129167
0 0.215625 0.377083 0.071875 0.081944
0 0.766406 0.475000 0.064062 0.100000
0 0.561328 0.600000 0.072656 0.116667
0 0.221875 0.606944 0.057813 0.102778
0 0.641016 0.124306 0.082031 0.090278
0 0.822266 0.586806 0.064844 0.095833
0 0.383984 0.411111 0.080469 0.111111
0 0.772266 0.359028 0.066406 0.081944
0 0.616406 0.227083 0.067187 0.106944
0 0.335938 0.733333 0.067187 0.080556
0 0.624609 0.484028 0.058594 0.134722
0 0.875391 0.227778 0.074219 0.100000
0 0.777734 0.252778 0.069531 0.113889
0 0.826953 0.093056 0.061719 0.097222
