0 0.466567 0.523834 0.0915689 0.10717
0 0.501957 0.454389 0.0703263 0.132428
0 0.345761 0.291619 0.0728091 0.107526
0 0.492423 0.244098 0.0810554 0.102732
0 0.58814 0.546019 0.0677467 0.0949794
0 0.518151 0.596032 0.0826267 0.107663
0 0.610061 0.260821 0.0721884 0.131856
0 0.660543 0.617661 0.0587847 0.158229
0 0.79563 0.747913 0.0395864 0.107565
0 0.387098 0.452001 0.0678736 0.0878474
0 0.197488 0.51197 0.0514986 0.139056
0 0.797485 0.165924 0.0500253 0.129195
0 0.835141 0.612792 0.0562344 0.10847
0 0.44692 0.0845648 0.0977949 0.106064
0 0.734489 0.762751 0.0657333 0.0813846
0 0.355821 0.21953 0.0706439 0.13802
0 0.230661 0.608743 0.0421068 0.12104
0 0.422421 0.376251 0.0814832 0.104462
0 0.858522 0.100653 0.0569046 0.0860135
0 0.84521 0.296544 0.0404234 0.111337
