0 0.47345 0.259332 0.0773966 0.127959
0 0.360813 0.500936 0.0535815 0.136038
0 0.365633 0.200314 0.0667289 0.1484
0 0.66641 0.428547 0.0569284 0.140215
0 0.766915 0.476078 0.0666206 0.0994187
0 0.570865 0.493104 0.0494225 0.165792
0 0.854591 0.213446 0.0506596 0.136355
0 0.725844 0.695595 0.0668797 0.121499
0 0.721392 0.498213 0.0401665 0.145637
0 0.22339 0.606711 0.0556008 0.100441
0 0.624767 0.493289 0.0724388 0.123889
0 0.818005 0.586131 0.0584353 0.0961815
0 0.833431 0.12737 0.0494158 0.0913305
0 0.510581 0.587658 0.0693033 0.104804
0 0.641484 0.124179 0.0788036 0.0970953
0 0.335293 0.732816 0.0683017 0.0787859
0 0.790321 0.154888 0.0388165 0.123151
0 0.80696 0.323228 0.0612267 0.0814024
0 0.502441 0.49658 0.0797899 0.107745
0 0.5095 0.402432 0.0711869 0.109839
0 0.889716 0.126866 0.0444798 0.0863245
0 0.884918 0.346853 0.0378605 0.125237
