0 0.502734 0.404861 0.064844 0.165278
0 0.349219 0.262500 0.070312 0.102778
0 0.565625 0.615278 0.056250 0.175000
0 0.800000 0.670139 0.045312 0.148611
0 0.410547 0.385417 0.047656 0.170833
0 0.735547 0.725000 0.050781 0.150000
0 0.152344 0.587500 0.059375 0.100000
0 0.848437 0.779861 0.040625 0.156944
0 0.226172 0.794444 0.050781 0.125000
0 0.642578 0.275000 0.069531 0.116667
0 0.900781 0.661111 0.048438 0.127778
0 0.849609 0.321528 0.071094 0.120833
0 0.676562 0.379167 0.068750 0.075000
0 0.901172 0.470833 0.047656 0.136111
0 0.830469 0.134722 0.060937 0.122222
0 0.758984 0.411806 0.085156 0.104167
0 0.888672 0.750694 0.050781 0.079167
0 0.685156 0.753472 0.067187 0.112500
0 0.839844 0.557639 0.060937 0.106944
0 0.796094 0.750000 0.056250 0.080556
0 0.789453 0.145833 0.046094 0.141667
