0 0.351172 0.284722 0.080469 0.108333
0 0.752734 0.502778 0.069531 0.141667
0 0.621875 0.464583 0.054688 0.137500
0 0.391406 0.368056 0.059375 0.163889
0 0.581641 0.481250 0.074219 0.134722
0 0.783984 0.538889 0.042969 0.125000
0 0.735156 0.372917 0.059375 0.131944
0 0.612500 0.617361 0.071875 0.115278
0 0.875000 0.527083 0.078125 0.093056
0 0.683594 0.363194 0.053125 0.154167
0 0.521875 0.477778 0.064062 0.152778
0 0.447656 0.252083 0.087500 0.106944
0 0.540625 0.073611 0.079687 0.105556
0 0.882031 0.650000 0.064062 0.113889
0 0.455859 0.337500 0.072656 0.144444
0 0.814453 0.705556 0.038281 0.091667
0 0.691797 0.223611 0.083594 0.097222
0 0.764453 0.646528 0.085156 0.115278
0 0.635938 0.358333 0.087500 0.091667
0 0.339453 0.105556 0.061719 0.158333
0 0.646484 0.351389 0.107031 0.122222
