0 0.843414 0.832194 0.0489441 0.115029
0 0.629858 0.484391 0.0607708 0.137125
0 0.600736 0.612282 0.0537181 0.167557
0 0.759431 0.591493 0.0694365 0.154838
0 0.592968 0.761532 0.085299 0.122655
0 0.329333 0.298007 0.064407 0.115448
0 0.411378 0.471528 0.0950068 0.11244
0 0.906968 0.538399 0.0530575 0.106287
0 0.683505 0.206215 0.0676846 0.138422
0 0.619658 0.291336 0.0629724 0.143101
0 0.630246 0.852704 0.0648465 0.106013
0 0.857365 0.26148 0.0718607 0.0971625
0 0.693506 0.67231 0.0626926 0.118424
0 0.78005 0.19578 0.0741341 0.0865983
0 0.922389 0.380221 0.0594219 0.114561
0 0.240272 0.763101 0.0528925 0.12249
0 0.511793 0.392529 0.0852901 0.131854
0 0.63679 0.723767 0.0909461 0.107957
0 0.852114 0.61062 0.057814 0.0698741
0 0.885601 0.124426 0.0646576 0.0805083
0 0.649959 0.727279 0.0657887 0.101779
0 0.901752 0.188502 0.0566837 0.129662
