0 0.741016 0.395833 0.096094 0.113889
0 0.568359 0.433333 0.060156 0.175000
0 0.404687 0.166667 0.092188 0.113889
0 0.614062 0.644444 0.051562 0.166667
0 0.463281 0.291667 0.092188 0.105556
0 0.531641 0.124306 0.086719 0.106944
0 0.388672 0.443056 0.053906 0.161111
0 0.879297 0.208333 0.060156 0.105556
0 0.675000 0.213194 0.093750 0.098611
0 0.814063 0.604167 0.048438 0.147222
0 0.692969 0.706944 0.081250 0.102778
0 0.244141 0.244444 0.038281 0.119444
0 0.804297 0.725694 0.071094 0.095833
0 0.350000 0.307639 0.075000 0.134722
0 0.731250 0.568056 0.076563 0.105556
0 0.864844 0.353472 0.064062 0.104167
0 0.795703 0.207639 0.063281 0.120833
0 0.828906 0.663194 0.060937 0.070833
0 0.348047 0.077083 0.083594 0.115278
0 0.422266 0.056250 0.092969 0.098611
0 0.770312 0.615278 0.039062 0.119444
0 0.826562 0.629167 0.064062 0.130556
