0 0.745703 0.507639 0.061719 0.148611
0 0.619141 0.457639 0.055469 0.165278
0 0.391797 0.340972 0.058594 0.176389
0 0.680469 0.365972 0.060937 0.151389
0 0.735547 0.372917 0.058594 0.134722
0 0.615234 0.593750 0.074219 0.126389
0 0.562891 0.479861 0.057031 0.140278
0 0.344531 0.284722 0.079687 0.097222
0 0.503906 0.071528 0.098437 0.109722
0 0.650781 0.702778 0.054688 0.127778
0 0.875391 0.522222 0.077344 0.088889
0 0.457422 0.326389 0.071094 0.122222
0 0.447656 0.463194 0.084375 0.129167
0 0.338281 0.111806 0.059375 0.151389
0 0.794141 0.538889 0.057031 0.108333
0 0.828906 0.556250 0.089063 0.095833
0 0.835156 0.655556 0.067187 0.138889
0 0.467187 0.218056 0.060937 0.172222
