0 0.245312 0.098611 0.064062 0.080556
0 0.117188 0.601389 0.039062 0.138889
0 0.132422 0.813889 0.035156 0.097222
0 0.155469 0.842361 0.037500 0.079167
0 0.495703 0.723611 0.046094 0.113889
0 0.106250 0.408333 0.040625 0.113889
0 0.409766 0.557639 0.067969 0.098611
0 0.159766 0.100694 0.069531 0.095833
0 0.379688 0.360417 0.045312 0.126389
0 0.674609 0.852778 0.042969 0.105556
0 0.337109 0.702778 0.046094 0.125000
0 0.571094 0.313194 0.085938 0.095833
0 0.867578 0.556250 0.028906 0.095833
0 0.849219 0.594444 0.035937 0.100000
0 0.698047 0.652083 0.061719 0.079167
0 0.297656 0.701389 0.039062 0.111111
0 0.563281 0.720139 0.050000 0.115278
0 0.654687 0.117361 0.051562 0.068056
0 0.539062 0.100000 0.050000 0.136111
0 0.395313 0.736806 0.054688 0.098611
0 0.697266 0.185417 0.069531 0.087500
0 0.373828 0.067361 0.049219 0.084722
0 0.104297 0.200000 0.036719 0.066667
0 0.874219 0.610417 0.037500 0.095833
0 0.141016 0.193056 0.028906 0.100000
0 0.184375 0.168056 0.042188 0.130556
0 0.223828 0.347917 0.063281 0.123611
