0 0.219531 0.267361 0.067187 0.048611
0 0.188672 0.534028 0.036719 0.118056
0 0.112500 0.611111 0.029687 0.066667
0 0.124609 0.647917 0.039844 0.073611
0 0.142969 0.684722 0.050000 0.080556
0 0.600000 0.917361 0.046875 0.098611
0 0.812891 0.916667 0.038281 0.091667
0 0.839453 0.901389 0.022656 0.072222
0 0.763281 0.852778 0.029687 0.094444
0 0.746094 0.636111 0.062500 0.075000
0 0.695312 0.570833 0.078125 0.069444
0 0.664844 0.636111 0.068750 0.069444
0 0.601562 0.579861 0.050000 0.145833
0 0.537109 0.643056 0.067969 0.058333
0 0.575781 0.720139 0.043750 0.109722
0 0.508984 0.595139 0.052344 0.112500
0 0.567187 0.377778 0.065625 0.083333
0 0.667188 0.184722 0.045312 0.102778
0 0.619141 0.091667 0.035156 0.108333
0 0.583203 0.071528 0.035156 0.112500
0 0.884375 0.113194 0.057813 0.062500
0 0.877344 0.150694 0.050000 0.056944
0 0.878516 0.210417 0.039844 0.090278
0 0.840625 0.156944 0.039062 0.061111
0 0.829297 0.228472 0.049219 0.098611
0 0.838281 0.313889 0.039062 0.113889
