0 0.546875 0.714583 0.068750 0.126389
0 0.314453 0.327778 0.077344 0.136111
0 0.150781 0.265972 0.048438 0.084722
0 0.362109 0.256944 0.074219 0.122222
0 0.191797 0.123611 0.055469 0.136111
0 0.525781 0.542361 0.060937 0.109722
0 0.537500 0.288889 0.075000 0.130556
0 0.207031 0.271528 0.082812 0.093056
0 0.133984 0.213889 0.050781 0.108333
0 0.146875 0.370833 0.062500 0.077778
0 0.268750 0.329861 0.050000 0.168056
0 0.155859 0.645833 0.061719 0.100000
0 0.178906 0.597917 0.059375 0.129167
0 0.590625 0.600694 0.075000 0.134722
0 0.469531 0.579861 0.051562 0.129167
0 0.237109 0.360417 0.061719 0.120833
0 0.210156 0.504167 0.068750 0.086111
0 0.146875 0.458333 0.062500 0.152778
0 0.493359 0.395139 0.041406 0.126389
0 0.372266 0.540972 0.069531 0.112500
0 0.310156 0.705556 0.056250 0.158333
0 0.814844 0.459722 0.051562 0.141667
0 0.745703 0.693056 0.057031 0.113889
0 0.116406 0.452778 0.032813 0.119444
0 0.824219 0.842361 0.060937 0.090278
0 0.862500 0.715278 0.042188 0.111111
