0 0.610547 0.717361 0.082031 0.137500
0 0.491406 0.529167 0.050000 0.166667
0 0.848437 0.529167 0.042188 0.152778
0 0.442969 0.373611 0.059375 0.155556
0 0.680469 0.324306 0.090625 0.115278
0 0.472656 0.079167 0.070312 0.125000
0 0.384766 0.414583 0.061719 0.162500
0 0.560547 0.075000 0.088281 0.108333
0 0.837109 0.402083 0.047656 0.106944
0 0.754297 0.406250 0.047656 0.151389
0 0.778906 0.643750 0.057813 0.118056
0 0.558203 0.471528 0.086719 0.109722
0 0.860547 0.325694 0.053906 0.118056
0 0.582812 0.377778 0.076563 0.138889
0 0.689453 0.493056 0.055469 0.152778
0 0.687500 0.687500 0.087500 0.097222
0 0.704688 0.411806 0.071875 0.143056
0 0.836719 0.747222 0.043750 0.097222
0 0.222656 0.204167 0.059375 0.111111
0 0.367578 0.294444 0.072656 0.091667
0 0.713672 0.559028 0.042969 0.118056
