0 0.395703 0.181250 0.058594 0.093056
0 0.312500 0.181250 0.043750 0.084722
0 0.242578 0.513194 0.041406 0.070833
0 0.399219 0.661111 0.064062 0.080556
0 0.507422 0.600694 0.042969 0.095833
0 0.539844 0.656250 0.073438 0.081944
0 0.664062 0.354861 0.065625 0.090278
0 0.856250 0.115972 0.032813 0.106944
0 0.774219 0.067361 0.035937 0.073611
0 0.724219 0.068056 0.037500 0.097222
0 0.585938 0.050694 0.051562 0.068056
0 0.874219 0.272917 0.048438 0.068056
0 0.738281 0.100694 0.039062 0.098611
0 0.876953 0.488889 0.039844 0.091667
0 0.891406 0.698611 0.037500 0.063889
0 0.885547 0.759722 0.046094 0.058333
0 0.862109 0.888889 0.042969 0.063889
0 0.819531 0.915278 0.040625 0.061111
0 0.778125 0.925000 0.042188 0.063889
0 0.730078 0.929167 0.052344 0.058333
0 0.123047 0.593750 0.036719 0.090278
0 0.125391 0.659722 0.044531 0.047222
0 0.125000 0.739583 0.050000 0.045833
0 0.134375 0.793056 0.035937 0.063889
0 0.130078 0.702083 0.047656 0.043056
