0 0.832621 0.295264 0.0531303 0.135475
0 0.383321 0.627978 0.0547536 0.157789
0 0.666426 0.73176 0.0504757 0.137436
0 0.56967 0.311378 0.0942434 0.116133
0 0.397165 0.38633 0.0890302 0.115547
0 0.409614 0.234941 0.0737664 0.120923
0 0.845295 0.531116 0.0585224 0.125204
0 0.4013 0.503106 0.0909558 0.095716
0 0.713724 0.3395 0.081521 0.122249
0 0.331038 0.300004 0.083109 0.108294
0 0.441301 0.329615 0.089327 0.101957
0 0.884361 0.467427 0.0593988 0.0851145
0 0.792534 0.702247 0.0644869 0.108787
0 0.467085 0.0929764 0.0764501 0.119129
0 0.69483 0.48575 0.0789598 0.12395
0 0.829819 0.625797 0.0468277 0.0999846
0 0.721643 0.719086 0.0711965 0.0879578
0 0.644384 0.434894 0.0655106 0.11913
0 0.85453 0.345744 0.0718182 0.1031
