0 0.577344 0.445833 0.056250 0.188889
0 0.501172 0.060417 0.086719 0.109722
0 0.444141 0.297917 0.061719 0.165278
0 0.802734 0.538889 0.057031 0.136111
0 0.485547 0.586111 0.096094 0.130556
0 0.827344 0.697917 0.048438 0.148611
0 0.758594 0.399306 0.081250 0.104167
0 0.689063 0.219444 0.051562 0.127778
0 0.337500 0.114583 0.057813 0.162500
0 0.389844 0.434722 0.101562 0.108333
0 0.858203 0.349306 0.058594 0.101389
0 0.708594 0.701389 0.079687 0.136111
0 0.349219 0.309722 0.081250 0.133333
0 0.707812 0.587500 0.093750 0.100000
0 0.390234 0.178472 0.092969 0.118056
0 0.245312 0.241667 0.037500 0.119444
0 0.764062 0.618750 0.045312 0.109722
0 0.792969 0.659722 0.062500 0.072222
0 0.881641 0.203472 0.061719 0.115278
