0 0.346457 0.211694 0.0518316 0.152366
0 0.477435 0.117692 0.0544527 0.169299
0 0.549353 0.31412 0.0702275 0.160327
0 0.537489 0.141152 0.0595785 0.161294
0 0.411657 0.191756 0.0725333 0.118971
0 0.90113 0.390403 0.0441647 0.144977
0 0.397441 0.0757275 0.0983882 0.11596
0 0.814692 0.732228 0.0751474 0.108969
0 0.454545 0.480638 0.10774 0.111124
0 0.57651 0.42087 0.100332 0.137359
0 0.841619 0.505529 0.0790567 0.090224
0 0.49932 0.304538 0.0385043 0.151331
0 0.23616 0.789257 0.0405148 0.126684
0 0.472494 0.320245 0.0768984 0.138224
0 0.578138 0.379196 0.0994421 0.12469
0 0.89622 0.577665 0.0451452 0.154005
0 0.452276 0.396024 0.0824642 0.0862344
0 0.845109 0.422645 0.0649406 0.115043
0 0.863601 0.175699 0.0751062 0.125865
0 0.860349 0.549386 0.0583801 0.108067
