0 0.392133 0.370086 0.0569526 0.18197
0 0.875523 0.526608 0.0784933 0.0925222
0 0.679823 0.370903 0.0618802 0.162325
0 0.611531 0.613175 0.0696241 0.121102
0 0.53313 0.49034 0.058974 0.132212
0 0.633504 0.481421 0.0551022 0.136874
0 0.585493 0.0961343 0.0857121 0.106195
0 0.340901 0.227918 0.0534349 0.149514
0 0.701357 0.498111 0.0544979 0.150526
0 0.735472 0.374142 0.0612154 0.142587
0 0.882362 0.650084 0.0639786 0.120365
0 0.784647 0.533676 0.040411 0.11818
0 0.814272 0.700305 0.0376094 0.0992864
0 0.596811 0.498774 0.0734785 0.109347
0 0.447522 0.254224 0.0816053 0.110623
0 0.766677 0.642414 0.0768382 0.107963
0 0.746531 0.521009 0.0541897 0.136924
0 0.453454 0.335153 0.069096 0.145267
0 0.712573 0.21717 0.0458187 0.142325
