0 0.466016 0.522917 0.096094 0.104167
0 0.682422 0.266667 0.050781 0.163889
0 0.598828 0.297222 0.047656 0.147222
0 0.767969 0.470833 0.062500 0.100000
0 0.458203 0.230556 0.082031 0.127778
0 0.857812 0.197222 0.046875 0.150000
0 0.551172 0.156944 0.097656 0.097222
0 0.351953 0.201389 0.083594 0.130556
0 0.216406 0.597222 0.071875 0.130556
0 0.830859 0.590972 0.071094 0.098611
0 0.575000 0.550000 0.067187 0.083333
0 0.656641 0.608333 0.069531 0.116667
0 0.777344 0.735417 0.065625 0.093056
0 0.907813 0.204861 0.068750 0.081944
0 0.894141 0.289583 0.063281 0.084722
0 0.332422 0.811111 0.074219 0.088889
0 0.326172 0.665972 0.050781 0.112500
0 0.833594 0.115972 0.043750 0.081944
0 0.451562 0.091667 0.090625 0.108333
0 0.839063 0.303472 0.051562 0.093056
0 0.611328 0.484028 0.044531 0.151389
