0 0.521833 0.337279 0.0938911 0.0929747
0 0.855502 0.774895 0.0553867 0.0971066
0 0.180811 0.656819 0.0760183 0.104502
0 0.416686 0.118767 0.0920754 0.117599
0 0.174249 0.275014 0.0689454 0.0909019
0 0.399367 0.561211 0.077246 0.0896126
0 0.191799 0.364792 0.075293 0.102714
0 0.673335 0.369871 0.0889021 0.100417
0 0.221441 0.577695 0.0737192 0.114377
0 0.253634 0.329202 0.0543432 0.148396
0 0.323223 0.527427 0.0763875 0.136283
0 0.145069 0.200425 0.0646305 0.0783572
0 0.763676 0.157968 0.073812 0.0962855
0 0.247624 0.211926 0.0509068 0.157288
0 0.206703 0.49235 0.0760233 0.0766289
0 0.876734 0.539628 0.071769 0.0709447
0 0.513715 0.539881 0.0527984 0.1009
0 0.609245 0.409078 0.0691629 0.123227
0 0.187427 0.752405 0.0682487 0.0851705
0 0.364609 0.440583 0.0612055 0.0866547
0 0.856185 0.429721 0.0551456 0.107106
0 0.189492 0.127199 0.0514404 0.142295
0 0.126712 0.258623 0.0358201 0.104346
0 0.21464 0.195152 0.0483079 0.142928
