0 0.388672 0.574306 0.080469 0.095833
0 0.539844 0.749306 0.075000 0.079167
0 0.565234 0.513194 0.060156 0.162500
0 0.221484 0.243750 0.053906 0.129167
0 0.692578 0.372917 0.057031 0.168056
0 0.230859 0.556944 0.072656 0.091667
0 0.673047 0.531944 0.053906 0.141667
0 0.503906 0.517361 0.051562 0.170833
0 0.752344 0.365972 0.082812 0.118056
0 0.281641 0.411806 0.050781 0.131944
0 0.523828 0.654861 0.082031 0.095833
0 0.466406 0.460417 0.057813 0.134722
0 0.126172 0.152083 0.067969 0.093056
0 0.642969 0.286111 0.090625 0.091667
0 0.670312 0.640972 0.059375 0.095833
0 0.139844 0.649306 0.062500 0.104167
0 0.150391 0.730556 0.061719 0.069444
0 0.779297 0.586806 0.066406 0.123611
0 0.204687 0.040972 0.065625 0.079167
0 0.601953 0.595139 0.053906 0.068056
0 0.814453 0.353472 0.052344 0.081944
0 0.450781 0.039583 0.048438 0.076389
0 0.271094 0.036111 0.075000 0.069444
0 0.730469 0.241667 0.073438 0.055556
0 0.232031 0.423611 0.059375 0.091667
