0 0.577089 0.483675 0.0521471 0.173543
0 0.832954 0.300862 0.0524158 0.144274
0 0.458971 0.328232 0.0573048 0.165829
0 0.555527 0.305586 0.0960314 0.111814
0 0.330036 0.256659 0.059196 0.170266
0 0.733661 0.461736 0.0582054 0.1476
0 0.444892 0.109382 0.0823617 0.114738
0 0.409395 0.238344 0.0751819 0.141317
0 0.215079 0.180375 0.0460917 0.122909
0 0.725912 0.335853 0.0858929 0.116004
0 0.750308 0.751168 0.0508227 0.117304
0 0.853635 0.349694 0.0801098 0.106909
0 0.880086 0.462837 0.0505554 0.0859328
0 0.395091 0.405119 0.0809091 0.129611
0 0.470223 0.456165 0.0999586 0.112094
0 0.836147 0.622326 0.0391003 0.121817
0 0.844347 0.497134 0.0693176 0.104101
0 0.735982 0.644629 0.0752893 0.121003
0 0.784838 0.612971 0.076413 0.0985181
0 0.368639 0.307085 0.0928361 0.0976307
