0 0.552344 0.260417 0.064062 0.173611
0 0.678516 0.619444 0.052344 0.133333
0 0.450781 0.099306 0.054688 0.159722
0 0.392188 0.617361 0.060937 0.137500
0 0.712109 0.265278 0.046094 0.136111
0 0.483984 0.261806 0.064844 0.165278
0 0.362500 0.293056 0.050000 0.130556
0 0.332813 0.215972 0.065625 0.148611
0 0.829688 0.686806 0.073438 0.104167
0 0.492188 0.441667 0.076563 0.127778
0 0.756641 0.491667 0.074219 0.097222
0 0.159766 0.538194 0.060156 0.101389
0 0.328516 0.637500 0.057031 0.127778
0 0.465234 0.709722 0.064844 0.130556
0 0.774219 0.338889 0.054688 0.152778
0 0.353516 0.074306 0.082031 0.112500
0 0.866016 0.493750 0.078906 0.098611
0 0.857031 0.328472 0.048438 0.109722
0 0.327734 0.722917 0.060156 0.084722
0 0.333984 0.438194 0.069531 0.109722
0 0.891406 0.669444 0.034375 0.102778
0 0.855859 0.436806 0.058594 0.098611
