0 0.330438 0.260242 0.0560447 0.155459
0 0.828196 0.508554 0.0466415 0.134659
0 0.719969 0.371288 0.0563465 0.153456
0 0.83279 0.301669 0.0491859 0.13643
0 0.665867 0.730328 0.0523943 0.133087
0 0.572707 0.314953 0.0857873 0.120134
0 0.410494 0.237526 0.0763396 0.125711
0 0.884173 0.469776 0.0586689 0.0883335
0 0.383226 0.631385 0.0546436 0.164554
0 0.399176 0.502144 0.0921711 0.0960176
0 0.790125 0.695749 0.0545732 0.11504
0 0.39154 0.383975 0.0872905 0.118336
0 0.467433 0.0919859 0.0741316 0.11946
0 0.827421 0.629539 0.0515934 0.0902931
0 0.695091 0.47969 0.0819871 0.106792
0 0.723764 0.719525 0.0744175 0.0897035
0 0.645029 0.434149 0.0678912 0.116901
0 0.436916 0.330899 0.0973434 0.110172
0 0.853813 0.334127 0.0768057 0.123697
