0 0.844385 0.752733 0.0388435 0.131548
0 0.90467 0.391935 0.0386168 0.149859
0 0.347362 0.214416 0.0496933 0.151978
0 0.449829 0.534656 0.0994861 0.100918
0 0.540633 0.139819 0.0550928 0.160939
0 0.892223 0.576585 0.0465858 0.152088
0 0.489811 0.135471 0.063306 0.156297
0 0.551345 0.310423 0.0765554 0.138084
0 0.789109 0.692471 0.0684389 0.115271
0 0.399256 0.188375 0.0612497 0.138744
0 0.398211 0.0745082 0.0933723 0.105383
0 0.5773 0.431278 0.0884867 0.106306
0 0.238254 0.786316 0.0480703 0.128922
0 0.862595 0.346895 0.0544556 0.153973
0 0.839723 0.423052 0.0753078 0.0835804
0 0.839863 0.492556 0.0803026 0.0848251
0 0.465911 0.343108 0.0652492 0.18689
0 0.799456 0.765671 0.0601973 0.0972578
