0 0.303125 0.621528 0.073438 0.081944
0 0.292578 0.115278 0.052344 0.091667
0 0.124609 0.718056 0.041406 0.100000
0 0.342187 0.258333 0.068750 0.116667
0 0.663672 0.150694 0.042969 0.118056
0 0.120313 0.446528 0.042188 0.129167
0 0.149219 0.679861 0.039062 0.098611
0 0.214844 0.819444 0.057813 0.083333
0 0.186328 0.452083 0.044531 0.137500
0 0.389062 0.097222 0.043750 0.122222
0 0.317969 0.559028 0.057813 0.068056
0 0.137891 0.900694 0.050781 0.090278
0 0.578906 0.441667 0.064062 0.108333
0 0.143750 0.522222 0.062500 0.077778
0 0.882031 0.270833 0.057813 0.097222
0 0.825391 0.810417 0.050781 0.076389
0 0.504687 0.377083 0.084375 0.087500
0 0.850781 0.161111 0.059375 0.075000
0 0.285156 0.819444 0.053125 0.097222
0 0.191797 0.619444 0.053906 0.125000
0 0.262891 0.193056 0.077344 0.097222
0 0.752344 0.108333 0.043750 0.080556
0 0.231641 0.363889 0.057031 0.088889
0 0.173047 0.149306 0.046094 0.131944
0 0.130469 0.816667 0.042188 0.075000
0 0.344531 0.097222 0.050000 0.097222
