0 0.511719 0.650000 0.065625 0.077778
0 0.273438 0.481250 0.056250 0.090278
0 0.612500 0.596528 0.042188 0.109722
0 0.153906 0.607639 0.043750 0.118056
0 0.183984 0.487500 0.069531 0.088889
0 0.202734 0.583333 0.046094 0.105556
0 0.122656 0.542361 0.037500 0.134722
0 0.894141 0.678472 0.049219 0.098611
0 0.117969 0.431944 0.037500 0.086111
0 0.889844 0.736806 0.046875 0.070833
0 0.875000 0.398611 0.040625 0.100000
0 0.921484 0.756944 0.038281 0.063889
0 0.121484 0.326389 0.052344 0.100000
0 0.203125 0.127778 0.043750 0.100000
0 0.409375 0.572917 0.060937 0.095833
0 0.893359 0.142361 0.030469 0.081944
0 0.858594 0.071528 0.039062 0.062500
0 0.813281 0.109722 0.043750 0.105556
0 0.767578 0.140972 0.047656 0.079167
0 0.881250 0.327083 0.056250 0.076389
0 0.837500 0.195833 0.075000 0.069444
0 0.879297 0.247917 0.042969 0.090278
0 0.422656 0.475000 0.046875 0.083333
0 0.870313 0.137500 0.037500 0.061111
0 0.847266 0.097222 0.033594 0.058333
0 0.837891 0.130556 0.039844 0.058333
