0 0.24138 0.726172 0.0675463 0.0831723
0 0.289904 0.0908889 0.076913 0.114922
0 0.258958 0.269647 0.0595292 0.133782
0 0.176572 0.55379 0.0629397 0.107207
0 0.616419 0.213331 0.0596207 0.148038
0 0.563266 0.519215 0.0585218 0.152052
0 0.852679 0.763117 0.0518135 0.107012
0 0.447924 0.492062 0.0654558 0.130474
0 0.742625 0.536525 0.0576506 0.131207
0 0.222464 0.0492695 0.0544793 0.098539
0 0.28425 0.46955 0.0597478 0.127173
0 0.377645 0.0666585 0.0606986 0.133317
0 0.327677 0.579082 0.0545797 0.168749
0 0.667531 0.345759 0.092971 0.102719
0 0.358953 0.517885 0.0634182 0.123138
0 0.128215 0.201381 0.0456246 0.13537
0 0.66435 0.530139 0.0727185 0.139563
0 0.149977 0.652936 0.0604457 0.121385
0 0.166613 0.150597 0.0728512 0.0973499
0 0.456189 0.379843 0.0725273 0.0861465
0 0.172595 0.356142 0.0540514 0.115996
0 0.624489 0.484 0.0661398 0.128412
0 0.319435 0.0505194 0.0631774 0.101039
