0 0.420335 0.602054 0.0558636 0.161464
0 0.161105 0.587124 0.0452017 0.107145
0 0.387831 0.465869 0.0672231 0.124371
0 0.837272 0.824439 0.0414358 0.125231
0 0.855192 0.19654 0.0447453 0.125601
0 0.497238 0.392206 0.106764 0.135226
0 0.709066 0.694366 0.0565575 0.155945
0 0.842034 0.625015 0.0469336 0.122892
0 0.755903 0.780175 0.0428049 0.117201
0 0.796994 0.736208 0.0506892 0.140596
0 0.804003 0.119898 0.0674832 0.113548
0 0.241342 0.762338 0.0531309 0.119186
0 0.61699 0.166018 0.0850613 0.105477
0 0.611718 0.289289 0.0759432 0.157054
0 0.68156 0.754751 0.0578024 0.111828
0 0.895716 0.489882 0.0596519 0.134007
0 0.886562 0.670704 0.0448717 0.094244
0 0.892338 0.589841 0.059523 0.107872
0 0.841162 0.703232 0.0467361 0.112195
