0 0.253906 0.463889 0.051562 0.094444
0 0.186328 0.247917 0.075781 0.104167
0 0.233594 0.312500 0.054688 0.125000
0 0.128125 0.395833 0.068750 0.111111
0 0.239063 0.182639 0.060937 0.137500
0 0.331250 0.233333 0.062500 0.152778
0 0.398047 0.261806 0.052344 0.170833
0 0.804688 0.593750 0.042188 0.118056
0 0.548047 0.283333 0.091406 0.133333
0 0.329297 0.592361 0.050781 0.145833
0 0.351953 0.559722 0.058594 0.102778
0 0.553125 0.696528 0.054688 0.151389
0 0.510156 0.612500 0.048438 0.100000
0 0.830469 0.662500 0.062500 0.105556
0 0.348047 0.450694 0.089844 0.098611
0 0.610156 0.117361 0.071875 0.143056
0 0.752344 0.197222 0.082812 0.125000
0 0.813672 0.216667 0.077344 0.102778
0 0.386719 0.389583 0.085938 0.101389
0 0.547656 0.075000 0.068750 0.127778
0 0.888281 0.211111 0.064062 0.138889
0 0.604688 0.420833 0.084375 0.097222
0 0.672656 0.319444 0.104688 0.097222
