0 0.446643 0.491785 0.0627354 0.132456
0 0.367927 0.509218 0.102619 0.105197
0 0.328774 0.108828 0.0957315 0.0868038
0 0.676778 0.525205 0.0612869 0.16274
0 0.240714 0.226664 0.0653322 0.0943241
0 0.138234 0.185027 0.0476055 0.136236
0 0.572266 0.325886 0.0566824 0.121088
0 0.329526 0.640658 0.0762162 0.110603
0 0.859166 0.719638 0.047772 0.117594
0 0.649197 0.341295 0.0806162 0.131214
0 0.299214 0.415024 0.0798187 0.099511
0 0.745596 0.495176 0.0649731 0.1246
0 0.685837 0.221965 0.0523103 0.149929
0 0.158333 0.634921 0.0954618 0.152182
0 0.320844 0.375486 0.0778848 0.147497
0 0.323538 0.21917 0.050436 0.127239
0 0.164283 0.424062 0.0586788 0.129166
0 0.220811 0.0268568 0.0729803 0.0537135
0 0.148824 0.488879 0.0697723 0.11833
0 0.117268 0.0585965 0.0586224 0.113839
0 0.154626 0.734712 0.0521859 0.0671153
0 0.318887 0.0362063 0.0582706 0.0724126
0 0.817047 0.336461 0.049502 0.085435
