0 0.462109 0.309028 0.066406 0.195833
0 0.301172 0.387500 0.107031 0.100000
0 0.267188 0.269444 0.084375 0.155556
0 0.892188 0.332639 0.053125 0.118056
0 0.502734 0.463194 0.049219 0.204167
0 0.293359 0.116667 0.072656 0.111111
0 0.141797 0.159722 0.053906 0.141667
0 0.635156 0.597917 0.090625 0.106944
0 0.775000 0.769444 0.064062 0.091667
0 0.171875 0.284722 0.053125 0.138889
0 0.219922 0.102778 0.074219 0.175000
0 0.410547 0.470139 0.094531 0.112500
0 0.595703 0.753472 0.057031 0.134722
0 0.284766 0.516667 0.058594 0.077778
0 0.785547 0.475000 0.053906 0.180556
0 0.380859 0.618750 0.063281 0.148611
0 0.414844 0.088889 0.070312 0.175000
0 0.773047 0.325694 0.061719 0.106944
0 0.873047 0.256944 0.069531 0.105556
