0 0.390745 0.559017 0.102037 0.0957225
0 0.516819 0.170615 0.0745137 0.11814
0 0.381428 0.876878 0.0461084 0.139082
0 0.633745 0.42648 0.0783571 0.0875314
0 0.307662 0.3495 0.0752519 0.105844
0 0.346991 0.25541 0.0642076 0.140517
0 0.407044 0.107506 0.0865354 0.0996947
0 0.425322 0.730663 0.0808792 0.0879901
0 0.254482 0.878081 0.0758199 0.0881385
0 0.256031 0.19075 0.06745 0.107036
0 0.325734 0.721466 0.0640536 0.104846
0 0.20598 0.553792 0.0640271 0.115536
0 0.219109 0.104847 0.0623397 0.102259
0 0.853442 0.449094 0.061874 0.0844176
0 0.163126 0.356836 0.050366 0.104266
0 0.140324 0.498302 0.0594559 0.148602
0 0.421269 0.804107 0.0969365 0.0854036
0 0.305669 0.119247 0.059028 0.120472
0 0.853349 0.756503 0.0480835 0.0928928
0 0.4893 0.549247 0.0525382 0.118983
0 0.127449 0.32795 0.0400616 0.132598
0 0.360769 0.483261 0.0713814 0.0879749
0 0.819116 0.436138 0.0740145 0.0839278
0 0.172546 0.217283 0.0466858 0.0973214
0 0.470368 0.444233 0.0641617 0.129118
0 0.138307 0.228586 0.0439275 0.103812
