0 0.440435 0.313703 0.059422 0.149889
0 0.687312 0.358901 0.0743817 0.153931
0 0.792652 0.684195 0.0387314 0.105792
0 0.389842 0.434651 0.102089 0.107986
0 0.574509 0.469633 0.0570302 0.154023
0 0.479462 0.594923 0.0824018 0.103035
0 0.418698 0.187714 0.0716894 0.104453
0 0.637098 0.536679 0.0794185 0.0892722
0 0.838446 0.666445 0.0435486 0.107775
0 0.715567 0.698985 0.0539436 0.167224
0 0.862171 0.350184 0.0664021 0.103241
0 0.552964 0.147183 0.104828 0.106436
0 0.82479 0.503969 0.044619 0.165683
0 0.71274 0.592794 0.0778736 0.101715
0 0.34883 0.321613 0.0896348 0.120966
0 0.869321 0.196002 0.0448149 0.136225
0 0.338502 0.125661 0.0578656 0.135788
0 0.243026 0.243023 0.0426722 0.103436
0 0.499551 0.0594549 0.0846696 0.0994231
0 0.805126 0.205442 0.081768 0.117289
