0 0.482009 0.276917 0.0478899 0.151395
0 0.401334 0.730702 0.0541928 0.119979
0 0.355571 0.417196 0.0567739 0.108575
0 0.395038 0.212363 0.0777435 0.10003
0 0.349086 0.71911 0.0605062 0.148663
0 0.859136 0.771439 0.0574835 0.0917148
0 0.178709 0.48601 0.0777837 0.105388
0 0.862723 0.422008 0.0557972 0.103539
0 0.401915 0.566881 0.0865074 0.100196
0 0.569315 0.28012 0.0660637 0.153399
0 0.259832 0.204737 0.0592206 0.102684
0 0.604019 0.669157 0.069186 0.0704995
0 0.222792 0.182857 0.0516212 0.113746
0 0.228614 0.678064 0.0597402 0.117778
0 0.157147 0.686945 0.0482876 0.109405
0 0.169269 0.2299 0.0557924 0.0880376
0 0.61276 0.410629 0.073029 0.101839
0 0.168877 0.604812 0.0469805 0.138056
0 0.136106 0.227639 0.0390241 0.0996942
0 0.652413 0.285391 0.0526718 0.160111
0 0.821419 0.600827 0.0500157 0.12245
0 0.152977 0.377166 0.0475163 0.137153
0 0.195519 0.325121 0.0561642 0.150326
0 0.211849 0.592736 0.0500125 0.130004
0 0.630172 0.558149 0.0684891 0.0795885
0 0.197002 0.13057 0.0491633 0.134001
