0 0.732422 0.812500 0.052344 0.100000
0 0.415625 0.100000 0.067187 0.072222
0 0.146094 0.802778 0.032813 0.119444
0 0.464453 0.322222 0.078906 0.075000
0 0.374609 0.922222 0.050781 0.091667
0 0.648828 0.584722 0.047656 0.125000
0 0.760547 0.836806 0.046094 0.084722
0 0.736719 0.930556 0.056250 0.080556
0 0.581250 0.590278 0.040625 0.138889
0 0.845313 0.387500 0.040625 0.069444
0 0.838672 0.309028 0.038281 0.109722
0 0.117578 0.543056 0.038281 0.075000
0 0.113281 0.853472 0.029687 0.090278
0 0.707422 0.755556 0.035156 0.125000
0 0.877734 0.349306 0.041406 0.073611
0 0.796484 0.479167 0.039844 0.125000
0 0.126953 0.627083 0.044531 0.079167
0 0.335156 0.917361 0.048438 0.081944
0 0.722656 0.549306 0.043750 0.098611
0 0.637109 0.325694 0.060156 0.115278
0 0.521094 0.645139 0.064062 0.065278
0 0.826953 0.248611 0.053906 0.066667
0 0.573047 0.412500 0.057031 0.105556
0 0.562891 0.722222 0.035156 0.108333
0 0.116016 0.450000 0.039844 0.091667
0 0.760938 0.389583 0.054688 0.065278
0 0.671875 0.693750 0.057813 0.143056
0 0.153125 0.133333 0.034375 0.083333
