0 0.488672 0.267361 0.066406 0.134722
0 0.393750 0.632639 0.062500 0.131944
0 0.455859 0.692361 0.055469 0.151389
0 0.829297 0.687500 0.072656 0.102778
0 0.323828 0.624306 0.053906 0.145833
0 0.354297 0.267361 0.053906 0.145833
0 0.547656 0.141667 0.084375 0.100000
0 0.752734 0.492361 0.069531 0.095833
0 0.623437 0.375694 0.056250 0.162500
0 0.873437 0.508333 0.081250 0.094444
0 0.502734 0.430556 0.085156 0.111111
0 0.347266 0.704167 0.072656 0.119444
0 0.363281 0.075694 0.082812 0.104167
0 0.158984 0.524306 0.075781 0.087500
0 0.797266 0.572917 0.061719 0.104167
0 0.851562 0.334028 0.056250 0.120833
0 0.537109 0.289583 0.044531 0.168056
0 0.772266 0.323611 0.058594 0.138889
0 0.341016 0.440972 0.075781 0.118056
0 0.882031 0.431944 0.073438 0.086111
0 0.717578 0.376389 0.052344 0.091667
