0 0.496875 0.061111 0.087500 0.108333
0 0.576953 0.442361 0.057031 0.184722
0 0.444531 0.299306 0.059375 0.165278
0 0.390234 0.434722 0.102344 0.108333
0 0.478906 0.597222 0.082812 0.113889
0 0.763281 0.400000 0.089063 0.102778
0 0.821094 0.534028 0.062500 0.134722
0 0.763281 0.604167 0.053125 0.097222
0 0.349609 0.309722 0.082031 0.133333
0 0.860938 0.347222 0.065625 0.100000
0 0.708203 0.696528 0.082031 0.118056
0 0.833594 0.670833 0.046875 0.136111
0 0.337500 0.116667 0.057813 0.161111
0 0.708203 0.587500 0.092969 0.100000
0 0.385937 0.179861 0.084375 0.115278
0 0.243750 0.251389 0.035937 0.111111
0 0.795703 0.664583 0.050781 0.081944
0 0.881250 0.201389 0.060937 0.116667
0 0.693750 0.203472 0.064062 0.126389
