0 0.520098 0.256046 0.0765318 0.108565
0 0.489341 0.429333 0.0868897 0.114585
0 0.463043 0.102209 0.0816467 0.156753
0 0.865053 0.715759 0.0451239 0.127989
0 0.32958 0.643644 0.0518665 0.129673
0 0.561333 0.0772272 0.0870708 0.106793
0 0.8925 0.126591 0.0597139 0.0838838
0 0.176682 0.5199 0.0618293 0.0949325
0 0.357679 0.296633 0.0638222 0.12354
0 0.595792 0.475082 0.0787039 0.126336
0 0.830521 0.694833 0.0720213 0.0968959
0 0.405872 0.627269 0.0779856 0.122805
0 0.357917 0.731046 0.0764713 0.0981506
0 0.364139 0.50035 0.0511535 0.0950972
0 0.859264 0.55053 0.0717617 0.104352
0 0.600523 0.267121 0.0866745 0.114238
0 0.88502 0.403104 0.0437428 0.101005
0 0.722277 0.373764 0.0635628 0.092963
0 0.381063 0.400578 0.0763134 0.112152
0 0.839992 0.407438 0.0572021 0.105478
0 0.227102 0.610521 0.048704 0.113745
0 0.852852 0.312304 0.0595358 0.0888907
