0 0.448965 0.52764 0.0967817 0.098773
0 0.639554 0.322262 0.0685778 0.135594
0 0.599574 0.613838 0.0426199 0.129118
0 0.523107 0.281886 0.0637626 0.131171
0 0.883045 0.642247 0.0655315 0.0865896
0 0.651978 0.540273 0.0885517 0.104148
0 0.736713 0.582077 0.0594968 0.110989
0 0.484724 0.209154 0.0832539 0.108479
0 0.69398 0.643964 0.0481917 0.176387
0 0.904263 0.729949 0.0529982 0.0845564
0 0.714053 0.325673 0.0717621 0.0985788
0 0.77027 0.849693 0.0567707 0.0780165
0 0.851674 0.35715 0.0702093 0.109069
0 0.834037 0.125774 0.0521469 0.123502
0 0.814796 0.846181 0.0593729 0.0813056
0 0.881907 0.774514 0.0506329 0.0751085
0 0.803744 0.74988 0.0734594 0.0956631
0 0.591388 0.207002 0.0841855 0.135172
0 0.880926 0.220572 0.0450165 0.148937
