0 0.469531 0.524306 0.095312 0.109722
0 0.501172 0.454167 0.069531 0.150000
0 0.337891 0.522917 0.061719 0.143056
0 0.198828 0.520833 0.053906 0.111111
0 0.603906 0.263889 0.073438 0.119444
0 0.486719 0.245139 0.085938 0.104167
0 0.539453 0.611806 0.071094 0.140278
0 0.858984 0.115278 0.057031 0.091667
0 0.768359 0.102083 0.053906 0.104167
0 0.352734 0.205556 0.072656 0.136111
0 0.892188 0.688889 0.064062 0.100000
0 0.616797 0.542361 0.074219 0.087500
0 0.839844 0.379167 0.062500 0.091667
0 0.733594 0.766667 0.064062 0.088889
0 0.830859 0.688889 0.066406 0.094444
0 0.444922 0.083333 0.097656 0.105556
0 0.224609 0.609722 0.050781 0.113889
0 0.384766 0.455556 0.058594 0.102778
0 0.663672 0.234722 0.063281 0.127778
0 0.811719 0.218056 0.073438 0.108333
0 0.847656 0.590972 0.056250 0.109722
0 0.354297 0.299306 0.064844 0.112500
