0 0.600232 0.613009 0.0424957 0.127917
0 0.452677 0.530474 0.0974273 0.101323
0 0.634757 0.301403 0.073118 0.102054
0 0.728558 0.592261 0.0498127 0.114802
0 0.479728 0.206848 0.099093 0.11077
0 0.509934 0.285419 0.0778772 0.122647
0 0.716235 0.315705 0.0757482 0.122084
0 0.647442 0.538773 0.0961407 0.101539
0 0.806268 0.639817 0.0691355 0.106644
0 0.887262 0.641881 0.0589558 0.087838
0 0.590828 0.207587 0.0840773 0.11121
0 0.8174 0.846088 0.0564814 0.0789225
0 0.851531 0.358881 0.0689823 0.106111
0 0.898071 0.201628 0.0518349 0.13693
0 0.903534 0.734896 0.053701 0.0890411
0 0.802596 0.784553 0.0630775 0.123932
0 0.883801 0.774312 0.0536003 0.0712848
0 0.769721 0.85182 0.0562476 0.0716175
0 0.832775 0.122034 0.0631155 0.112547
