0 0.216501 0.211456 0.0496816 0.125904
0 0.291727 0.667334 0.0748088 0.107544
0 0.585805 0.653188 0.0936257 0.0964776
0 0.35557 0.588099 0.0654445 0.0788453
0 0.650016 0.343639 0.0951046 0.0990345
0 0.42029 0.556952 0.0495236 0.130211
0 0.335385 0.364077 0.0582758 0.155866
0 0.656151 0.502959 0.0856377 0.108368
0 0.255485 0.286343 0.0662445 0.101187
0 0.741569 0.274567 0.0747149 0.0943151
0 0.220968 0.0382737 0.073667 0.0765474
0 0.143093 0.35466 0.0614101 0.125832
0 0.193068 0.491015 0.101466 0.121841
0 0.338335 0.49602 0.0819141 0.0968284
0 0.318979 0.159684 0.0844863 0.116049
0 0.184786 0.695161 0.0764495 0.0894925
0 0.74848 0.406832 0.0676643 0.106127
0 0.241214 0.0951674 0.076 0.0940796
0 0.14714 0.169289 0.0637697 0.111111
0 0.164615 0.608477 0.0639112 0.0973663
0 0.829747 0.472301 0.0505821 0.0965467
0 0.138619 0.717006 0.039707 0.112538
0 0.320759 0.0441155 0.063554 0.0882309
