0 0.812891 0.135417 0.088281 0.104167
0 0.222266 0.284722 0.080469 0.102778
0 0.141016 0.300694 0.072656 0.098611
0 0.151953 0.520139 0.069531 0.093056
0 0.855469 0.627083 0.054688 0.093056
0 0.440234 0.588889 0.058594 0.161111
0 0.746875 0.211806 0.081250 0.134722
0 0.881641 0.301389 0.057031 0.116667
0 0.686328 0.290972 0.075781 0.101389
0 0.285938 0.665972 0.078125 0.104167
0 0.838281 0.752778 0.073438 0.088889
0 0.394922 0.075694 0.069531 0.134722
0 0.479687 0.206944 0.057813 0.122222
0 0.894922 0.576389 0.063281 0.091667
0 0.145703 0.204861 0.055469 0.145833
0 0.193359 0.601389 0.074219 0.097222
0 0.230078 0.541667 0.052344 0.158333
0 0.744141 0.800694 0.057031 0.093056
0 0.870313 0.710417 0.042188 0.095833
0 0.133203 0.601389 0.033594 0.100000
0 0.562891 0.204861 0.047656 0.140278
