0 0.548405 0.316638 0.0731248 0.123236
0 0.677789 0.627399 0.0550032 0.150143
0 0.470527 0.207991 0.104571 0.106398
0 0.330422 0.274037 0.0613834 0.138698
0 0.626307 0.308791 0.0419699 0.157141
0 0.833576 0.13343 0.0537859 0.11156
0 0.830965 0.682501 0.0637767 0.0830222
0 0.736769 0.85403 0.05985 0.0884752
0 0.362521 0.229333 0.0549703 0.157014
0 0.600992 0.613934 0.0412745 0.130259
0 0.647314 0.541468 0.0960493 0.100939
0 0.784217 0.849783 0.0466146 0.0959071
0 0.852628 0.357495 0.0696487 0.10747
0 0.723457 0.601095 0.0472013 0.149599
0 0.904997 0.710978 0.0591286 0.109802
0 0.879306 0.773602 0.0516207 0.0717963
0 0.812665 0.7584 0.0610979 0.0811145
0 0.818089 0.851773 0.0438623 0.0964208
0 0.879212 0.218199 0.0493139 0.141567
