0 0.502344 0.409722 0.062500 0.172222
0 0.374219 0.463889 0.048438 0.138889
0 0.568359 0.615278 0.053906 0.175000
0 0.348828 0.264583 0.069531 0.101389
0 0.701953 0.490278 0.041406 0.113889
0 0.638281 0.283333 0.057813 0.136111
0 0.151953 0.588889 0.058594 0.100000
0 0.735938 0.727083 0.051562 0.148611
0 0.795312 0.656250 0.045312 0.118056
0 0.229297 0.791667 0.049219 0.113889
0 0.899609 0.662500 0.050781 0.125000
0 0.758594 0.409722 0.081250 0.113889
0 0.900781 0.471528 0.046875 0.137500
0 0.847656 0.314583 0.057813 0.118056
0 0.836328 0.136111 0.061719 0.119444
0 0.887109 0.754167 0.055469 0.077778
0 0.851172 0.768056 0.055469 0.102778
0 0.840625 0.558333 0.060937 0.105556
0 0.686328 0.753472 0.069531 0.115278
0 0.800000 0.747917 0.059375 0.090278
0 0.784375 0.125000 0.059375 0.127778
