0 0.554297 0.254861 0.052344 0.118056
0 0.677734 0.693750 0.050781 0.154167
0 0.383203 0.409722 0.050781 0.125000
0 0.344531 0.079167 0.090625 0.108333
0 0.470703 0.260417 0.096094 0.115278
0 0.727344 0.674306 0.042188 0.131944
0 0.467578 0.713194 0.064844 0.126389
0 0.446484 0.102083 0.088281 0.093056
0 0.856641 0.413889 0.064844 0.100000
0 0.842969 0.184722 0.054688 0.105556
0 0.673438 0.249306 0.060937 0.148611
0 0.898047 0.555556 0.063281 0.088889
0 0.620703 0.678472 0.058594 0.129167
0 0.724219 0.274306 0.070312 0.098611
0 0.377344 0.524306 0.089063 0.098611
0 0.834766 0.665278 0.066406 0.102778
0 0.887891 0.481250 0.055469 0.131944
0 0.155469 0.503472 0.081250 0.084722
0 0.890625 0.211806 0.039062 0.098611
0 0.791016 0.200000 0.049219 0.116667
