0 0.468359 0.722917 0.094531 0.131944
0 0.587500 0.245833 0.056250 0.152778
0 0.628125 0.652083 0.070312 0.090278
0 0.573828 0.654861 0.055469 0.143056
0 0.371875 0.425694 0.050000 0.145833
0 0.239844 0.354861 0.065625 0.081944
0 0.335938 0.559722 0.053125 0.150000
0 0.828125 0.779861 0.037500 0.140278
0 0.362109 0.244444 0.078906 0.119444
0 0.837500 0.497917 0.070312 0.112500
0 0.744922 0.462500 0.077344 0.105556
0 0.224609 0.600000 0.052344 0.100000
0 0.383984 0.512500 0.064844 0.080556
0 0.425781 0.475694 0.085938 0.101389
0 0.899219 0.677778 0.043750 0.113889
0 0.633984 0.360417 0.092969 0.118056
0 0.420703 0.738194 0.077344 0.084722
0 0.667188 0.623611 0.078125 0.091667
0 0.587891 0.485417 0.049219 0.115278
0 0.838281 0.655556 0.053125 0.150000
0 0.673828 0.113889 0.072656 0.102778
0 0.809766 0.323611 0.064844 0.086111
0 0.893359 0.311806 0.044531 0.120833
