0 0.330946 0.25825 0.0563145 0.15791
0 0.7199 0.369921 0.0564219 0.155423
0 0.827242 0.509543 0.045966 0.140909
0 0.665368 0.724919 0.045133 0.120379
0 0.790014 0.693353 0.0550634 0.122295
0 0.383115 0.629013 0.0540816 0.160069
0 0.883927 0.469651 0.0586531 0.0885498
0 0.572738 0.314448 0.0862673 0.121556
0 0.399075 0.50207 0.0938966 0.0969333
0 0.410819 0.24081 0.0766049 0.127682
0 0.467194 0.0930871 0.0752689 0.119839
0 0.392742 0.383695 0.0864218 0.119128
0 0.645104 0.434 0.0692575 0.117789
0 0.694901 0.481265 0.0807789 0.108474
0 0.721322 0.720539 0.0803116 0.0905012
0 0.828864 0.627168 0.0475426 0.0910811
0 0.831533 0.299861 0.0471874 0.132742
0 0.436659 0.328513 0.0959795 0.107658
0 0.855289 0.342024 0.0720791 0.111154
0 0.850712 0.315166 0.0788614 0.160596
