0 0.532813 0.598611 0.075000 0.125000
0 0.376172 0.552778 0.058594 0.150000
0 0.487500 0.244444 0.090625 0.105556
0 0.330469 0.554167 0.048438 0.150000
0 0.514062 0.420139 0.089063 0.106944
0 0.614062 0.247917 0.073438 0.148611
0 0.854688 0.562500 0.075000 0.100000
0 0.803906 0.204861 0.060937 0.137500
0 0.870313 0.132639 0.064062 0.087500
0 0.172266 0.534028 0.064844 0.090278
0 0.766797 0.098611 0.053906 0.091667
0 0.345703 0.207639 0.077344 0.115278
0 0.434375 0.096528 0.050000 0.156944
0 0.360547 0.311111 0.058594 0.119444
0 0.396094 0.428472 0.070312 0.090278
0 0.715625 0.763889 0.067187 0.086111
0 0.838672 0.382639 0.072656 0.095833
0 0.766016 0.454167 0.064844 0.094444
0 0.830859 0.702083 0.069531 0.087500
0 0.659766 0.240972 0.063281 0.131944
0 0.225000 0.607639 0.053125 0.109722
0 0.848828 0.640972 0.067969 0.076389
0 0.836328 0.302083 0.069531 0.090278
