0 0.160232 0.580451 0.0488123 0.0992343
0 0.501794 0.514471 0.085101 0.103028
0 0.836537 0.825471 0.0456385 0.116329
0 0.87768 0.667668 0.064353 0.0843508
0 0.829001 0.740601 0.0467709 0.12053
0 0.815017 0.601399 0.0469742 0.119728
0 0.759883 0.644509 0.0668216 0.11575
0 0.851584 0.208119 0.0442768 0.128807
0 0.756642 0.758611 0.0536093 0.0951416
0 0.690499 0.67369 0.0824842 0.131808
0 0.239479 0.762255 0.0500982 0.120894
0 0.86568 0.127708 0.0733656 0.0908602
0 0.895444 0.429373 0.0594048 0.117979
0 0.801361 0.693368 0.0388075 0.112743
0 0.683867 0.75141 0.0674786 0.11621
0 0.868056 0.30611 0.0805256 0.0983127
0 0.898474 0.526035 0.0597286 0.0875665
0 0.617774 0.172359 0.0658503 0.142905
0 0.243299 0.0668869 0.0524311 0.092986
