0 0.143750 0.436111 0.068750 0.108333
0 0.707812 0.111806 0.070312 0.134722
0 0.303516 0.418750 0.063281 0.195833
0 0.177734 0.114583 0.053906 0.184722
0 0.137891 0.342361 0.047656 0.118056
0 0.313672 0.269444 0.119531 0.113889
0 0.242188 0.336806 0.073438 0.143056
0 0.128516 0.116667 0.047656 0.136111
0 0.326172 0.072222 0.083594 0.141667
0 0.844922 0.462500 0.053906 0.136111
0 0.785937 0.302778 0.076563 0.125000
0 0.914062 0.799306 0.059375 0.079167
0 0.869922 0.706944 0.057031 0.086111
0 0.644141 0.109722 0.058594 0.158333
0 0.598828 0.742361 0.088281 0.090278
0 0.821094 0.659722 0.081250 0.108333
0 0.148828 0.039583 0.038281 0.076389
0 0.370703 0.189583 0.102344 0.112500
