0 0.133594 0.579167 0.064062 0.100000
0 0.303125 0.244444 0.064062 0.169444
0 0.698438 0.187500 0.064062 0.138889
0 0.364063 0.160417 0.060937 0.109722
0 0.507812 0.526389 0.070312 0.166667
0 0.611328 0.633333 0.063281 0.130556
0 0.448047 0.345833 0.077344 0.150000
0 0.703516 0.079167 0.088281 0.100000
0 0.809766 0.672917 0.075781 0.109722
0 0.857422 0.350000 0.050781 0.186111
0 0.752734 0.574306 0.067969 0.165278
0 0.271094 0.377083 0.067187 0.140278
0 0.225781 0.465278 0.062500 0.166667
0 0.717969 0.690278 0.050000 0.097222
0 0.156250 0.193750 0.057813 0.137500
0 0.200781 0.280556 0.084375 0.130556
0 0.789062 0.334028 0.059375 0.131944
0 0.151562 0.093750 0.056250 0.084722
