0 0.619176 0.462183 0.0526224 0.150065
0 0.745265 0.497999 0.0562232 0.157584
0 0.347783 0.289629 0.0871295 0.10409
0 0.528895 0.506194 0.0496328 0.168451
0 0.680806 0.363139 0.0602755 0.158329
0 0.571032 0.467478 0.0465584 0.157698
0 0.734639 0.374511 0.0599708 0.128804
0 0.54331 0.314321 0.0506 0.186847
0 0.615081 0.610929 0.0746767 0.111874
0 0.467547 0.468541 0.0996654 0.126665
0 0.502811 0.0710612 0.0946925 0.109311
0 0.786337 0.535509 0.0418945 0.115247
0 0.873541 0.527029 0.074958 0.092561
0 0.83106 0.569902 0.0801851 0.120068
0 0.339386 0.110709 0.0616739 0.149211
0 0.45379 0.319835 0.0838987 0.102918
0 0.828205 0.6651 0.0675884 0.111329
0 0.829004 0.687555 0.0678068 0.142616
