0 0.37909 0.381637 0.0538497 0.156945
0 0.161148 0.586747 0.0447406 0.105496
0 0.857106 0.19492 0.0499592 0.12042
0 0.482815 0.393504 0.0861295 0.125573
0 0.836997 0.82032 0.0426579 0.122647
0 0.362456 0.608881 0.0475218 0.161376
0 0.487475 0.55277 0.100114 0.123131
0 0.707626 0.701384 0.0487628 0.156288
0 0.758101 0.760486 0.0538833 0.0965451
0 0.240258 0.762069 0.0508639 0.12046
0 0.885966 0.658644 0.0474247 0.124228
0 0.684098 0.750727 0.0595205 0.116898
0 0.836332 0.600114 0.0458807 0.116742
0 0.435384 0.0946974 0.0700452 0.113392
0 0.905331 0.469299 0.0369131 0.103896
0 0.758475 0.138075 0.0736783 0.101353
0 0.894304 0.57303 0.0445381 0.116822
0 0.798054 0.734629 0.0550726 0.140625
0 0.243772 0.0649031 0.0529422 0.0948736
