0 0.577344 0.732639 0.076563 0.081944
0 0.487500 0.459028 0.093750 0.101389
0 0.505859 0.084028 0.074219 0.104167
0 0.498047 0.721528 0.053906 0.093056
0 0.263281 0.775694 0.064062 0.120833
0 0.459375 0.620139 0.046875 0.118056
0 0.284375 0.569444 0.071875 0.100000
0 0.308203 0.172222 0.060156 0.130556
0 0.132422 0.600000 0.047656 0.063889
0 0.428516 0.779861 0.061719 0.109722
0 0.135156 0.806944 0.043750 0.108333
0 0.464062 0.865972 0.076563 0.095833
0 0.175000 0.442361 0.062500 0.093056
0 0.125391 0.446528 0.033594 0.120833
0 0.115234 0.363889 0.047656 0.088889
0 0.446094 0.379167 0.071875 0.105556
0 0.184766 0.258333 0.064844 0.069444
0 0.231250 0.163194 0.048438 0.112500
0 0.665625 0.090278 0.046875 0.105556
0 0.634766 0.122917 0.047656 0.106944
0 0.120703 0.236111 0.047656 0.072222
0 0.180469 0.184722 0.057813 0.075000
0 0.254688 0.529861 0.057813 0.098611
0 0.866797 0.392361 0.038281 0.123611
0 0.127344 0.536111 0.057813 0.075000
0 0.231250 0.240278 0.053125 0.083333
