0 0.639286 0.486451 0.056708 0.146671
0 0.602651 0.615929 0.051918 0.161965
0 0.843415 0.822587 0.0468414 0.112603
0 0.407819 0.479507 0.0583372 0.135302
0 0.396206 0.381696 0.0603667 0.142736
0 0.482524 0.579826 0.0593384 0.127908
0 0.692863 0.189831 0.053018 0.160455
0 0.600925 0.304418 0.042504 0.172963
0 0.584602 0.829349 0.0782521 0.0920926
0 0.890991 0.584042 0.0447372 0.124019
0 0.839327 0.410037 0.0719482 0.0827486
0 0.850909 0.580641 0.0600563 0.117616
0 0.601869 0.746818 0.0885199 0.117947
0 0.652689 0.733137 0.0604181 0.114003
0 0.81786 0.124388 0.0964989 0.0944845
0 0.655781 0.291883 0.0732329 0.109413
0 0.237994 0.761331 0.046306 0.116949
0 0.899761 0.207687 0.0554316 0.12427
0 0.751045 0.201969 0.0795468 0.121808
0 0.861376 0.27518 0.0528938 0.134161
0 0.859976 0.24137 0.0526848 0.0793859
