0 0.300391 0.125000 0.050781 0.147222
0 0.342578 0.095833 0.053906 0.125000
0 0.487500 0.312500 0.087500 0.100000
0 0.290625 0.451389 0.048438 0.113889
0 0.148828 0.236806 0.044531 0.101389
0 0.105469 0.236806 0.025000 0.076389
0 0.107031 0.195139 0.045312 0.048611
0 0.111719 0.416667 0.042188 0.113889
0 0.104688 0.518056 0.040625 0.102778
0 0.138281 0.562500 0.045312 0.097222
0 0.116797 0.647917 0.049219 0.079167
0 0.162109 0.690278 0.042969 0.072222
0 0.184375 0.781944 0.054688 0.077778
0 0.178125 0.840972 0.043750 0.070833
0 0.435937 0.732639 0.050000 0.131944
0 0.556250 0.599306 0.037500 0.137500
0 0.367188 0.598611 0.032813 0.119444
0 0.608203 0.596528 0.061719 0.126389
0 0.619531 0.653472 0.082812 0.076389
0 0.708203 0.706944 0.047656 0.125000
0 0.686719 0.803472 0.037500 0.109722
0 0.883984 0.729861 0.035156 0.073611
0 0.869922 0.781250 0.039844 0.051389
0 0.716797 0.320139 0.063281 0.070833
0 0.828125 0.250000 0.048438 0.075000
0 0.857031 0.156250 0.056250 0.079167
0 0.619922 0.126389 0.058594 0.072222
