0 0.158687 0.584962 0.0514383 0.0941337
0 0.675989 0.64906 0.0589564 0.137859
0 0.884089 0.643535 0.0669292 0.0797254
0 0.739459 0.540697 0.0694656 0.123773
0 0.844615 0.20768 0.0687695 0.0964694
0 0.840313 0.825428 0.0502277 0.11193
0 0.758961 0.762422 0.0559414 0.0902991
0 0.91338 0.3936 0.04144 0.124832
0 0.513137 0.43096 0.0667535 0.198991
0 0.238454 0.761865 0.0502639 0.120674
0 0.827296 0.731541 0.0763958 0.131409
0 0.683527 0.753204 0.0687651 0.111998
0 0.807926 0.566456 0.0522886 0.0948433
0 0.866101 0.307324 0.0627989 0.110706
0 0.852797 0.118349 0.0710943 0.107383
0 0.903509 0.522509 0.0544775 0.0946681
0 0.861002 0.520761 0.0741917 0.0870007
0 0.886422 0.446846 0.0569336 0.0883207
0 0.887446 0.540926 0.081039 0.126862
0 0.86696 0.545738 0.0830793 0.124349
