0 0.146094 0.581944 0.079687 0.088889
0 0.229297 0.270833 0.088281 0.108333
0 0.694141 0.190278 0.060156 0.161111
0 0.610938 0.624306 0.067187 0.131944
0 0.454688 0.344444 0.065625 0.166667
0 0.692969 0.104861 0.075000 0.151389
0 0.812109 0.681944 0.080469 0.127778
0 0.860156 0.252083 0.071875 0.137500
0 0.763672 0.443056 0.067969 0.163889
0 0.156250 0.241667 0.056250 0.186111
0 0.151172 0.106250 0.089844 0.098611
0 0.249219 0.527083 0.046875 0.109722
0 0.339062 0.549306 0.068750 0.179167
0 0.926562 0.206250 0.085938 0.118056
0 0.307422 0.040278 0.088281 0.077778
0 0.907813 0.790278 0.035937 0.111111
0 0.382422 0.165972 0.064844 0.095833
