0 0.55531 0.473178 0.0531952 0.153763
0 0.151132 0.591944 0.0580426 0.104195
0 0.42467 0.462848 0.0574745 0.139769
0 0.837539 0.823271 0.0422594 0.128555
0 0.502572 0.387921 0.106578 0.136575
0 0.808099 0.119973 0.0664745 0.114486
0 0.907518 0.50539 0.0379002 0.136706
0 0.731199 0.857664 0.0826099 0.108623
0 0.748998 0.764058 0.0411329 0.149074
0 0.839727 0.616293 0.0590279 0.12086
0 0.678442 0.327642 0.0481066 0.184015
0 0.892629 0.588772 0.0635139 0.106712
0 0.815022 0.313808 0.0479326 0.105687
0 0.240316 0.761691 0.0513445 0.123489
0 0.68522 0.753143 0.0664296 0.11133
0 0.792761 0.731011 0.0552084 0.133577
0 0.886794 0.667991 0.0464052 0.0943084
0 0.838918 0.705374 0.0494995 0.118402
0 0.783215 0.611827 0.0484032 0.0776663
0 0.728823 0.211697 0.0406044 0.152282
0 0.856263 0.197399 0.0447723 0.124345
