0 0.328516 0.713194 0.064844 0.081944
0 0.137891 0.823611 0.036719 0.097222
0 0.567969 0.374306 0.073438 0.073611
0 0.149609 0.234722 0.039844 0.127778
0 0.300781 0.387500 0.064062 0.100000
0 0.185938 0.288194 0.042188 0.154167
0 0.547266 0.729167 0.063281 0.086111
0 0.398828 0.269444 0.055469 0.150000
0 0.304297 0.583333 0.058594 0.141667
0 0.668359 0.075694 0.066406 0.079167
0 0.457422 0.636111 0.078906 0.091667
0 0.122656 0.570139 0.039062 0.101389
0 0.406250 0.834722 0.068750 0.097222
0 0.635547 0.389583 0.064844 0.084722
0 0.374219 0.093750 0.050000 0.087500
0 0.444141 0.806944 0.055469 0.086111
0 0.332813 0.479861 0.051562 0.140278
0 0.130469 0.648611 0.057813 0.075000
0 0.274609 0.632639 0.060156 0.095833
0 0.335156 0.149306 0.054688 0.129167
0 0.722656 0.070833 0.051562 0.038889
0 0.198437 0.187500 0.048438 0.116667
0 0.125391 0.490972 0.053906 0.070833
0 0.282031 0.936806 0.051562 0.115278
0 0.325000 0.076389 0.062500 0.061111
0 0.123438 0.268056 0.037500 0.105556
