0 0.632118 0.486917 0.0770765 0.13903
0 0.392458 0.0700631 0.0982483 0.10577
0 0.44303 0.432797 0.0625254 0.177527
0 0.86484 0.818693 0.0369759 0.124571
0 0.662378 0.544213 0.0982823 0.104526
0 0.474408 0.333663 0.0687899 0.0817124
0 0.791912 0.697429 0.0635347 0.0924795
0 0.576257 0.364039 0.0820469 0.0978425
0 0.482571 0.216465 0.0709904 0.142125
0 0.749343 0.849174 0.0861891 0.0996387
0 0.862684 0.242056 0.0679882 0.107256
0 0.327559 0.262492 0.0667977 0.104099
0 0.795606 0.836241 0.0420858 0.101368
0 0.825458 0.343169 0.0792084 0.103051
0 0.327976 0.174722 0.0537912 0.15433
0 0.862144 0.544678 0.0368439 0.145599
0 0.470012 0.112612 0.0902493 0.107171
0 0.240053 0.772925 0.0462146 0.134775
0 0.889069 0.569493 0.0408638 0.171758
