0 0.210938 0.432639 0.073438 0.109722
0 0.357812 0.444444 0.054688 0.169444
0 0.302344 0.427083 0.062500 0.184722
0 0.139063 0.356250 0.045312 0.126389
0 0.131641 0.501389 0.064844 0.116667
0 0.307812 0.280556 0.103125 0.113889
0 0.248828 0.339583 0.074219 0.093056
0 0.433594 0.292361 0.089063 0.104167
0 0.253125 0.109028 0.064062 0.148611
0 0.138281 0.225694 0.046875 0.129167
0 0.410547 0.067361 0.094531 0.129167
0 0.854688 0.388889 0.046875 0.125000
0 0.766016 0.503472 0.097656 0.104167
0 0.912109 0.800000 0.044531 0.069444
0 0.874609 0.688194 0.050781 0.087500
0 0.651172 0.070139 0.089844 0.090278
0 0.603125 0.743056 0.079687 0.086111
0 0.816016 0.672917 0.067969 0.087500
0 0.184375 0.072917 0.039062 0.115278
