0 0.621144 0.269286 0.0589881 0.155444
0 0.35565 0.188307 0.0623146 0.153201
0 0.523611 0.480429 0.0561007 0.142336
0 0.151426 0.557863 0.0619754 0.107272
0 0.540855 0.245585 0.0579228 0.13024
0 0.594395 0.453605 0.0510824 0.0845545
0 0.723205 0.268454 0.0725351 0.0996457
0 0.449322 0.730079 0.0756105 0.138408
0 0.629519 0.643364 0.0735161 0.124542
0 0.518343 0.328083 0.0577847 0.128042
0 0.848918 0.383316 0.0409792 0.132592
0 0.448995 0.109489 0.0847914 0.108392
0 0.87316 0.690834 0.0651619 0.104972
0 0.880275 0.418514 0.0554771 0.141345
0 0.832513 0.145643 0.049049 0.14437
0 0.661399 0.72734 0.0586193 0.130052
0 0.442693 0.348302 0.058536 0.106151
0 0.718729 0.699518 0.0556332 0.0876848
0 0.423998 0.186348 0.0756079 0.142398
0 0.787685 0.285965 0.0669254 0.110818
0 0.8905 0.276963 0.0359709 0.117439
