0 0.264844 0.770833 0.050000 0.097222
0 0.412891 0.102083 0.061719 0.076389
0 0.138672 0.795833 0.036719 0.119444
0 0.643359 0.441667 0.072656 0.091667
0 0.374609 0.924306 0.050781 0.095833
0 0.646875 0.584028 0.043750 0.126389
0 0.762109 0.832639 0.042969 0.090278
0 0.736328 0.929167 0.057031 0.083333
0 0.605078 0.581944 0.050781 0.144444
0 0.844922 0.389583 0.039844 0.065278
0 0.843750 0.306944 0.028125 0.113889
0 0.125781 0.571528 0.054688 0.048611
0 0.112891 0.854167 0.032031 0.083333
0 0.676172 0.743750 0.041406 0.120833
0 0.695703 0.137500 0.080469 0.069444
0 0.791016 0.461806 0.050781 0.143056
0 0.115234 0.621528 0.044531 0.101389
0 0.332422 0.923611 0.042969 0.086111
0 0.731641 0.388194 0.060156 0.062500
0 0.615234 0.307639 0.042969 0.137500
0 0.522656 0.643056 0.067187 0.061111
0 0.872656 0.285417 0.034375 0.095833
0 0.559375 0.407639 0.054688 0.129167
0 0.458984 0.754861 0.063281 0.112500
0 0.114453 0.530556 0.038281 0.052778
0 0.818359 0.327778 0.038281 0.080556
0 0.646875 0.705556 0.040625 0.127778
0 0.512109 0.400694 0.046094 0.093056
