0 0.407813 0.596528 0.070312 0.081944
0 0.172656 0.202083 0.060937 0.093056
0 0.275781 0.318056 0.053125 0.119444
0 0.673828 0.151389 0.046094 0.116667
0 0.542578 0.447222 0.060156 0.130556
0 0.517578 0.788194 0.057031 0.137500
0 0.133984 0.450000 0.050781 0.105556
0 0.361328 0.857639 0.077344 0.084722
0 0.119141 0.345833 0.053906 0.083333
0 0.638281 0.729861 0.075000 0.090278
0 0.582031 0.150000 0.062500 0.111111
0 0.247656 0.452083 0.059375 0.112500
0 0.656250 0.072917 0.073438 0.073611
0 0.131250 0.270139 0.060937 0.073611
0 0.718750 0.606944 0.057813 0.108333
0 0.233594 0.238889 0.060937 0.122222
0 0.123438 0.659028 0.050000 0.090278
0 0.461328 0.457639 0.067969 0.129167
0 0.158203 0.120139 0.041406 0.070833
0 0.130469 0.778472 0.051562 0.065278
0 0.462891 0.788889 0.053906 0.133333
0 0.303516 0.510417 0.057031 0.129167
0 0.418750 0.318750 0.043750 0.126389
0 0.115625 0.213194 0.037500 0.076389
0 0.364453 0.437500 0.030469 0.122222
0 0.625391 0.109722 0.047656 0.091667
