0 0.158767 0.590688 0.0446712 0.112908
0 0.553112 0.471497 0.0661249 0.142856
0 0.435571 0.451734 0.0639865 0.15339
0 0.838686 0.82356 0.0422619 0.124546
0 0.493645 0.393373 0.0925705 0.128384
0 0.855956 0.198982 0.0445637 0.126103
0 0.675809 0.322023 0.0528538 0.177519
0 0.740668 0.857879 0.0843403 0.132017
0 0.797504 0.116623 0.0799782 0.117533
0 0.894438 0.485262 0.0657433 0.156396
0 0.238156 0.7644 0.0542748 0.120168
0 0.750161 0.766012 0.0446625 0.139952
0 0.89404 0.593388 0.0631756 0.116197
0 0.844284 0.658306 0.0542667 0.166419
0 0.682073 0.75379 0.064336 0.115081
0 0.799087 0.716321 0.049696 0.107722
0 0.888104 0.670399 0.0469044 0.0892899
0 0.765776 0.765886 0.07048 0.123042
0 0.794065 0.620413 0.057356 0.0778119
