0 0.697656 0.949306 0.043750 0.101389
0 0.768359 0.917361 0.041406 0.076389
0 0.819922 0.912500 0.038281 0.075000
0 0.849609 0.903472 0.024219 0.073611
0 0.857031 0.835417 0.046875 0.073611
0 0.883594 0.828472 0.032813 0.056944
0 0.582422 0.759028 0.047656 0.109722
0 0.516016 0.709028 0.032031 0.093056
0 0.501953 0.646528 0.049219 0.048611
0 0.587500 0.595833 0.043750 0.108333
0 0.621094 0.602083 0.031250 0.095833
0 0.527734 0.490972 0.082031 0.056944
0 0.491016 0.411806 0.044531 0.101389
0 0.623828 0.411111 0.036719 0.111111
0 0.751563 0.425000 0.035937 0.097222
0 0.867188 0.470833 0.043750 0.119444
0 0.713672 0.306944 0.050781 0.108333
0 0.877344 0.322222 0.042188 0.102778
0 0.863281 0.207639 0.043750 0.095833
0 0.833203 0.147917 0.042969 0.081944
0 0.853125 0.082639 0.032813 0.059722
0 0.817187 0.081250 0.032813 0.070833
0 0.777344 0.070139 0.043750 0.062500
0 0.790234 0.147917 0.052344 0.073611
0 0.739062 0.164583 0.037500 0.087500
0 0.435156 0.171528 0.046875 0.112500
0 0.386719 0.749306 0.043750 0.109722
