0 0.366406 0.284028 0.089063 0.104167
0 0.742188 0.395139 0.071875 0.126389
0 0.559375 0.637500 0.065625 0.119444
0 0.695312 0.422222 0.073438 0.130556
0 0.540625 0.145139 0.079687 0.120833
0 0.383984 0.444444 0.071094 0.152778
0 0.588281 0.393750 0.078125 0.120833
0 0.607031 0.305556 0.089063 0.097222
0 0.616406 0.625694 0.075000 0.129167
0 0.672266 0.686806 0.049219 0.120833
0 0.837500 0.700694 0.039062 0.106944
0 0.833594 0.345833 0.056250 0.111111
0 0.837109 0.502778 0.055469 0.141667
0 0.791016 0.547917 0.058594 0.115278
0 0.824609 0.607639 0.069531 0.084722
0 0.445312 0.452083 0.092188 0.112500
0 0.432812 0.342361 0.093750 0.123611
0 0.454297 0.085417 0.088281 0.140278
