0 0.380926 0.887198 0.0477281 0.1344
0 0.634064 0.426974 0.0807488 0.0889702
0 0.299995 0.172637 0.0657629 0.116936
0 0.411496 0.102675 0.0794032 0.0951215
0 0.605924 0.562078 0.0703144 0.0776109
0 0.303238 0.701081 0.071512 0.0938947
0 0.519064 0.171515 0.0852026 0.123697
0 0.323158 0.608091 0.0794593 0.0963842
0 0.682475 0.70202 0.0545934 0.106318
0 0.412979 0.206414 0.0710104 0.105351
0 0.855962 0.756501 0.0501266 0.0910551
0 0.130829 0.518761 0.0770385 0.105642
0 0.255003 0.88021 0.0747148 0.087274
0 0.170021 0.620036 0.0490388 0.137642
0 0.381446 0.786312 0.0906152 0.089915
0 0.413158 0.719345 0.0920814 0.0938989
0 0.221812 0.141655 0.0768041 0.0830104
0 0.193907 0.339527 0.0533175 0.164772
0 0.215249 0.214594 0.0716512 0.0885112
0 0.152325 0.686519 0.0562889 0.118906
0 0.147282 0.352602 0.0596917 0.1148
0 0.172131 0.218291 0.0418406 0.100692
0 0.136605 0.221916 0.038087 0.0972435
0 0.876884 0.470181 0.0763458 0.097248
0 0.166655 0.286763 0.0605299 0.0724884
0 0.906472 0.468617 0.0330559 0.114725
0 0.25717 0.51729 0.049397 0.0947283
