0 0.654687 0.486806 0.050000 0.156944
0 0.477344 0.262500 0.075000 0.113889
0 0.531250 0.287500 0.051562 0.163889
0 0.360156 0.304167 0.060937 0.119444
0 0.365234 0.458333 0.049219 0.119444
0 0.830859 0.686111 0.075781 0.102778
0 0.558594 0.466667 0.067187 0.147222
0 0.330078 0.650000 0.052344 0.122222
0 0.398047 0.635417 0.075781 0.112500
0 0.723828 0.374306 0.067969 0.093056
0 0.891797 0.410417 0.042969 0.112500
0 0.155859 0.531250 0.071094 0.090278
0 0.363672 0.700694 0.075781 0.093056
0 0.871094 0.124306 0.056250 0.093056
0 0.898047 0.217361 0.060156 0.106944
0 0.367188 0.081250 0.096875 0.104167
0 0.784375 0.347222 0.062500 0.175000
0 0.337109 0.168750 0.069531 0.123611
0 0.845313 0.406250 0.067187 0.104167
0 0.852344 0.482639 0.067187 0.098611
