0 0.573222 0.456538 0.0538641 0.165919
0 0.83167 0.294183 0.0527596 0.15451
0 0.730221 0.448708 0.0665268 0.134126
0 0.330424 0.255798 0.0587571 0.170359
0 0.448404 0.113188 0.0735549 0.121115
0 0.473965 0.345623 0.0422814 0.146862
0 0.55275 0.30483 0.0994337 0.105165
0 0.408099 0.246465 0.0745436 0.127026
0 0.855538 0.351753 0.0820213 0.107314
0 0.804851 0.698992 0.0768436 0.0885752
0 0.741645 0.758269 0.0649709 0.0954441
0 0.879451 0.462375 0.0496986 0.0845103
0 0.72717 0.3325 0.0898513 0.120231
0 0.391489 0.396668 0.0928463 0.113153
0 0.843442 0.503364 0.0689529 0.106546
0 0.466273 0.465756 0.0853543 0.144586
0 0.475338 0.472013 0.0652313 0.127681
0 0.835328 0.61787 0.035939 0.124209
0 0.371966 0.308961 0.0904161 0.0968955
