0 0.563672 0.452778 0.060156 0.169444
0 0.766406 0.619444 0.042188 0.116667
0 0.738281 0.406944 0.100000 0.116667
0 0.535937 0.125694 0.095312 0.104167
0 0.442969 0.307639 0.062500 0.162500
0 0.727734 0.693056 0.057031 0.133333
0 0.354297 0.307639 0.071094 0.131944
0 0.807422 0.593056 0.044531 0.133333
0 0.678906 0.198611 0.087500 0.088889
0 0.879687 0.212500 0.056250 0.108333
0 0.476953 0.593056 0.077344 0.116667
0 0.392188 0.432639 0.093750 0.109722
0 0.709375 0.586111 0.087500 0.102778
0 0.865625 0.354167 0.059375 0.100000
0 0.824219 0.696528 0.064062 0.104167
0 0.415234 0.056944 0.102344 0.102778
0 0.384766 0.164583 0.094531 0.112500
0 0.245312 0.237500 0.035937 0.122222
