0 0.679297 0.315972 0.055469 0.148611
0 0.633594 0.307639 0.046875 0.145833
0 0.491016 0.379167 0.071094 0.144444
0 0.640625 0.630556 0.048438 0.130556
0 0.756641 0.758333 0.053906 0.155556
0 0.920703 0.708333 0.063281 0.075000
0 0.722656 0.518056 0.070312 0.180556
0 0.149219 0.586806 0.060937 0.090278
0 0.917969 0.569444 0.070312 0.102778
0 0.825000 0.467361 0.075000 0.104167
0 0.894531 0.466667 0.062500 0.122222
0 0.716406 0.690972 0.065625 0.112500
0 0.879297 0.747917 0.072656 0.131944
0 0.242188 0.770833 0.057813 0.133333
0 0.838281 0.313889 0.064062 0.152778
0 0.719922 0.847222 0.055469 0.080556
