0 0.132812 0.581944 0.060937 0.108333
0 0.287891 0.220833 0.096094 0.108333
0 0.698047 0.200000 0.078906 0.094444
0 0.324219 0.114583 0.051562 0.129167
0 0.541406 0.587500 0.089063 0.100000
0 0.609766 0.631250 0.060156 0.131944
0 0.379297 0.176389 0.069531 0.161111
0 0.698828 0.068056 0.071094 0.133333
0 0.807813 0.676389 0.073438 0.119444
0 0.857031 0.367361 0.054688 0.181944
0 0.750391 0.577778 0.066406 0.163889
0 0.216016 0.448611 0.060156 0.094444
0 0.238672 0.340278 0.086719 0.108333
0 0.715625 0.695833 0.054688 0.097222
0 0.162500 0.177778 0.053125 0.152778
0 0.218750 0.069444 0.085938 0.136111
