0 0.222445 0.262657 0.0786146 0.099389
0 0.617506 0.206423 0.0527055 0.155055
0 0.562423 0.518247 0.0574251 0.155461
0 0.380426 0.0666187 0.0627268 0.133237
0 0.353624 0.505055 0.0700027 0.135137
0 0.741208 0.539692 0.0597986 0.133683
0 0.173347 0.176965 0.0479575 0.135543
0 0.252337 0.0331026 0.0607597 0.0662052
0 0.663371 0.528664 0.0699863 0.146785
0 0.130006 0.190573 0.0435746 0.135944
0 0.262213 0.765519 0.0597438 0.0800744
0 0.459033 0.442556 0.0752704 0.0964439
0 0.286439 0.471301 0.0603952 0.12261
0 0.176794 0.348177 0.0444629 0.129406
0 0.328025 0.581917 0.0519072 0.164387
0 0.675174 0.356247 0.0893579 0.107941
0 0.871846 0.2173 0.0407894 0.107838
0 0.293309 0.0902244 0.0821532 0.108393
0 0.141682 0.632514 0.0529988 0.133453
0 0.41566 0.319006 0.0967272 0.104521
0 0.672499 0.34152 0.0836477 0.0777819
0 0.194099 0.675997 0.0573623 0.0900626
0 0.311715 0.0306476 0.0605872 0.0612952
