0 0.232031 0.455556 0.062500 0.094444
0 0.185156 0.245833 0.067187 0.119444
0 0.234766 0.295139 0.050781 0.098611
0 0.153125 0.369444 0.062500 0.097222
0 0.217578 0.177083 0.071094 0.095833
0 0.328906 0.245139 0.062500 0.151389
0 0.348438 0.086806 0.081250 0.087500
0 0.458594 0.265278 0.101562 0.094444
0 0.805859 0.630556 0.055469 0.105556
0 0.548438 0.291667 0.089063 0.152778
0 0.320703 0.561111 0.046094 0.166667
0 0.346875 0.561111 0.068750 0.086111
0 0.534766 0.703472 0.057031 0.126389
0 0.510547 0.607639 0.047656 0.120833
0 0.878125 0.694444 0.048438 0.105556
0 0.380859 0.445139 0.074219 0.129167
0 0.618359 0.121528 0.083594 0.123611
0 0.817969 0.254167 0.065625 0.091667
0 0.855078 0.295833 0.049219 0.175000
0 0.879297 0.188194 0.063281 0.101389
0 0.398828 0.333333 0.061719 0.158333
0 0.558594 0.075000 0.059375 0.133333
0 0.748047 0.170833 0.052344 0.108333
