0 0.803125 0.127778 0.045312 0.125000
0 0.475391 0.484722 0.092969 0.111111
0 0.528906 0.593750 0.062500 0.143056
0 0.159766 0.584028 0.047656 0.109722
0 0.825391 0.702083 0.050781 0.109722
0 0.412891 0.465278 0.055469 0.152778
0 0.823438 0.830556 0.048438 0.111111
0 0.417187 0.358333 0.082812 0.111111
0 0.888281 0.470139 0.070312 0.090278
0 0.726953 0.750694 0.042969 0.156944
0 0.788281 0.733333 0.045312 0.116667
0 0.795312 0.619444 0.051562 0.100000
0 0.241406 0.765972 0.056250 0.123611
0 0.433203 0.067361 0.085156 0.129167
0 0.887109 0.761806 0.050781 0.084722
0 0.507422 0.393750 0.071094 0.129167
0 0.685156 0.764583 0.065625 0.129167
0 0.883984 0.584722 0.067969 0.097222
0 0.842969 0.128472 0.034375 0.126389
0 0.887500 0.668750 0.048438 0.101389
0 0.898438 0.518750 0.070312 0.062500
