0 0.155859 0.436806 0.061719 0.123611
0 0.701953 0.136806 0.049219 0.173611
0 0.295703 0.393750 0.064844 0.193056
0 0.155469 0.211806 0.090625 0.098611
0 0.130469 0.370139 0.039062 0.137500
0 0.201563 0.313194 0.065625 0.170833
0 0.224609 0.413889 0.050781 0.133333
0 0.530469 0.095139 0.070312 0.165278
0 0.860156 0.408333 0.062500 0.119444
0 0.818359 0.204861 0.080469 0.098611
0 0.855469 0.604861 0.059375 0.095833
0 0.650781 0.111111 0.048438 0.175000
0 0.605078 0.759028 0.069531 0.118056
0 0.876172 0.636111 0.069531 0.105556
0 0.602734 0.067361 0.092969 0.109722
0 0.357031 0.196528 0.104688 0.118056
0 0.269531 0.135417 0.073438 0.126389
0 0.154297 0.317361 0.042969 0.120833
0 0.839844 0.518750 0.076563 0.076389
0 0.857422 0.602778 0.055469 0.088889
