0 0.643359 0.484028 0.049219 0.154167
0 0.366797 0.493750 0.052344 0.118056
0 0.331250 0.656250 0.051562 0.143056
0 0.474219 0.263194 0.081250 0.112500
0 0.559766 0.100694 0.094531 0.112500
0 0.358203 0.301389 0.060156 0.125000
0 0.154688 0.526389 0.073438 0.094444
0 0.891406 0.407639 0.042188 0.109722
0 0.721094 0.375000 0.060937 0.088889
0 0.532031 0.295833 0.051562 0.147222
0 0.768359 0.361111 0.047656 0.163889
0 0.408984 0.615278 0.086719 0.127778
0 0.871875 0.125694 0.054688 0.093056
0 0.823438 0.690972 0.082812 0.112500
0 0.903906 0.216667 0.075000 0.088889
0 0.364063 0.719444 0.071875 0.116667
0 0.836328 0.490278 0.071094 0.086111
0 0.862500 0.350000 0.057813 0.086111
0 0.868359 0.560417 0.060156 0.115278
0 0.339062 0.154861 0.064062 0.148611
0 0.841016 0.410417 0.060156 0.098611
0 0.805469 0.327083 0.051562 0.120833
