0 0.409375 0.595139 0.071875 0.084722
0 0.169531 0.213889 0.068750 0.094444
0 0.171875 0.462500 0.048438 0.105556
0 0.675391 0.136806 0.044531 0.118056
0 0.539453 0.457639 0.053906 0.126389
0 0.516797 0.797222 0.064844 0.108333
0 0.205078 0.332639 0.053906 0.084722
0 0.361328 0.855556 0.078906 0.088889
0 0.120703 0.354167 0.047656 0.069444
0 0.167578 0.629167 0.052344 0.111111
0 0.610156 0.201389 0.060937 0.125000
0 0.282813 0.580556 0.070312 0.088889
0 0.663672 0.072222 0.069531 0.075000
0 0.117188 0.289583 0.054688 0.068056
0 0.858594 0.835417 0.050000 0.087500
0 0.144141 0.408333 0.057031 0.083333
0 0.457422 0.454861 0.064844 0.143056
0 0.157031 0.119444 0.045312 0.072222
0 0.128906 0.770833 0.054688 0.072222
0 0.457813 0.792361 0.045312 0.123611
0 0.315234 0.495833 0.052344 0.122222
0 0.431250 0.316667 0.048438 0.111111
0 0.116406 0.220139 0.037500 0.081944
0 0.364453 0.447917 0.036719 0.131944
0 0.621875 0.111111 0.053125 0.061111
0 0.247266 0.255556 0.052344 0.127778
