0 0.378915 0.442994 0.0690531 0.125424
0 0.34391 0.569376 0.0539703 0.148756
0 0.536765 0.234768 0.0593611 0.153581
0 0.61604 0.249974 0.049931 0.14756
0 0.415016 0.0895783 0.0716521 0.105108
0 0.458923 0.728767 0.0639174 0.129309
0 0.227045 0.271263 0.0457076 0.139158
0 0.880641 0.682969 0.0696167 0.0958751
0 0.357053 0.673523 0.0737131 0.105457
0 0.356658 0.155573 0.0574748 0.15989
0 0.873785 0.389645 0.0572998 0.121295
0 0.835343 0.758001 0.0454445 0.107457
0 0.33005 0.228753 0.0716364 0.100555
0 0.572193 0.117962 0.082774 0.109795
0 0.660272 0.186816 0.0878965 0.0932255
0 0.44738 0.83458 0.0552672 0.0865197
0 0.511275 0.435342 0.0901487 0.128924
0 0.607463 0.823443 0.0825696 0.111003
0 0.766433 0.751335 0.0741236 0.0963501
0 0.526598 0.659131 0.0494287 0.114922
0 0.60014 0.461938 0.0982476 0.112746
0 0.876712 0.771734 0.0465508 0.0691603
