0 0.409375 0.458333 0.054688 0.147222
0 0.463281 0.478472 0.076563 0.120833
0 0.160547 0.584028 0.046094 0.104167
0 0.801172 0.126389 0.047656 0.130556
0 0.779297 0.774306 0.044531 0.126389
0 0.480469 0.602083 0.053125 0.151389
0 0.752734 0.475694 0.077344 0.084722
0 0.754687 0.629167 0.065625 0.111111
0 0.823047 0.824306 0.052344 0.104167
0 0.242578 0.761111 0.057031 0.122222
0 0.893359 0.480556 0.066406 0.122222
0 0.683594 0.759722 0.060937 0.125000
0 0.637891 0.202083 0.078906 0.143056
0 0.726172 0.757639 0.042969 0.148611
0 0.812891 0.738889 0.046094 0.138889
0 0.890234 0.664583 0.042969 0.101389
0 0.822266 0.726389 0.061719 0.122222
0 0.860156 0.572222 0.092188 0.094444
0 0.444922 0.113889 0.094531 0.105556
0 0.832812 0.709722 0.050000 0.097222
