0 0.297266 0.139583 0.050781 0.118056
0 0.340234 0.095833 0.050781 0.122222
0 0.489453 0.312500 0.082031 0.097222
0 0.292187 0.448611 0.053125 0.122222
0 0.141406 0.267361 0.054688 0.101389
0 0.102344 0.242361 0.037500 0.065278
0 0.108984 0.193750 0.041406 0.045833
0 0.123438 0.466667 0.045312 0.094444
0 0.111328 0.587500 0.033594 0.108333
0 0.163281 0.532639 0.050000 0.095833
0 0.120313 0.640278 0.056250 0.072222
0 0.165625 0.686111 0.051562 0.075000
0 0.178516 0.763889 0.058594 0.083333
0 0.350781 0.576389 0.070312 0.086111
0 0.438672 0.740278 0.049219 0.122222
0 0.481641 0.756944 0.044531 0.136111
0 0.542969 0.668056 0.067187 0.091667
0 0.602344 0.606250 0.059375 0.118056
0 0.618750 0.659722 0.079687 0.088889
0 0.705469 0.709028 0.043750 0.123611
0 0.686328 0.792361 0.041406 0.098611
0 0.882422 0.725694 0.032031 0.081944
0 0.869141 0.786111 0.041406 0.061111
0 0.718750 0.314583 0.067187 0.081944
0 0.630469 0.391667 0.056250 0.105556
0 0.860156 0.149306 0.051562 0.090278
0 0.606250 0.120833 0.057813 0.069444
