0 0.730078 0.536806 0.049219 0.154167
0 0.457031 0.602778 0.053125 0.141667
0 0.595313 0.474306 0.051562 0.134722
0 0.687109 0.379861 0.057031 0.187500
0 0.611328 0.648611 0.067969 0.130556
0 0.575000 0.343750 0.098437 0.140278
0 0.748437 0.668056 0.087500 0.111111
0 0.456641 0.092361 0.085156 0.112500
0 0.539453 0.500000 0.085156 0.105556
0 0.764844 0.568750 0.048438 0.115278
0 0.797266 0.683333 0.035156 0.116667
0 0.439063 0.350694 0.065625 0.145833
0 0.826172 0.711111 0.049219 0.133333
0 0.874609 0.150694 0.058594 0.101389
0 0.753125 0.372222 0.056250 0.158333
0 0.739453 0.235417 0.072656 0.090278
0 0.338672 0.114583 0.060156 0.148611
0 0.821875 0.510417 0.065625 0.123611
0 0.241016 0.238889 0.038281 0.125000
