0 0.463672 0.310417 0.071094 0.190278
0 0.257812 0.086111 0.060937 0.169444
0 0.153906 0.248611 0.067187 0.111111
0 0.303516 0.311806 0.117969 0.104167
0 0.520703 0.279167 0.057031 0.169444
0 0.255078 0.253472 0.066406 0.112500
0 0.877344 0.404167 0.048438 0.144444
0 0.760156 0.377778 0.045312 0.155556
0 0.600000 0.747917 0.082812 0.098611
0 0.804297 0.687500 0.067969 0.102778
0 0.669922 0.259722 0.055469 0.172222
0 0.153125 0.160417 0.057813 0.081944
0 0.492969 0.147917 0.112500 0.098611
0 0.877734 0.627083 0.061719 0.090278
0 0.322266 0.406250 0.092969 0.101389
0 0.457813 0.606944 0.065625 0.161111
0 0.430859 0.201389 0.107031 0.116667
0 0.780078 0.771528 0.064844 0.081944
0 0.212891 0.231250 0.053906 0.181944
