0 0.554297 0.255556 0.050781 0.125000
0 0.344531 0.080556 0.093750 0.111111
0 0.519531 0.100694 0.059375 0.148611
0 0.365625 0.673611 0.060937 0.144444
0 0.492969 0.236111 0.082812 0.125000
0 0.376953 0.450694 0.057031 0.109722
0 0.472656 0.711111 0.062500 0.141667
0 0.683984 0.694444 0.055469 0.152778
0 0.623437 0.674306 0.057813 0.131944
0 0.728125 0.377083 0.073438 0.112500
0 0.836719 0.506944 0.060937 0.119444
0 0.893750 0.508333 0.059375 0.094444
0 0.828516 0.779861 0.066406 0.079167
0 0.828125 0.687500 0.073438 0.097222
0 0.155469 0.505556 0.081250 0.083333
0 0.840625 0.608333 0.065625 0.091667
0 0.892188 0.209028 0.039062 0.109722
0 0.858984 0.404167 0.071094 0.100000
0 0.843750 0.377778 0.071875 0.119444
