0 0.462109 0.307639 0.055469 0.184722
0 0.285938 0.281944 0.089063 0.083333
0 0.169922 0.221528 0.060156 0.137500
0 0.136719 0.258333 0.051562 0.155556
0 0.831250 0.195833 0.067187 0.108333
0 0.853516 0.404861 0.066406 0.084722
0 0.524219 0.620833 0.056250 0.194444
0 0.232031 0.191667 0.071875 0.080556
0 0.262500 0.059028 0.085938 0.115278
0 0.871094 0.256944 0.053125 0.122222
0 0.625000 0.637500 0.087500 0.102778
0 0.774219 0.771528 0.065625 0.087500
0 0.176953 0.056250 0.094531 0.109722
0 0.233203 0.115278 0.058594 0.147222
0 0.510938 0.300000 0.067187 0.155556
0 0.224609 0.425694 0.060156 0.190278
0 0.602344 0.734722 0.048438 0.116667
0 0.346094 0.464583 0.090625 0.131944
0 0.769922 0.410417 0.066406 0.154167
