0 0.123047 0.693056 0.044531 0.058333
0 0.478906 0.598611 0.045312 0.105556
0 0.269141 0.481944 0.053906 0.086111
0 0.236328 0.520833 0.047656 0.072222
0 0.128906 0.568056 0.056250 0.077778
0 0.133984 0.745833 0.057031 0.080556
0 0.619531 0.715278 0.046875 0.116667
0 0.403516 0.620139 0.039844 0.112500
0 0.885938 0.682639 0.046875 0.068056
0 0.894531 0.131250 0.021875 0.076389
0 0.507422 0.650000 0.074219 0.083333
0 0.833984 0.075694 0.017969 0.043056
0 0.355469 0.666667 0.065625 0.100000
0 0.888281 0.741667 0.045312 0.063889
0 0.893750 0.334722 0.039062 0.091667
0 0.880859 0.381250 0.039844 0.109722
0 0.863281 0.256250 0.039062 0.098611
0 0.925000 0.753472 0.048438 0.062500
0 0.892969 0.254861 0.035937 0.090278
0 0.818359 0.150000 0.042969 0.061111
0 0.814453 0.080556 0.046094 0.086111
0 0.744531 0.641667 0.057813 0.055556
0 0.866797 0.079167 0.039844 0.069444
0 0.749609 0.122222 0.060156 0.077778
0 0.119922 0.646528 0.046094 0.056944
0 0.512891 0.316667 0.061719 0.080556
0 0.851562 0.111111 0.039062 0.100000
0 0.872266 0.133333 0.028906 0.066667
