0 0.453936 0.328795 0.0669504 0.15257
0 0.347263 0.30888 0.0841305 0.114548
0 0.590599 0.567686 0.0776375 0.110927
0 0.40176 0.584758 0.053056 0.145853
0 0.683563 0.62285 0.0617102 0.1455
0 0.698671 0.380038 0.059007 0.132074
0 0.472903 0.466859 0.0642628 0.126927
0 0.618844 0.491059 0.0400867 0.115255
0 0.488188 0.5795 0.0644877 0.113872
0 0.558092 0.463089 0.0611069 0.130013
0 0.528314 0.090984 0.0769355 0.11205
0 0.731795 0.484026 0.0679602 0.107372
0 0.864722 0.351604 0.0818478 0.110999
0 0.695296 0.208975 0.0568401 0.107992
0 0.780625 0.722311 0.0570997 0.0969327
0 0.496165 0.698328 0.0642113 0.136625
0 0.536659 0.567221 0.075279 0.129749
0 0.839638 0.728364 0.0553108 0.0947713
0 0.432379 0.181939 0.0827673 0.118283
0 0.787177 0.607155 0.0717307 0.0863191
