0 0.252151 0.283543 0.074013 0.0929042
0 0.33998 0.688237 0.0566839 0.117726
0 0.132919 0.198974 0.0441757 0.12693
0 0.403188 0.485196 0.0855988 0.0937633
0 0.335168 0.36403 0.0562437 0.160453
0 0.571789 0.486328 0.072681 0.128233
0 0.251049 0.511138 0.0902316 0.103033
0 0.268028 0.107228 0.0766459 0.0926782
0 0.730412 0.257242 0.0718021 0.0964212
0 0.567908 0.671291 0.0596891 0.159757
0 0.150505 0.378491 0.0472042 0.129512
0 0.573732 0.340133 0.073136 0.107861
0 0.409966 0.59558 0.0518182 0.142426
0 0.313405 0.167565 0.0812974 0.109274
0 0.20937 0.0768607 0.0491389 0.146899
0 0.830486 0.482569 0.0653091 0.0813419
0 0.172807 0.704752 0.0753693 0.0933801
0 0.297274 0.601403 0.0486256 0.116113
0 0.649508 0.403298 0.0576908 0.155216
0 0.171266 0.605166 0.0499118 0.0982151
0 0.244662 0.0323031 0.0670643 0.0646061
0 0.322575 0.0436946 0.0743284 0.0873892
0 0.136844 0.119188 0.0521749 0.0589125
0 0.135898 0.673212 0.043288 0.105639
