0 0.526957 0.4758 0.0606729 0.151178
0 0.621194 0.270771 0.0619527 0.142221
0 0.409743 0.0762141 0.0850727 0.102473
0 0.356499 0.191664 0.0636826 0.156262
0 0.153696 0.561916 0.0597092 0.115362
0 0.592414 0.44753 0.0546084 0.0852867
0 0.539714 0.241652 0.0591346 0.139637
0 0.465384 0.163461 0.0975331 0.11618
0 0.722759 0.270968 0.0695613 0.0946985
0 0.629148 0.650641 0.0745824 0.119231
0 0.828988 0.142708 0.0550468 0.147496
0 0.664186 0.738378 0.0524376 0.119107
0 0.450302 0.725023 0.0734325 0.128848
0 0.517879 0.327943 0.0570648 0.125957
0 0.846707 0.381673 0.0467804 0.135176
0 0.873284 0.69163 0.0643082 0.105046
0 0.44486 0.345771 0.0553865 0.107129
0 0.719754 0.695539 0.0567677 0.0872226
0 0.787549 0.286303 0.0673134 0.110858
0 0.87931 0.412552 0.0507761 0.153017
