0 0.227734 0.200000 0.058594 0.163889
0 0.821484 0.713889 0.067969 0.091667
0 0.176172 0.311111 0.046094 0.152778
0 0.270703 0.518750 0.088281 0.104167
0 0.275391 0.110417 0.082031 0.098611
0 0.525000 0.711806 0.054688 0.129167
0 0.600391 0.229167 0.053906 0.152778
0 0.207813 0.467361 0.053125 0.137500
0 0.346484 0.688889 0.055469 0.144444
0 0.410938 0.720139 0.082812 0.120833
0 0.223828 0.689583 0.061719 0.106944
0 0.229687 0.596528 0.090625 0.112500
0 0.492578 0.454167 0.074219 0.080556
0 0.496484 0.556944 0.105469 0.116667
0 0.225000 0.344444 0.060937 0.130556
0 0.137891 0.235417 0.042969 0.076389
0 0.388281 0.593750 0.060937 0.095833
0 0.127344 0.302083 0.054688 0.106944
0 0.555859 0.284028 0.077344 0.154167
0 0.742188 0.659722 0.078125 0.094444
0 0.285547 0.188194 0.058594 0.109722
0 0.754297 0.404167 0.091406 0.133333
0 0.816406 0.602083 0.071875 0.079167
0 0.657031 0.363889 0.076563 0.113889
0 0.824219 0.806944 0.062500 0.111111
0 0.875781 0.754167 0.051562 0.111111
