0 0.555469 0.263889 0.062500 0.169444
0 0.391406 0.618056 0.060937 0.138889
0 0.712109 0.265278 0.047656 0.138889
0 0.462500 0.713194 0.068750 0.129167
0 0.666016 0.618056 0.053906 0.150000
0 0.482422 0.284722 0.058594 0.147222
0 0.829688 0.686111 0.071875 0.105556
0 0.508594 0.412500 0.082812 0.113889
0 0.329297 0.635417 0.055469 0.123611
0 0.360938 0.283333 0.046875 0.144444
0 0.358984 0.070833 0.080469 0.119444
0 0.771484 0.315972 0.061719 0.159722
0 0.832031 0.370833 0.051562 0.116667
0 0.348438 0.462500 0.078125 0.094444
0 0.155469 0.529861 0.060937 0.104167
0 0.329297 0.727083 0.063281 0.093056
0 0.328125 0.198611 0.060937 0.141667
0 0.470313 0.133333 0.070312 0.108333
0 0.807422 0.784722 0.057031 0.069444
0 0.865625 0.505556 0.073438 0.116667
0 0.855078 0.328472 0.052344 0.112500
0 0.857422 0.440278 0.058594 0.100000
