0 0.430231 0.45399 0.054987 0.152125
0 0.500336 0.390865 0.101219 0.137584
0 0.152213 0.590098 0.0576641 0.102734
0 0.835286 0.825854 0.0479946 0.122488
0 0.690885 0.306292 0.0640297 0.115563
0 0.564348 0.613099 0.0824219 0.0973472
0 0.810116 0.131811 0.0614818 0.123721
0 0.842785 0.621547 0.046151 0.13318
0 0.786765 0.719943 0.0653084 0.159656
0 0.90722 0.504634 0.0371136 0.120185
0 0.241699 0.762131 0.0535779 0.12299
0 0.681379 0.754767 0.055518 0.119632
0 0.522886 0.276468 0.0708239 0.093417
0 0.839878 0.699384 0.0473892 0.126086
0 0.742106 0.0994687 0.0775784 0.102667
0 0.892825 0.585469 0.0593693 0.0999037
0 0.68236 0.183813 0.0560953 0.136475
0 0.888323 0.667899 0.0458061 0.0929972
0 0.725515 0.757565 0.0407543 0.136719
0 0.244111 0.065097 0.0533969 0.0953479
0 0.857871 0.196345 0.0430019 0.12134
