0 0.412109 0.459028 0.053906 0.145833
0 0.159766 0.584028 0.047656 0.109722
0 0.662891 0.435417 0.047656 0.106944
0 0.516797 0.588889 0.074219 0.130556
0 0.477734 0.461111 0.086719 0.097222
0 0.725391 0.756944 0.039844 0.150000
0 0.824219 0.825694 0.046875 0.106944
0 0.683594 0.755556 0.057813 0.122222
0 0.805469 0.129861 0.046875 0.120833
0 0.888672 0.443056 0.049219 0.133333
0 0.242188 0.762500 0.056250 0.122222
0 0.341406 0.154167 0.076563 0.111111
0 0.824219 0.688889 0.048438 0.113889
0 0.885156 0.580556 0.067187 0.094444
0 0.865625 0.692361 0.042188 0.112500
0 0.792188 0.784028 0.053125 0.143056
0 0.889062 0.754861 0.051562 0.081944
0 0.905078 0.509028 0.058594 0.081944
0 0.742188 0.661806 0.056250 0.081944
0 0.891016 0.661806 0.044531 0.095833
0 0.841797 0.131250 0.036719 0.123611
