0 0.18127 0.332944 0.0462109 0.132492
0 0.429855 0.501553 0.0636907 0.107704
0 0.585959 0.659123 0.0895223 0.104153
0 0.675886 0.380445 0.0628345 0.140951
0 0.380566 0.283379 0.0610758 0.140875
0 0.665826 0.517975 0.0630033 0.132852
0 0.683698 0.218018 0.0630248 0.14151
0 0.246914 0.0719095 0.0588988 0.143819
0 0.162681 0.601205 0.0699331 0.0946188
0 0.303224 0.460914 0.0787238 0.0951036
0 0.365278 0.496443 0.0727701 0.116119
0 0.18662 0.152781 0.0716017 0.110691
0 0.236341 0.651513 0.0507048 0.13686
0 0.256386 0.273257 0.0676553 0.0918342
0 0.170397 0.685462 0.0706319 0.0913896
0 0.359544 0.587875 0.069617 0.0713272
0 0.742494 0.396598 0.0742737 0.110949
0 0.136755 0.300817 0.049615 0.138285
0 0.829533 0.241966 0.0455473 0.119909
0 0.206884 0.258954 0.0546827 0.142348
0 0.135634 0.708316 0.0353873 0.128727
0 0.321327 0.0460562 0.0661776 0.0921125
