0 0.583594 0.736806 0.078125 0.093056
0 0.239844 0.188194 0.070312 0.104167
0 0.478125 0.104861 0.079687 0.087500
0 0.505859 0.781944 0.050781 0.116667
0 0.385937 0.715972 0.062500 0.101389
0 0.432422 0.273611 0.078906 0.111111
0 0.436719 0.797222 0.071875 0.097222
0 0.144531 0.897917 0.050000 0.104167
0 0.421484 0.873611 0.072656 0.080556
0 0.116797 0.418056 0.041406 0.097222
0 0.566016 0.376389 0.083594 0.102778
0 0.159375 0.352083 0.040625 0.145833
0 0.256250 0.427083 0.064062 0.095833
0 0.665234 0.090972 0.047656 0.106944
0 0.634766 0.116667 0.046094 0.102778
0 0.141797 0.212500 0.053906 0.083333
0 0.170313 0.132639 0.048438 0.118056
0 0.128125 0.555556 0.056250 0.077778
0 0.873047 0.375000 0.050781 0.097222
0 0.200391 0.385417 0.057031 0.137500
0 0.188672 0.659722 0.046094 0.147222
0 0.350000 0.473611 0.076563 0.105556
0 0.310547 0.597222 0.069531 0.061111
0 0.125000 0.476389 0.056250 0.077778
