0 0.395313 0.644444 0.087500 0.136111
0 0.587500 0.245833 0.056250 0.152778
0 0.623047 0.639583 0.078906 0.098611
0 0.566406 0.690278 0.092188 0.097222
0 0.376172 0.427083 0.058594 0.148611
0 0.239453 0.358333 0.064844 0.088889
0 0.337500 0.593056 0.051562 0.125000
0 0.829297 0.770139 0.055469 0.131944
0 0.362109 0.244444 0.078906 0.119444
0 0.835156 0.496528 0.065625 0.115278
0 0.748437 0.463194 0.084375 0.106944
0 0.224609 0.600000 0.052344 0.100000
0 0.365234 0.527778 0.064844 0.108333
0 0.471484 0.444444 0.064844 0.138889
0 0.896094 0.617361 0.051562 0.104167
0 0.633984 0.360417 0.092969 0.118056
0 0.420703 0.738194 0.077344 0.084722
0 0.667188 0.623611 0.078125 0.091667
0 0.587891 0.485417 0.049219 0.115278
0 0.840234 0.636806 0.055469 0.156944
0 0.673828 0.113889 0.072656 0.102778
0 0.809766 0.323611 0.064844 0.086111
0 0.896094 0.318056 0.050000 0.108333
