0 0.124219 0.648611 0.034375 0.094444
0 0.154688 0.648611 0.050000 0.075000
0 0.526953 0.452083 0.072656 0.065278
0 0.421484 0.935417 0.046094 0.081944
0 0.384375 0.917361 0.048438 0.101389
0 0.801172 0.912500 0.036719 0.097222
0 0.655078 0.649306 0.074219 0.081944
0 0.460938 0.933333 0.065625 0.077778
0 0.644141 0.769444 0.055469 0.100000
0 0.814844 0.254861 0.043750 0.123611
0 0.502734 0.656250 0.061719 0.079167
0 0.811719 0.834722 0.028125 0.080556
0 0.850781 0.812500 0.046875 0.061111
0 0.597656 0.655556 0.056250 0.058333
0 0.845703 0.159722 0.050781 0.066667
0 0.853516 0.110417 0.047656 0.065278
0 0.442578 0.371528 0.055469 0.081944
0 0.838281 0.313889 0.037500 0.122222
0 0.620313 0.573611 0.042188 0.136111
0 0.876172 0.206944 0.041406 0.105556
0 0.528125 0.375694 0.075000 0.081944
0 0.507031 0.074306 0.048438 0.101389
0 0.557813 0.066667 0.060937 0.086111
0 0.616406 0.074306 0.064062 0.081944
0 0.675000 0.172917 0.045312 0.123611
0 0.835547 0.909722 0.038281 0.063889
0 0.883984 0.129167 0.032031 0.094444
0 0.364063 0.090278 0.053125 0.055556
