0 0.289844 0.340278 0.084375 0.100000
0 0.392969 0.229861 0.060937 0.115278
0 0.348438 0.136806 0.053125 0.115278
0 0.567969 0.433333 0.078125 0.119444
0 0.396484 0.955556 0.074219 0.088889
0 0.863281 0.627778 0.054688 0.113889
0 0.656641 0.091667 0.082031 0.080556
0 0.598047 0.111111 0.064844 0.077778
0 0.434375 0.450000 0.048438 0.133333
0 0.839844 0.365278 0.048438 0.138889
0 0.134766 0.661806 0.044531 0.109722
0 0.437109 0.309722 0.052344 0.077778
0 0.162109 0.129167 0.036719 0.088889
0 0.148047 0.770139 0.055469 0.120833
0 0.228125 0.804167 0.045312 0.102778
0 0.454297 0.651389 0.060156 0.136111
0 0.129297 0.477778 0.050781 0.069444
0 0.134375 0.411111 0.064062 0.077778
0 0.728906 0.871528 0.071875 0.095833
0 0.248047 0.632639 0.049219 0.123611
0 0.217578 0.306944 0.042969 0.113889
0 0.598828 0.197222 0.067969 0.108333
0 0.280078 0.513889 0.080469 0.122222
0 0.286719 0.788194 0.048438 0.109722
0 0.531641 0.668056 0.066406 0.100000
0 0.193750 0.659028 0.043750 0.093056
