0 0.144141 0.240278 0.042969 0.100000
0 0.126172 0.332639 0.050781 0.073611
0 0.113672 0.422917 0.039844 0.134722
0 0.155859 0.475000 0.057031 0.086111
0 0.123828 0.628472 0.046094 0.048611
0 0.127734 0.673611 0.038281 0.050000
0 0.146094 0.771528 0.037500 0.084722
0 0.381641 0.927083 0.047656 0.079167
0 0.505469 0.588889 0.042188 0.108333
0 0.541797 0.659028 0.058594 0.054167
0 0.579688 0.593056 0.048438 0.100000
0 0.603906 0.699306 0.035937 0.115278
0 0.668359 0.648611 0.050781 0.052778
0 0.667969 0.597917 0.045312 0.087500
0 0.701562 0.683333 0.028125 0.097222
0 0.737500 0.646528 0.042188 0.059722
0 0.800781 0.702083 0.034375 0.120833
0 0.801562 0.909028 0.029687 0.081944
0 0.876953 0.827778 0.050781 0.061111
0 0.794531 0.572917 0.057813 0.106944
0 0.873047 0.325694 0.044531 0.076389
0 0.613281 0.270139 0.051562 0.115278
0 0.706250 0.097917 0.065625 0.084722
0 0.742188 0.070833 0.037500 0.094444
0 0.798047 0.072222 0.035156 0.083333
0 0.827344 0.106250 0.034375 0.079167
0 0.848047 0.065972 0.036719 0.065278
0 0.861719 0.107639 0.028125 0.093056
