0 0.242578 0.096528 0.064844 0.081944
0 0.115234 0.588194 0.035156 0.095833
0 0.133203 0.798611 0.032031 0.119444
0 0.155469 0.840972 0.035937 0.087500
0 0.677734 0.402083 0.042969 0.123611
0 0.099609 0.395139 0.039844 0.090278
0 0.408594 0.556250 0.073438 0.093056
0 0.424219 0.379167 0.048438 0.150000
0 0.641406 0.861806 0.034375 0.101389
0 0.706641 0.766667 0.046094 0.097222
0 0.600781 0.105556 0.048438 0.113889
0 0.865234 0.536806 0.027344 0.104167
0 0.853906 0.579861 0.046875 0.079167
0 0.639062 0.654167 0.071875 0.063889
0 0.337109 0.595833 0.038281 0.105556
0 0.554297 0.744444 0.049219 0.105556
0 0.655469 0.106944 0.060937 0.052778
0 0.537891 0.098611 0.047656 0.133333
0 0.393359 0.740972 0.046094 0.098611
0 0.675391 0.162500 0.074219 0.086111
0 0.373828 0.068750 0.049219 0.087500
0 0.106641 0.195833 0.042969 0.061111
0 0.525000 0.565972 0.065625 0.115278
0 0.161719 0.180556 0.037500 0.108333
0 0.193750 0.139583 0.043750 0.118056
0 0.313281 0.497222 0.075000 0.083333
0 0.122266 0.254861 0.039844 0.079167
0 0.665234 0.825000 0.032031 0.094444
