0 0.132812 0.581250 0.062500 0.106944
0 0.261328 0.185417 0.089844 0.109722
0 0.201172 0.052778 0.057031 0.102778
0 0.478906 0.393750 0.048438 0.159722
0 0.325000 0.394444 0.057813 0.111111
0 0.541016 0.586806 0.088281 0.106944
0 0.611328 0.628472 0.060156 0.131944
0 0.434766 0.214583 0.108594 0.120833
0 0.691406 0.102778 0.087500 0.111111
0 0.805078 0.682639 0.067969 0.123611
0 0.856641 0.358333 0.052344 0.177778
0 0.749609 0.579167 0.066406 0.161111
0 0.242188 0.475694 0.060937 0.118056
0 0.242188 0.344444 0.089063 0.111111
0 0.341797 0.040972 0.061719 0.079167
0 0.714844 0.695833 0.059375 0.091667
0 0.161719 0.168056 0.062500 0.102778
