0 0.885938 0.113889 0.048438 0.063889
0 0.886328 0.154861 0.039844 0.062500
0 0.878906 0.204167 0.048438 0.077778
0 0.839063 0.153472 0.035937 0.056944
0 0.830469 0.225000 0.048438 0.091667
0 0.840625 0.315972 0.035937 0.118056
0 0.664062 0.179861 0.040625 0.115278
0 0.618359 0.089583 0.035156 0.104167
0 0.584375 0.070139 0.042188 0.118056
0 0.570703 0.364583 0.060156 0.081944
0 0.646875 0.385417 0.046875 0.076389
0 0.689453 0.456250 0.064844 0.068056
0 0.609375 0.452778 0.075000 0.094444
0 0.663672 0.638194 0.069531 0.068056
0 0.744141 0.638194 0.061719 0.079167
0 0.573047 0.706944 0.047656 0.136111
0 0.532031 0.643056 0.064062 0.066667
0 0.511719 0.588889 0.051562 0.130556
0 0.785547 0.930556 0.032031 0.077778
0 0.817187 0.916667 0.032813 0.083333
0 0.840234 0.896528 0.022656 0.076389
0 0.600781 0.916667 0.045312 0.088889
0 0.187109 0.536806 0.035156 0.106944
0 0.112109 0.609028 0.027344 0.068056
0 0.125000 0.650694 0.040625 0.070833
0 0.143750 0.685417 0.046875 0.070833
