0 0.200000 0.469444 0.068750 0.125000
0 0.220312 0.232639 0.042188 0.112500
0 0.384766 0.588194 0.077344 0.126389
0 0.303125 0.395139 0.062500 0.181944
0 0.141797 0.420139 0.049219 0.104167
0 0.133984 0.490278 0.053906 0.133333
0 0.173047 0.272222 0.061719 0.163889
0 0.257031 0.432639 0.051562 0.162500
0 0.436328 0.292361 0.094531 0.112500
0 0.228906 0.155556 0.073438 0.130556
0 0.138672 0.217361 0.047656 0.140278
0 0.297266 0.091667 0.088281 0.125000
0 0.812500 0.217361 0.057813 0.129167
0 0.778906 0.323611 0.075000 0.111111
0 0.889844 0.781944 0.067187 0.075000
0 0.876563 0.284028 0.059375 0.120833
0 0.648047 0.079861 0.089844 0.112500
0 0.605078 0.748611 0.072656 0.094444
0 0.810937 0.672222 0.095312 0.102778
