0 0.545018 0.107222 0.0801134 0.111629
0 0.586938 0.611469 0.0579132 0.16346
0 0.563254 0.451141 0.0596396 0.176722
0 0.446749 0.328471 0.0655766 0.167508
0 0.771584 0.61261 0.0397211 0.109377
0 0.826392 0.537765 0.0563734 0.142488
0 0.739347 0.392248 0.0914555 0.109232
0 0.73976 0.704535 0.0660645 0.10696
0 0.677831 0.212407 0.0901681 0.0901007
0 0.803838 0.712779 0.0747967 0.0963473
0 0.731193 0.498124 0.0815348 0.0997195
0 0.699379 0.638444 0.0685792 0.124786
0 0.342239 0.308178 0.0699804 0.123502
0 0.853487 0.578523 0.0702141 0.0962596
0 0.879523 0.363779 0.048332 0.119103
0 0.392675 0.391209 0.0763424 0.136018
0 0.848329 0.666867 0.0606297 0.084109
0 0.237667 0.242814 0.0469633 0.0896782
0 0.88188 0.207616 0.0560677 0.111808
0 0.233853 0.323019 0.0439822 0.103874
0 0.339087 0.0629236 0.0639361 0.0984519
0 0.810448 0.212496 0.0608696 0.127223
