0 0.900653 0.221589 0.0867924 0.0914195
0 0.676642 0.385506 0.0780417 0.135415
0 0.822103 0.85322 0.0401424 0.125938
0 0.701359 0.672141 0.075309 0.114242
0 0.881041 0.680406 0.0456505 0.159533
0 0.847148 0.580561 0.0683453 0.146375
0 0.548154 0.309344 0.101751 0.0998088
0 0.78903 0.825173 0.0512289 0.0864665
0 0.643785 0.543248 0.0856909 0.104265
0 0.740938 0.852597 0.0703876 0.0973007
0 0.350594 0.255754 0.0800433 0.12738
0 0.85335 0.35767 0.0705502 0.107619
0 0.832982 0.729604 0.0374077 0.127932
0 0.496504 0.194536 0.095936 0.0963576
0 0.78287 0.742566 0.0633967 0.0811076
0 0.875955 0.782347 0.0490997 0.0603828
0 0.326671 0.325799 0.0677098 0.0971632
0 0.712908 0.554385 0.0699213 0.0847313
