0 0.114844 0.400694 0.034375 0.079167
0 0.184766 0.547222 0.039844 0.072222
0 0.122266 0.582639 0.038281 0.054167
0 0.127734 0.636111 0.041406 0.069444
0 0.144141 0.697917 0.053906 0.068056
0 0.597266 0.920139 0.049219 0.093056
0 0.674219 0.762500 0.060937 0.077778
0 0.656641 0.650000 0.072656 0.080556
0 0.593359 0.574306 0.055469 0.134722
0 0.504297 0.591667 0.044531 0.116667
0 0.510938 0.704861 0.048438 0.112500
0 0.548828 0.722222 0.052344 0.080556
0 0.799609 0.912500 0.032031 0.061111
0 0.831641 0.929861 0.025781 0.104167
0 0.850391 0.909722 0.022656 0.083333
0 0.564063 0.378472 0.071875 0.084722
0 0.661328 0.182639 0.044531 0.104167
0 0.617188 0.056250 0.039062 0.087500
0 0.577734 0.054167 0.036719 0.097222
0 0.532813 0.056944 0.057813 0.088889
0 0.881250 0.118056 0.046875 0.072222
0 0.851562 0.185417 0.028125 0.093056
0 0.883984 0.193056 0.038281 0.088889
0 0.830078 0.252778 0.035156 0.100000
0 0.838281 0.320139 0.037500 0.109722
