0 0.841016 0.447222 0.046094 0.141667
0 0.688672 0.390972 0.060156 0.165278
0 0.615625 0.200694 0.096875 0.118056
0 0.535156 0.056944 0.095312 0.100000
0 0.606641 0.472917 0.096094 0.115278
0 0.407813 0.583333 0.064062 0.125000
0 0.710156 0.693750 0.059375 0.159722
0 0.579688 0.577778 0.070312 0.130556
0 0.475391 0.584028 0.080469 0.106944
0 0.794922 0.693750 0.060156 0.087500
0 0.408594 0.291667 0.067187 0.144444
0 0.721484 0.552778 0.057031 0.161111
0 0.229687 0.305556 0.054688 0.127778
0 0.684766 0.209722 0.057031 0.119444
0 0.736328 0.400000 0.050781 0.102778
0 0.231250 0.282639 0.057813 0.168056
0 0.400781 0.417361 0.060937 0.151389
0 0.874609 0.341667 0.044531 0.113889
0 0.338281 0.113889 0.059375 0.150000
0 0.872656 0.161806 0.062500 0.109722
0 0.797656 0.211111 0.073438 0.108333
