0 0.133984 0.584028 0.060156 0.106944
0 0.304688 0.313889 0.065625 0.169444
0 0.691406 0.184722 0.060937 0.136111
0 0.364063 0.178472 0.056250 0.131944
0 0.506641 0.530556 0.072656 0.163889
0 0.610547 0.629861 0.061719 0.131944
0 0.471484 0.254861 0.085156 0.123611
0 0.700000 0.079861 0.070312 0.156944
0 0.810156 0.675000 0.078125 0.108333
0 0.854688 0.340972 0.051562 0.201389
0 0.750781 0.575694 0.068750 0.159722
0 0.169922 0.496528 0.063281 0.115278
0 0.218359 0.406250 0.066406 0.165278
0 0.715625 0.694444 0.054688 0.097222
0 0.153125 0.186806 0.067187 0.159722
0 0.192969 0.268056 0.089063 0.138889
0 0.787500 0.295833 0.059375 0.105556
