0 0.229033 0.106951 0.0829578 0.0885887
0 0.475781 0.192713 0.0718069 0.111226
0 0.856478 0.777888 0.0531385 0.0979879
0 0.433574 0.104059 0.0837317 0.109327
0 0.139617 0.336757 0.0589485 0.0932523
0 0.641128 0.738205 0.0786675 0.0931586
0 0.285113 0.317733 0.0568957 0.145426
0 0.331206 0.0864661 0.0772291 0.0790268
0 0.507676 0.596803 0.0613647 0.10682
0 0.353427 0.29564 0.0748019 0.119257
0 0.51441 0.717438 0.0545457 0.13903
0 0.876822 0.623925 0.0653385 0.104209
0 0.363481 0.415443 0.0826584 0.108996
0 0.647974 0.411024 0.0704023 0.125709
0 0.269683 0.710829 0.0793082 0.0928605
0 0.363928 0.512395 0.0544117 0.106998
0 0.555243 0.707452 0.0463444 0.120874
0 0.339105 0.162413 0.0737142 0.126747
0 0.298479 0.541941 0.0878576 0.1203
0 0.15766 0.719321 0.0764323 0.112821
0 0.135115 0.245267 0.0486099 0.0935224
0 0.314677 0.752899 0.0593657 0.115446
0 0.63334 0.294419 0.0779524 0.129973
0 0.522247 0.520795 0.0752943 0.102383
0 0.875744 0.457663 0.06635 0.0921653
