0 0.144141 0.254167 0.044531 0.083333
0 0.125781 0.358333 0.053125 0.080556
0 0.144141 0.443750 0.044531 0.093056
0 0.125000 0.626389 0.042188 0.058333
0 0.137109 0.683333 0.061719 0.061111
0 0.111328 0.745833 0.041406 0.047222
0 0.140234 0.801389 0.047656 0.075000
0 0.382812 0.926389 0.050000 0.077778
0 0.503125 0.593056 0.039062 0.119444
0 0.541406 0.661111 0.056250 0.058333
0 0.581250 0.598611 0.053125 0.091667
0 0.600000 0.707639 0.037500 0.123611
0 0.654297 0.590278 0.038281 0.102778
0 0.641406 0.644444 0.050000 0.055556
0 0.704688 0.690278 0.032813 0.094444
0 0.729297 0.681250 0.024219 0.106944
0 0.796484 0.560417 0.063281 0.062500
0 0.848437 0.758333 0.056250 0.072222
0 0.802344 0.910417 0.034375 0.081944
0 0.851172 0.825694 0.041406 0.062500
0 0.873437 0.327778 0.046875 0.086111
0 0.677734 0.139583 0.047656 0.106944
0 0.718359 0.086111 0.035156 0.111111
0 0.747266 0.095833 0.030469 0.108333
0 0.788672 0.084028 0.033594 0.054167
0 0.810156 0.077778 0.028125 0.083333
0 0.847656 0.087500 0.039062 0.100000
0 0.868750 0.100000 0.034375 0.094444
