0 0.272777 0.488337 0.0837605 0.100798
0 0.442748 0.497014 0.0576212 0.125908
0 0.68231 0.209666 0.0512413 0.160352
0 0.677242 0.382553 0.0608632 0.14177
0 0.254782 0.274864 0.0668024 0.092722
0 0.586689 0.658298 0.0925974 0.103703
0 0.180237 0.337982 0.0507797 0.132478
0 0.680603 0.528984 0.0612361 0.156159
0 0.246768 0.0712503 0.0552797 0.142501
0 0.735574 0.399659 0.0613436 0.115939
0 0.350568 0.505202 0.0738536 0.117839
0 0.187209 0.152429 0.0699448 0.106275
0 0.36888 0.193872 0.0638946 0.167305
0 0.168536 0.684133 0.0748812 0.0893112
0 0.535215 0.413617 0.0685554 0.0957496
0 0.240189 0.668176 0.051534 0.137694
0 0.135325 0.208936 0.0453335 0.137236
0 0.327566 0.276157 0.055583 0.142869
0 0.203496 0.254466 0.056078 0.125505
0 0.166087 0.598619 0.0607447 0.101592
0 0.837977 0.48127 0.056839 0.121263
0 0.134872 0.711052 0.0347955 0.123956
0 0.322182 0.0470921 0.0681872 0.0941842
