0 0.559766 0.484028 0.047656 0.140278
0 0.576953 0.144444 0.047656 0.163889
0 0.675781 0.701389 0.050000 0.141667
0 0.549219 0.325694 0.092188 0.115278
0 0.631641 0.624306 0.052344 0.170833
0 0.379297 0.425694 0.077344 0.120833
0 0.500000 0.069444 0.092188 0.102778
0 0.381641 0.288194 0.088281 0.109722
0 0.682422 0.329861 0.092969 0.109722
0 0.713672 0.427778 0.058594 0.144444
0 0.491016 0.497222 0.072656 0.113889
0 0.145703 0.595833 0.067969 0.080556
0 0.841016 0.488194 0.049219 0.123611
0 0.432031 0.344444 0.084375 0.122222
0 0.444141 0.454861 0.089844 0.106944
0 0.797656 0.522917 0.046875 0.109722
0 0.690234 0.215972 0.077344 0.112500
0 0.825000 0.615278 0.070312 0.091667
0 0.760938 0.425000 0.050000 0.152778
0 0.421484 0.065278 0.075781 0.111111
0 0.838281 0.679861 0.065625 0.073611
