0 0.144922 0.256250 0.041406 0.090278
0 0.122266 0.354167 0.052344 0.091667
0 0.142187 0.440972 0.045312 0.101389
0 0.124609 0.636111 0.038281 0.075000
0 0.127734 0.700000 0.038281 0.075000
0 0.130078 0.773611 0.044531 0.061111
0 0.140234 0.886111 0.060156 0.058333
0 0.380469 0.931944 0.045312 0.080556
0 0.500391 0.593750 0.038281 0.115278
0 0.544531 0.659722 0.059375 0.055556
0 0.577344 0.603472 0.050000 0.115278
0 0.598437 0.709028 0.037500 0.112500
0 0.631250 0.647222 0.056250 0.055556
0 0.654687 0.593056 0.040625 0.113889
0 0.703125 0.688194 0.034375 0.109722
0 0.726562 0.706944 0.028125 0.111111
0 0.801562 0.904861 0.035937 0.081944
0 0.851953 0.825694 0.038281 0.062500
0 0.862500 0.740972 0.034375 0.090278
0 0.819141 0.542361 0.055469 0.134722
0 0.874609 0.327083 0.044531 0.081944
0 0.671094 0.177778 0.073438 0.077778
0 0.716016 0.075694 0.035156 0.109722
0 0.751172 0.094444 0.032031 0.113889
0 0.785547 0.067361 0.028906 0.079167
0 0.817578 0.081250 0.027344 0.081944
0 0.852344 0.069444 0.034375 0.102778
0 0.872656 0.090972 0.029687 0.090278
