0 0.667444 0.428834 0.0594769 0.159637
0 0.350751 0.204233 0.0599592 0.163066
0 0.360155 0.502147 0.0546057 0.134015
0 0.472321 0.256906 0.078964 0.129203
0 0.481969 0.524647 0.0921339 0.107332
0 0.527558 0.60379 0.0622509 0.136784
0 0.723542 0.692945 0.0689725 0.115389
0 0.221831 0.606399 0.0579751 0.102735
0 0.559436 0.482303 0.0631561 0.127875
0 0.823707 0.12611 0.045673 0.129695
0 0.499907 0.376856 0.0839319 0.102862
0 0.853477 0.195548 0.0465942 0.137542
0 0.768866 0.476516 0.0692715 0.100747
0 0.611257 0.481059 0.0557629 0.121564
0 0.638689 0.125298 0.0861977 0.0945343
0 0.791883 0.161707 0.0359898 0.100642
0 0.820348 0.584265 0.0614222 0.0983653
0 0.878363 0.140948 0.0496849 0.125734
0 0.806027 0.32245 0.0635651 0.0792569
0 0.336192 0.731431 0.0699578 0.0810442
0 0.728054 0.49138 0.0758575 0.100394
0 0.805196 0.137648 0.0607491 0.145623
0 0.230298 0.394133 0.0459538 0.0953515
