0 0.125000 0.641667 0.039062 0.097222
0 0.185156 0.625000 0.057813 0.069444
0 0.551953 0.588889 0.072656 0.088889
0 0.138672 0.880556 0.063281 0.083333
0 0.346875 0.765972 0.056250 0.098611
0 0.536719 0.712500 0.054688 0.094444
0 0.825391 0.727083 0.050781 0.081944
0 0.656250 0.648611 0.073438 0.077778
0 0.458594 0.935417 0.057813 0.073611
0 0.665625 0.778472 0.048438 0.084722
0 0.800781 0.913889 0.035937 0.066667
0 0.813672 0.865972 0.042969 0.068056
0 0.823828 0.910417 0.039844 0.076389
0 0.843750 0.826389 0.045312 0.080556
0 0.124609 0.485417 0.028906 0.095833
0 0.839453 0.313889 0.036719 0.116667
0 0.817187 0.263194 0.043750 0.120833
0 0.830469 0.090972 0.046875 0.062500
0 0.859766 0.115972 0.046094 0.065278
0 0.890625 0.121528 0.029687 0.056944
0 0.865625 0.420833 0.046875 0.055556
0 0.894922 0.168750 0.053906 0.073611
0 0.874609 0.215972 0.038281 0.090278
0 0.536328 0.377778 0.072656 0.083333
0 0.518750 0.095833 0.064062 0.102778
0 0.572656 0.055556 0.056250 0.100000
0 0.616797 0.056250 0.044531 0.087500
0 0.673828 0.184028 0.044531 0.109722
