0 0.123047 0.207639 0.042969 0.068056
0 0.108984 0.319444 0.049219 0.091667
0 0.107813 0.408333 0.046875 0.119444
0 0.225781 0.454861 0.076563 0.090278
0 0.112891 0.470139 0.039844 0.073611
0 0.498828 0.752778 0.063281 0.061111
0 0.125000 0.627083 0.043750 0.081944
0 0.119922 0.762500 0.030469 0.100000
0 0.110156 0.886806 0.042188 0.093056
0 0.441016 0.811806 0.061719 0.095833
0 0.508594 0.845833 0.050000 0.108333
0 0.608594 0.659722 0.062500 0.080556
0 0.876563 0.642361 0.046875 0.084722
0 0.776953 0.817361 0.047656 0.059722
0 0.778516 0.490972 0.063281 0.098611
0 0.853125 0.450694 0.064062 0.073611
0 0.530078 0.377778 0.041406 0.133333
0 0.551172 0.583333 0.050781 0.152778
0 0.407422 0.672917 0.066406 0.070833
0 0.464844 0.609028 0.056250 0.126389
0 0.552344 0.071528 0.064062 0.073611
0 0.739844 0.094444 0.057813 0.077778
0 0.778906 0.168750 0.051562 0.098611
0 0.619922 0.108333 0.057031 0.069444
0 0.482422 0.231250 0.053906 0.137500
0 0.529687 0.150000 0.073438 0.102778
0 0.264844 0.094444 0.073438 0.080556
