0 0.460547 0.299306 0.061719 0.198611
0 0.300781 0.319444 0.101562 0.127778
0 0.177734 0.248611 0.050781 0.133333
0 0.146484 0.197917 0.058594 0.154167
0 0.869531 0.351389 0.085938 0.097222
0 0.532422 0.627778 0.061719 0.183333
0 0.228516 0.196528 0.060156 0.090278
0 0.258984 0.050000 0.085156 0.097222
0 0.629297 0.615278 0.083594 0.136111
0 0.775000 0.769444 0.064062 0.091667
0 0.175391 0.061806 0.082031 0.120833
0 0.229297 0.102778 0.055469 0.141667
0 0.514844 0.297917 0.065625 0.156944
0 0.589453 0.729861 0.067969 0.104167
0 0.340625 0.463194 0.079687 0.131944
0 0.773438 0.440278 0.068750 0.169444
0 0.864453 0.245833 0.058594 0.102778
