0 0.563672 0.452778 0.060156 0.172222
0 0.766406 0.619444 0.042188 0.113889
0 0.750000 0.389583 0.098437 0.115278
0 0.444922 0.306944 0.057031 0.152778
0 0.534766 0.125694 0.091406 0.104167
0 0.478125 0.586111 0.081250 0.130556
0 0.727734 0.692361 0.057031 0.134722
0 0.808203 0.604167 0.044531 0.150000
0 0.390234 0.432639 0.096094 0.109722
0 0.351562 0.306250 0.075000 0.129167
0 0.396094 0.151389 0.098437 0.102778
0 0.708203 0.588194 0.089844 0.101389
0 0.881641 0.200694 0.069531 0.098611
0 0.688281 0.207639 0.079687 0.101389
0 0.864062 0.356250 0.059375 0.101389
0 0.826562 0.697222 0.068750 0.105556
0 0.245703 0.238194 0.038281 0.123611
