0 0.558203 0.640278 0.066406 0.127778
0 0.577734 0.147917 0.049219 0.168056
0 0.698438 0.422917 0.071875 0.126389
0 0.139844 0.526389 0.048438 0.091667
0 0.838672 0.496528 0.057031 0.134722
0 0.744531 0.397917 0.067187 0.123611
0 0.661719 0.695833 0.054688 0.119444
0 0.581250 0.396528 0.089063 0.095833
0 0.628516 0.324306 0.075781 0.104167
0 0.377734 0.427083 0.078906 0.126389
0 0.621094 0.602778 0.065625 0.125000
0 0.442188 0.452778 0.090625 0.111111
0 0.830859 0.350694 0.060156 0.106944
0 0.789453 0.543056 0.064844 0.105556
0 0.498047 0.071528 0.091406 0.109722
0 0.823828 0.606944 0.069531 0.080556
0 0.436719 0.343750 0.085938 0.120833
0 0.377734 0.289583 0.083594 0.101389
0 0.430859 0.070139 0.092969 0.104167
0 0.842578 0.666667 0.066406 0.080556
0 0.409766 0.203472 0.092969 0.120833
