0 0.223047 0.288889 0.085156 0.102778
0 0.121484 0.281250 0.072656 0.095833
0 0.858594 0.627083 0.060937 0.093056
0 0.369531 0.590278 0.057813 0.138889
0 0.723047 0.209722 0.055469 0.172222
0 0.884766 0.304167 0.063281 0.111111
0 0.689844 0.290972 0.079687 0.098611
0 0.228125 0.501389 0.084375 0.102778
0 0.859375 0.784028 0.075000 0.101389
0 0.392578 0.097917 0.061719 0.159722
0 0.544141 0.215972 0.067969 0.106944
0 0.566797 0.340972 0.049219 0.170833
0 0.146875 0.179861 0.051562 0.143056
0 0.273047 0.632639 0.086719 0.095833
0 0.164844 0.500694 0.060937 0.106944
0 0.603516 0.359722 0.044531 0.161111
0 0.870703 0.710417 0.042969 0.095833
0 0.123047 0.372222 0.053906 0.069444
0 0.649219 0.209722 0.054688 0.150000
