0 0.585547 0.736111 0.082031 0.091667
0 0.243359 0.182639 0.063281 0.098611
0 0.405078 0.104861 0.083594 0.090278
0 0.506250 0.783333 0.043750 0.125000
0 0.244141 0.568750 0.064844 0.081944
0 0.438672 0.272222 0.078906 0.111111
0 0.462109 0.776389 0.064844 0.100000
0 0.149219 0.907639 0.048438 0.095833
0 0.387500 0.861806 0.078125 0.090278
0 0.116016 0.420139 0.044531 0.093056
0 0.565234 0.373611 0.082031 0.097222
0 0.160156 0.347917 0.042188 0.131944
0 0.255469 0.425694 0.064062 0.095833
0 0.665234 0.090972 0.047656 0.106944
0 0.634375 0.119444 0.046875 0.097222
0 0.159375 0.214583 0.076563 0.101389
0 0.128125 0.550694 0.054688 0.073611
0 0.870313 0.372917 0.043750 0.104167
0 0.202344 0.385417 0.057813 0.134722
0 0.139453 0.637500 0.061719 0.083333
0 0.447656 0.466667 0.073438 0.125000
0 0.318750 0.588194 0.078125 0.062500
0 0.121094 0.480556 0.045312 0.077778
0 0.326172 0.646528 0.064844 0.059722
