0 0.13794 0.177493 0.0459401 0.138643
0 0.678242 0.523802 0.0586203 0.169371
0 0.269126 0.64577 0.0814603 0.098536
0 0.445865 0.49192 0.0617609 0.132566
0 0.141628 0.636547 0.065587 0.099164
0 0.216265 0.304523 0.0576244 0.135338
0 0.540762 0.377501 0.0487392 0.124284
0 0.688038 0.22127 0.0539408 0.146833
0 0.35312 0.499461 0.0616696 0.163057
0 0.732265 0.504943 0.0552043 0.122826
0 0.341664 0.116546 0.0941281 0.110006
0 0.243562 0.227998 0.0696492 0.108029
0 0.287194 0.372415 0.0549955 0.130951
0 0.645729 0.350462 0.0935423 0.106042
0 0.331217 0.281489 0.0560594 0.130381
0 0.17995 0.607865 0.0456866 0.140801
0 0.156401 0.719687 0.0541497 0.0764821
0 0.226254 0.0380134 0.0735958 0.0760268
0 0.178247 0.403626 0.0498293 0.123325
0 0.194153 0.496745 0.0838052 0.104587
0 0.840534 0.550301 0.0630432 0.0912493
0 0.319725 0.036803 0.0598974 0.0736059
0 0.115521 0.0587324 0.0534392 0.113026
0 0.817373 0.338605 0.0486149 0.0826106
