0 0.481987 0.526629 0.0942907 0.10715
0 0.671016 0.444576 0.0560769 0.151269
0 0.350944 0.204015 0.0586476 0.167026
0 0.500755 0.38315 0.0851685 0.113568
0 0.727005 0.697421 0.0664841 0.124126
0 0.766706 0.48368 0.0584419 0.118185
0 0.88882 0.775168 0.0467535 0.09602
0 0.358799 0.498827 0.0598216 0.115316
0 0.475534 0.239618 0.0721643 0.163744
0 0.222441 0.60782 0.0572999 0.10238
0 0.817783 0.586105 0.0572231 0.0958865
0 0.394018 0.416882 0.0692637 0.126995
0 0.561204 0.600235 0.0738275 0.11344
0 0.520682 0.236833 0.0564369 0.127165
0 0.63546 0.123368 0.0898885 0.093165
0 0.336637 0.733187 0.0606626 0.0790463
0 0.626244 0.485739 0.0596042 0.137325
0 0.841509 0.111473 0.0588852 0.0750327
0 0.185344 0.370919 0.0631401 0.0793242
0 0.775123 0.242031 0.080023 0.100394
0 0.871982 0.224785 0.0703995 0.10529
0 0.790973 0.357089 0.0904408 0.12432
0 0.790278 0.377354 0.0890882 0.0859002
0 0.80372 0.332126 0.0703972 0.0959913
