0 0.682246 0.419689 0.0480261 0.135757
0 0.227759 0.104053 0.0830695 0.0822406
0 0.138226 0.336501 0.0601283 0.0928725
0 0.269439 0.711766 0.0834542 0.0886676
0 0.64056 0.357799 0.0932581 0.0997196
0 0.473752 0.200099 0.0674843 0.0954245
0 0.857061 0.775131 0.053974 0.0954373
0 0.381267 0.23519 0.0677432 0.131232
0 0.856773 0.448191 0.0579407 0.0915331
0 0.156935 0.719165 0.0778633 0.11075
0 0.495693 0.713115 0.0760467 0.12876
0 0.304384 0.0987968 0.0493711 0.105783
0 0.556073 0.402418 0.072586 0.0755393
0 0.435094 0.144377 0.0928118 0.094889
0 0.366929 0.416447 0.0813751 0.102844
0 0.814504 0.617887 0.0595297 0.109207
0 0.526772 0.52134 0.0661771 0.105702
0 0.135483 0.244931 0.0490218 0.0932083
0 0.236005 0.180999 0.07862 0.101842
0 0.327735 0.202653 0.091665 0.153152
0 0.43966 0.565186 0.123815 0.114698
0 0.249821 0.785827 0.0716484 0.115756
0 0.55705 0.699764 0.043055 0.111701
0 0.546514 0.778562 0.0688719 0.0711392
0 0.327915 0.178624 0.0923676 0.11032
