0 0.120703 0.233333 0.032031 0.138889
0 0.153516 0.219444 0.039844 0.100000
0 0.118750 0.420139 0.046875 0.062500
0 0.126172 0.493750 0.039844 0.084722
0 0.132422 0.636111 0.033594 0.075000
0 0.149219 0.777778 0.035937 0.105556
0 0.530078 0.936111 0.061719 0.108333
0 0.465234 0.709722 0.036719 0.136111
0 0.505078 0.594444 0.041406 0.116667
0 0.567578 0.584028 0.052344 0.104167
0 0.655469 0.704861 0.042188 0.120833
0 0.695703 0.685417 0.038281 0.070833
0 0.709766 0.595833 0.042969 0.094444
0 0.762891 0.636806 0.050781 0.056944
0 0.787891 0.697222 0.035156 0.105556
0 0.804297 0.909028 0.038281 0.070833
0 0.871484 0.895833 0.039844 0.052778
0 0.875391 0.830556 0.033594 0.061111
0 0.842578 0.732639 0.030469 0.093056
0 0.791797 0.567361 0.055469 0.118056
0 0.871875 0.324306 0.037500 0.087500
0 0.871875 0.146528 0.028125 0.106944
0 0.858594 0.069444 0.048438 0.055556
0 0.852734 0.106250 0.044531 0.045833
0 0.804297 0.071528 0.030469 0.076389
0 0.725781 0.064583 0.048438 0.068056
0 0.698438 0.111111 0.067187 0.075000
0 0.542578 0.161111 0.028906 0.094444
