0 0.193750 0.178472 0.046875 0.068056
0 0.397266 0.178472 0.055469 0.090278
0 0.407813 0.597222 0.037500 0.094444
0 0.392578 0.663889 0.069531 0.072222
0 0.120313 0.584028 0.025000 0.087500
0 0.138672 0.608333 0.041406 0.083333
0 0.116797 0.668056 0.035156 0.058333
0 0.148828 0.725000 0.036719 0.063889
0 0.127734 0.760417 0.033594 0.076389
0 0.503125 0.655556 0.050000 0.063889
0 0.567187 0.650694 0.071875 0.084722
0 0.594531 0.393750 0.032813 0.143056
0 0.668359 0.359028 0.069531 0.076389
0 0.879297 0.491667 0.039844 0.088889
0 0.884766 0.738889 0.039844 0.063889
0 0.882812 0.808333 0.034375 0.072222
0 0.863281 0.891667 0.042188 0.063889
0 0.821484 0.915278 0.038281 0.061111
0 0.780469 0.920139 0.042188 0.059722
0 0.735547 0.930556 0.047656 0.061111
0 0.876953 0.276389 0.052344 0.069444
0 0.847266 0.172222 0.055469 0.100000
0 0.823828 0.089583 0.041406 0.073611
0 0.772266 0.070833 0.044531 0.077778
0 0.752344 0.084722 0.032813 0.058333
0 0.725391 0.061806 0.047656 0.084722
0 0.590234 0.047917 0.052344 0.059722
