0 0.495312 0.391667 0.078125 0.163889
0 0.758984 0.735417 0.049219 0.151389
0 0.159766 0.579167 0.049219 0.097222
0 0.655469 0.488889 0.079687 0.122222
0 0.746484 0.115278 0.047656 0.133333
0 0.589844 0.679861 0.068750 0.131944
0 0.891016 0.567361 0.067969 0.101389
0 0.668750 0.304167 0.068750 0.130556
0 0.359375 0.688889 0.060937 0.136111
0 0.673438 0.757639 0.084375 0.090278
0 0.895703 0.768750 0.044531 0.143056
0 0.837109 0.740972 0.039844 0.126389
0 0.715234 0.686806 0.072656 0.109722
0 0.778516 0.409722 0.058594 0.097222
0 0.242578 0.758333 0.057031 0.122222
0 0.717969 0.847917 0.057813 0.079167
0 0.834766 0.565278 0.063281 0.113889
0 0.785547 0.765972 0.055469 0.084722
0 0.880859 0.184028 0.057031 0.093056
