0 0.343750 0.202083 0.050000 0.162500
0 0.409766 0.190278 0.071094 0.113889
0 0.550781 0.465972 0.045312 0.148611
0 0.512109 0.208333 0.078906 0.075000
0 0.471094 0.113889 0.051562 0.172222
0 0.813281 0.726389 0.076563 0.111111
0 0.234375 0.788889 0.042188 0.125000
0 0.398047 0.075694 0.096094 0.112500
0 0.828906 0.439583 0.075000 0.079167
0 0.874219 0.348611 0.056250 0.144444
0 0.906250 0.527083 0.039062 0.120833
0 0.457813 0.404167 0.078125 0.086111
0 0.857422 0.390278 0.052344 0.125000
0 0.546875 0.303472 0.090625 0.126389
0 0.601172 0.236806 0.077344 0.123611
0 0.834766 0.514583 0.078906 0.095833
0 0.470313 0.322222 0.076563 0.125000
0 0.885156 0.590278 0.037500 0.152778
0 0.852734 0.549306 0.055469 0.112500
0 0.839453 0.545139 0.080469 0.115278
0 0.848828 0.395139 0.069531 0.137500
0 0.898828 0.561806 0.052344 0.187500
0 0.914844 0.415278 0.051562 0.108333
