0 0.471875 0.655556 0.060937 0.161111
0 0.778125 0.485417 0.067187 0.195833
0 0.331641 0.497222 0.058594 0.125000
0 0.846094 0.155556 0.059375 0.144444
0 0.604297 0.347222 0.049219 0.200000
0 0.566406 0.081250 0.068750 0.106944
0 0.357422 0.725694 0.058594 0.154167
0 0.185938 0.292361 0.054688 0.140278
0 0.253125 0.204861 0.060937 0.123611
0 0.674609 0.336111 0.055469 0.147222
0 0.877734 0.526389 0.055469 0.083333
0 0.844531 0.380556 0.067187 0.116667
0 0.809375 0.651389 0.054688 0.094444
0 0.232422 0.140278 0.052344 0.088889
0 0.873047 0.665278 0.058594 0.094444
0 0.828125 0.577083 0.057813 0.065278
0 0.894141 0.190972 0.066406 0.101389
0 0.226172 0.290972 0.052344 0.134722
0 0.819922 0.455556 0.052344 0.108333
0 0.229687 0.445833 0.085938 0.088889
0 0.323047 0.640972 0.046094 0.081944
