0 0.287891 0.103472 0.052344 0.093056
0 0.135937 0.769444 0.039062 0.111111
0 0.569531 0.375694 0.075000 0.068056
0 0.146875 0.227083 0.035937 0.137500
0 0.317188 0.404861 0.071875 0.098611
0 0.228125 0.122222 0.064062 0.088889
0 0.572656 0.675694 0.040625 0.131944
0 0.551562 0.726389 0.053125 0.083333
0 0.157031 0.517361 0.068750 0.093056
0 0.424609 0.486806 0.055469 0.134722
0 0.429297 0.774306 0.049219 0.104167
0 0.643750 0.659028 0.054688 0.090278
0 0.641406 0.089583 0.059375 0.109722
0 0.186328 0.234722 0.055469 0.119444
0 0.132422 0.565972 0.052344 0.090278
0 0.385547 0.835417 0.057031 0.120833
0 0.870703 0.360417 0.038281 0.123611
0 0.341406 0.153472 0.051562 0.098611
0 0.196875 0.852083 0.045312 0.087500
0 0.114844 0.229167 0.040625 0.102778
0 0.325781 0.592361 0.054688 0.145833
0 0.130078 0.645139 0.049219 0.084722
0 0.280078 0.583333 0.052344 0.138889
0 0.342969 0.295139 0.075000 0.093056
0 0.698047 0.070833 0.060156 0.044444
0 0.876563 0.766667 0.032813 0.105556
