0 0.26416 0.529263 0.0941079 0.107077
0 0.357588 0.580769 0.0685253 0.0749424
0 0.675337 0.376973 0.0622618 0.134774
0 0.181648 0.325303 0.0474479 0.11901
0 0.584888 0.659364 0.0893283 0.104071
0 0.664865 0.525334 0.0622784 0.147854
0 0.428247 0.529786 0.0490343 0.145334
0 0.184694 0.153289 0.0691789 0.112666
0 0.239239 0.196674 0.0871936 0.0922324
0 0.242603 0.6724 0.0483586 0.137619
0 0.679932 0.216484 0.0627576 0.141357
0 0.381398 0.257632 0.0616797 0.166002
0 0.310744 0.47084 0.0836875 0.0862807
0 0.136351 0.298787 0.0504637 0.139874
0 0.737806 0.401199 0.0656618 0.108116
0 0.170189 0.676716 0.0777749 0.0975216
0 0.23931 0.0918379 0.0726229 0.0994978
0 0.16198 0.600776 0.0677098 0.0810274
0 0.252983 0.273447 0.0710891 0.086682
0 0.218812 0.0331912 0.07645 0.0663825
0 0.880995 0.15504 0.0383638 0.125109
0 0.323402 0.389858 0.092804 0.0877745
0 0.139101 0.719815 0.0410363 0.120292
0 0.324289 0.0451312 0.0692781 0.0902624
