0 0.221484 0.290972 0.088281 0.081944
0 0.136328 0.290972 0.071094 0.087500
0 0.858594 0.627083 0.060937 0.093056
0 0.369531 0.588194 0.057813 0.143056
0 0.734766 0.227083 0.053906 0.151389
0 0.883594 0.304167 0.060937 0.111111
0 0.688672 0.292361 0.071094 0.104167
0 0.230859 0.500694 0.078906 0.104167
0 0.839063 0.765278 0.071875 0.091667
0 0.392578 0.097917 0.061719 0.159722
0 0.544141 0.215972 0.067969 0.106944
0 0.566797 0.340972 0.049219 0.170833
0 0.144141 0.193750 0.066406 0.129167
0 0.263281 0.638194 0.084375 0.106944
0 0.160156 0.486111 0.079687 0.108333
0 0.611328 0.340972 0.042969 0.148611
0 0.872266 0.704861 0.046094 0.084722
0 0.124219 0.395833 0.048438 0.083333
0 0.647266 0.215972 0.052344 0.145833
