0 0.159766 0.715278 0.041406 0.122222
0 0.218750 0.715278 0.035937 0.102778
0 0.350391 0.725000 0.088281 0.102778
0 0.319922 0.833333 0.066406 0.091667
0 0.418359 0.552083 0.057031 0.143056
0 0.167969 0.271528 0.068750 0.095833
0 0.191797 0.186111 0.060156 0.083333
0 0.132422 0.532639 0.050781 0.104167
0 0.208984 0.336111 0.077344 0.088889
0 0.163672 0.465972 0.036719 0.106944
0 0.310547 0.438889 0.049219 0.119444
0 0.596484 0.071528 0.060156 0.093056
0 0.501953 0.741667 0.072656 0.125000
0 0.388672 0.845833 0.083594 0.094444
0 0.655078 0.496528 0.047656 0.106944
0 0.832812 0.134028 0.062500 0.076389
0 0.453125 0.375000 0.093750 0.083333
0 0.638672 0.096528 0.044531 0.120833
0 0.591406 0.143056 0.057813 0.086111
0 0.176172 0.395833 0.061719 0.091667
0 0.307812 0.626389 0.046875 0.133333
0 0.859375 0.302083 0.043750 0.118056
0 0.135547 0.631944 0.044531 0.094444
0 0.136719 0.205556 0.039062 0.108333
0 0.131250 0.377083 0.056250 0.081944
0 0.664844 0.848611 0.064062 0.105556
