0 0.462522 0.725925 0.0635349 0.132643
0 0.379056 0.444705 0.0657068 0.124696
0 0.618389 0.255696 0.0555595 0.170055
0 0.828865 0.800161 0.0467976 0.181724
0 0.356287 0.196039 0.0631278 0.156599
0 0.406574 0.0959259 0.0819715 0.101453
0 0.762834 0.269595 0.0737585 0.124305
0 0.674876 0.457305 0.0868571 0.104076
0 0.504751 0.401898 0.0869774 0.0944593
0 0.801931 0.618886 0.0504005 0.145309
0 0.443239 0.584999 0.0582212 0.0781742
0 0.536486 0.239573 0.0568 0.156287
0 0.879407 0.704709 0.0689915 0.103433
0 0.881576 0.584203 0.0451807 0.124013
0 0.76298 0.802686 0.0728384 0.18699
0 0.34269 0.562778 0.0509243 0.15776
0 0.662364 0.189839 0.0824718 0.087018
0 0.642998 0.728505 0.0736902 0.139717
0 0.163286 0.340968 0.0515506 0.13508
0 0.579304 0.129526 0.0798871 0.109957
0 0.822146 0.513826 0.0512133 0.121147
0 0.882546 0.810263 0.0475086 0.0893531
0 0.239854 0.659038 0.0351107 0.132814
