0 0.264453 0.591667 0.072656 0.111111
0 0.412891 0.191667 0.058594 0.100000
0 0.137109 0.742361 0.041406 0.118056
0 0.227734 0.304167 0.066406 0.102778
0 0.662500 0.152083 0.042188 0.109722
0 0.163672 0.334722 0.050781 0.119444
0 0.222266 0.611111 0.049219 0.116667
0 0.428906 0.445139 0.046875 0.123611
0 0.188672 0.426389 0.052344 0.113889
0 0.396875 0.301389 0.056250 0.100000
0 0.550391 0.720139 0.058594 0.079167
0 0.137109 0.586111 0.053906 0.088889
0 0.178125 0.756944 0.046875 0.097222
0 0.139453 0.500000 0.052344 0.097222
0 0.873437 0.420833 0.034375 0.091667
0 0.821484 0.125694 0.047656 0.090278
0 0.606641 0.372222 0.085156 0.097222
0 0.884375 0.179167 0.054688 0.069444
0 0.255078 0.835417 0.074219 0.090278
0 0.171875 0.831944 0.053125 0.072222
0 0.323828 0.495833 0.053906 0.111111
0 0.435937 0.552083 0.059375 0.126389
0 0.120703 0.323611 0.036719 0.125000
0 0.245312 0.472222 0.057813 0.119444
0 0.140234 0.438194 0.047656 0.090278
0 0.348047 0.081250 0.063281 0.109722
