0 0.692578 0.456250 0.050781 0.179167
0 0.492578 0.377778 0.072656 0.147222
0 0.587109 0.361111 0.049219 0.141667
0 0.244141 0.757639 0.050781 0.129167
0 0.150391 0.588889 0.055469 0.091667
0 0.640234 0.617361 0.049219 0.154167
0 0.754297 0.740972 0.058594 0.148611
0 0.730859 0.677778 0.052344 0.119444
0 0.920703 0.709028 0.061719 0.076389
0 0.918359 0.570139 0.067969 0.101389
0 0.892969 0.809028 0.051562 0.079167
0 0.677734 0.702778 0.071094 0.119444
0 0.673828 0.330556 0.072656 0.111111
0 0.808594 0.448611 0.075000 0.111111
0 0.889844 0.461111 0.067187 0.138889
0 0.826172 0.122917 0.077344 0.098611
0 0.839063 0.327778 0.064062 0.158333
0 0.727734 0.099306 0.072656 0.084722
