0 0.637500 0.478472 0.082812 0.137500
0 0.378906 0.659722 0.059375 0.122222
0 0.175391 0.100000 0.069531 0.100000
0 0.493750 0.590278 0.073438 0.086111
0 0.868750 0.670833 0.043750 0.119444
0 0.836719 0.608333 0.050000 0.088889
0 0.680078 0.304861 0.075781 0.137500
0 0.225781 0.265278 0.073438 0.077778
0 0.878125 0.585417 0.046875 0.084722
0 0.334375 0.623611 0.045312 0.122222
0 0.746875 0.806250 0.062500 0.159722
0 0.811328 0.486806 0.064844 0.115278
0 0.249219 0.195833 0.060937 0.083333
0 0.919922 0.436806 0.058594 0.126389
0 0.880078 0.506250 0.033594 0.109722
0 0.737500 0.504861 0.081250 0.090278
0 0.378125 0.061806 0.076563 0.101389
0 0.558594 0.699306 0.045312 0.154167
0 0.802734 0.654861 0.086719 0.073611
0 0.539453 0.463889 0.057031 0.144444
0 0.232031 0.145833 0.059375 0.125000
0 0.795703 0.759722 0.039844 0.141667
0 0.832031 0.736111 0.039062 0.136111
