0 0.185547 0.229861 0.069531 0.106944
0 0.181250 0.352083 0.064062 0.120833
0 0.109375 0.393056 0.035937 0.125000
0 0.137891 0.219444 0.025781 0.091667
0 0.117969 0.668056 0.032813 0.122222
0 0.159766 0.824306 0.047656 0.087500
0 0.144531 0.909722 0.042188 0.069444
0 0.335938 0.424306 0.051562 0.120833
0 0.308984 0.477083 0.042969 0.115278
0 0.164062 0.120139 0.064062 0.084722
0 0.442578 0.383333 0.047656 0.147222
0 0.525391 0.111111 0.063281 0.116667
0 0.609375 0.118750 0.082812 0.112500
0 0.812891 0.347917 0.058594 0.087500
0 0.836719 0.549306 0.050000 0.068056
0 0.862891 0.577778 0.050781 0.069444
0 0.868750 0.638889 0.035937 0.077778
0 0.778125 0.804167 0.048438 0.088889
0 0.620703 0.764583 0.047656 0.104167
0 0.701172 0.448611 0.050781 0.116667
0 0.550391 0.479861 0.061719 0.079167
0 0.633203 0.663889 0.061719 0.061111
0 0.542969 0.631250 0.060937 0.104167
0 0.545312 0.729167 0.054688 0.077778
0 0.233594 0.087500 0.050000 0.077778
0 0.121484 0.536806 0.057031 0.101389
0 0.479687 0.659028 0.056250 0.070833
