0 0.267188 0.685417 0.084375 0.087500
0 0.610547 0.102778 0.074219 0.091667
0 0.126562 0.697917 0.050000 0.070833
0 0.251172 0.481250 0.057031 0.118056
0 0.664453 0.156944 0.039844 0.102778
0 0.137500 0.311806 0.057813 0.093056
0 0.139844 0.796528 0.051562 0.115278
0 0.441016 0.435417 0.046094 0.137500
0 0.248828 0.366667 0.060156 0.102778
0 0.529687 0.450000 0.060937 0.111111
0 0.552344 0.731250 0.051562 0.090278
0 0.124609 0.586111 0.046094 0.125000
0 0.189453 0.927778 0.060156 0.077778
0 0.143750 0.473611 0.051562 0.102778
0 0.583984 0.430556 0.046094 0.083333
0 0.817187 0.125000 0.039062 0.097222
0 0.762891 0.498611 0.041406 0.097222
0 0.883203 0.174306 0.052344 0.076389
0 0.180469 0.620139 0.048438 0.129167
0 0.321875 0.657639 0.051562 0.101389
0 0.391016 0.861111 0.069531 0.102778
0 0.879687 0.635417 0.040625 0.143056
0 0.162109 0.216667 0.053906 0.100000
0 0.425391 0.625000 0.069531 0.102778
0 0.383984 0.441667 0.038281 0.152778
0 0.121875 0.247917 0.045312 0.054167
