0 0.688029 0.356123 0.0750443 0.144561
0 0.567003 0.458584 0.0568609 0.168869
0 0.415987 0.585351 0.0479521 0.158689
0 0.727176 0.696968 0.0662272 0.148191
0 0.559287 0.06782 0.0918637 0.10305
0 0.467251 0.571626 0.0835331 0.110628
0 0.447818 0.266024 0.0958917 0.109035
0 0.860039 0.349848 0.0584675 0.103837
0 0.795098 0.682552 0.0413886 0.114541
0 0.602752 0.487394 0.0806944 0.121632
0 0.684812 0.205366 0.0626104 0.107397
0 0.337508 0.128442 0.0569662 0.141113
0 0.84344 0.50252 0.0499557 0.146759
0 0.369295 0.339812 0.0680705 0.170148
0 0.646831 0.534561 0.069116 0.0957998
0 0.820299 0.567548 0.0660982 0.0892492
0 0.875848 0.161383 0.0606308 0.106204
0 0.428031 0.444549 0.0746469 0.145466
0 0.797751 0.208751 0.0742977 0.11369
0 0.242962 0.239627 0.0435339 0.095246
