0 0.510938 0.229861 0.084375 0.118056
0 0.667969 0.283333 0.048438 0.144444
0 0.705859 0.612500 0.047656 0.122222
0 0.867969 0.505556 0.073438 0.100000
0 0.365234 0.669444 0.060156 0.141667
0 0.825391 0.583333 0.042969 0.122222
0 0.354687 0.074306 0.095312 0.109722
0 0.578906 0.102083 0.081250 0.101389
0 0.548047 0.301389 0.061719 0.122222
0 0.380078 0.454861 0.063281 0.101389
0 0.469531 0.706944 0.068750 0.133333
0 0.830078 0.688194 0.072656 0.104167
0 0.607031 0.651389 0.064062 0.152778
0 0.891406 0.206250 0.039062 0.109722
0 0.772656 0.477778 0.060937 0.116667
0 0.161719 0.531944 0.057813 0.119444
0 0.742188 0.257639 0.048438 0.120833
0 0.864844 0.408333 0.059375 0.091667
0 0.769141 0.332639 0.063281 0.120833
0 0.824609 0.227083 0.052344 0.098611
0 0.851172 0.324306 0.064844 0.095833
