0 0.127344 0.750000 0.040625 0.100000
0 0.860938 0.120833 0.034375 0.102778
0 0.277734 0.475694 0.055469 0.081944
0 0.207422 0.516667 0.044531 0.072222
0 0.128516 0.520833 0.046094 0.102778
0 0.232813 0.569444 0.043750 0.113889
0 0.186328 0.617361 0.044531 0.084722
0 0.244531 0.488194 0.050000 0.106944
0 0.886719 0.685417 0.042188 0.081944
0 0.891406 0.136806 0.023438 0.087500
0 0.513672 0.652778 0.078906 0.088889
0 0.891797 0.736806 0.052344 0.065278
0 0.873828 0.300000 0.038281 0.083333
0 0.879297 0.390278 0.036719 0.111111
0 0.866797 0.242361 0.050781 0.081944
0 0.923047 0.750694 0.044531 0.065278
0 0.892969 0.278472 0.032813 0.106944
0 0.827344 0.190278 0.062500 0.097222
0 0.796094 0.086111 0.043750 0.111111
0 0.745703 0.637500 0.050781 0.058333
0 0.838672 0.081250 0.046094 0.045833
0 0.751172 0.121528 0.058594 0.079167
0 0.110547 0.564583 0.035156 0.090278
0 0.837109 0.134722 0.035156 0.075000
0 0.874609 0.152778 0.032031 0.083333
0 0.375781 0.654167 0.075000 0.077778
