0 0.359501 0.211527 0.0628457 0.139154
0 0.475589 0.256494 0.0722309 0.131837
0 0.66045 0.437736 0.0792717 0.124368
0 0.357425 0.490889 0.0577217 0.132109
0 0.725611 0.698962 0.0673888 0.118884
0 0.505917 0.591694 0.0692415 0.111389
0 0.221853 0.605724 0.0579746 0.103116
0 0.723492 0.495669 0.042699 0.154222
0 0.78743 0.586196 0.0761019 0.103179
0 0.4331 0.497457 0.0800463 0.100334
0 0.506943 0.480688 0.0787571 0.137504
0 0.639423 0.123045 0.0777234 0.094924
0 0.583742 0.469299 0.0914509 0.0995139
0 0.334807 0.732651 0.0674541 0.0787977
0 0.746148 0.386839 0.0762701 0.0960327
0 0.885696 0.355317 0.0389942 0.106106
0 0.806102 0.328001 0.0611546 0.0945304
0 0.872334 0.177118 0.0512964 0.156732
0 0.509691 0.393471 0.0668615 0.103181
