0 0.575509 0.454551 0.0579258 0.158844
0 0.385308 0.395808 0.064235 0.163333
0 0.831606 0.297339 0.0523346 0.150208
0 0.331481 0.258229 0.0615997 0.167551
0 0.559509 0.303967 0.0801029 0.130236
0 0.466508 0.339533 0.0521986 0.154811
0 0.758703 0.412821 0.0775358 0.123837
0 0.725424 0.345739 0.0742402 0.125051
0 0.437029 0.107721 0.0709464 0.122322
0 0.838986 0.730944 0.0530022 0.0864643
0 0.883866 0.46547 0.0578094 0.0823074
0 0.409112 0.241542 0.0762236 0.134607
0 0.721155 0.745491 0.0781491 0.0942771
0 0.463775 0.4633 0.072525 0.138745
0 0.852173 0.35287 0.0756847 0.109386
0 0.780105 0.61992 0.0536526 0.143498
0 0.85177 0.518863 0.0689348 0.0914038
0 0.376746 0.305606 0.0906617 0.0893479
