0 0.175391 0.267361 0.074219 0.120833
0 0.382812 0.301389 0.082812 0.080556
0 0.114062 0.607639 0.045312 0.081944
0 0.137891 0.206944 0.027344 0.100000
0 0.120703 0.679861 0.038281 0.101389
0 0.157812 0.822917 0.040625 0.087500
0 0.145313 0.907639 0.048438 0.062500
0 0.103125 0.384028 0.048438 0.109722
0 0.562109 0.606250 0.049219 0.134722
0 0.170703 0.114583 0.066406 0.079167
0 0.432422 0.383333 0.058594 0.119444
0 0.687500 0.312500 0.075000 0.086111
0 0.595703 0.093056 0.050781 0.116667
0 0.585938 0.313194 0.079687 0.076389
0 0.840625 0.545139 0.050000 0.068056
0 0.858984 0.588889 0.049219 0.055556
0 0.860938 0.682639 0.037500 0.070833
0 0.655859 0.844444 0.053906 0.069444
0 0.651953 0.718056 0.041406 0.119444
0 0.882031 0.620833 0.043750 0.072222
0 0.330078 0.087500 0.057031 0.091667
0 0.464844 0.298611 0.084375 0.083333
0 0.401953 0.747222 0.055469 0.122222
0 0.123438 0.532639 0.048438 0.095833
0 0.803906 0.868056 0.040625 0.055556
0 0.689844 0.139583 0.075000 0.098611
0 0.264453 0.105556 0.064844 0.066667
