0 0.475781 0.262500 0.078125 0.111111
0 0.563281 0.102778 0.098437 0.111111
0 0.662500 0.373611 0.068750 0.138889
0 0.649609 0.492361 0.052344 0.140278
0 0.357812 0.306944 0.060937 0.113889
0 0.371484 0.495139 0.063281 0.106944
0 0.871094 0.124306 0.056250 0.095833
0 0.156250 0.529861 0.071875 0.090278
0 0.529687 0.293750 0.046875 0.154167
0 0.830078 0.685417 0.075781 0.104167
0 0.327734 0.644444 0.052344 0.113889
0 0.612891 0.270833 0.072656 0.105556
0 0.340234 0.164583 0.063281 0.126389
0 0.891406 0.407639 0.043750 0.112500
0 0.898438 0.218056 0.060937 0.086111
0 0.721484 0.374306 0.061719 0.095833
0 0.391016 0.649306 0.086719 0.106944
0 0.362891 0.703472 0.074219 0.098611
0 0.851172 0.478472 0.074219 0.101389
0 0.847266 0.343750 0.071094 0.112500
0 0.841016 0.404167 0.061719 0.108333
