0 0.426552 0.456609 0.0586525 0.147601
0 0.683945 0.325623 0.0547836 0.15931
0 0.4961 0.389287 0.0942127 0.135408
0 0.548753 0.5891 0.046381 0.138653
0 0.152038 0.590547 0.0581713 0.10177
0 0.838247 0.700511 0.0495842 0.137267
0 0.83518 0.823125 0.0489311 0.115866
0 0.798427 0.605574 0.0496828 0.106142
0 0.725716 0.747717 0.0453245 0.134952
0 0.814418 0.116468 0.065291 0.112169
0 0.241252 0.760535 0.0553156 0.120127
0 0.886671 0.466378 0.0624329 0.0840449
0 0.746148 0.099346 0.0719528 0.0926221
0 0.823202 0.330498 0.0555084 0.0735038
0 0.888735 0.587413 0.0687105 0.10047
0 0.680553 0.752322 0.0552005 0.118581
0 0.784907 0.767488 0.0581161 0.0821523
0 0.797078 0.728293 0.0518453 0.124928
0 0.855799 0.199824 0.0484976 0.120777
0 0.887664 0.675597 0.0467466 0.0980505
0 0.907719 0.494889 0.0415775 0.131589
0 0.244199 0.0648815 0.0537721 0.0960203
