0 0.232031 0.455556 0.062500 0.094444
0 0.185156 0.251389 0.060937 0.127778
0 0.235156 0.315278 0.051562 0.138889
0 0.153125 0.369444 0.062500 0.097222
0 0.221094 0.170139 0.082812 0.098611
0 0.328906 0.245139 0.062500 0.151389
0 0.348438 0.086806 0.081250 0.087500
0 0.456250 0.265972 0.096875 0.095833
0 0.804688 0.625694 0.056250 0.079167
0 0.547656 0.288889 0.090625 0.147222
0 0.320312 0.563889 0.046875 0.172222
0 0.353516 0.570139 0.055469 0.104167
0 0.534766 0.703472 0.057031 0.126389
0 0.511328 0.613889 0.049219 0.108333
0 0.885547 0.752083 0.064844 0.084722
0 0.374219 0.438889 0.064062 0.122222
0 0.609766 0.118750 0.074219 0.140278
0 0.823438 0.260417 0.075000 0.106944
0 0.856250 0.522917 0.056250 0.140278
0 0.880469 0.187500 0.060937 0.102778
0 0.388672 0.338889 0.063281 0.163889
0 0.550781 0.066667 0.056250 0.130556
