0 0.146484 0.797917 0.036719 0.062500
0 0.128125 0.771528 0.031250 0.101389
0 0.139844 0.723611 0.051562 0.077778
0 0.142969 0.665278 0.045312 0.063889
0 0.174219 0.909028 0.057813 0.068056
0 0.331250 0.636806 0.045312 0.109722
0 0.438672 0.761806 0.039844 0.126389
0 0.525781 0.646528 0.071875 0.084722
0 0.615234 0.650694 0.055469 0.065278
0 0.632031 0.714583 0.040625 0.090278
0 0.672656 0.699306 0.051562 0.095833
0 0.646484 0.572917 0.042969 0.126389
0 0.892969 0.643056 0.042188 0.102778
0 0.873437 0.297917 0.053125 0.076389
0 0.762891 0.154167 0.055469 0.066667
0 0.531250 0.258333 0.064062 0.075000
0 0.262109 0.468750 0.057031 0.084722
0 0.241406 0.522222 0.048438 0.077778
0 0.851562 0.699306 0.057813 0.112500
0 0.813672 0.498611 0.058594 0.061111
0 0.925000 0.789583 0.050000 0.065278
0 0.843750 0.834722 0.037500 0.075000
0 0.756641 0.086111 0.030469 0.055556
0 0.769141 0.054861 0.055469 0.070833
0 0.804297 0.056250 0.038281 0.056944
0 0.798828 0.120139 0.033594 0.076389
0 0.850781 0.079167 0.057813 0.061111
0 0.724219 0.056944 0.042188 0.072222
