0 0.564634 0.475862 0.0668434 0.156767
0 0.653342 0.541197 0.0859024 0.10268
0 0.331332 0.186254 0.0538093 0.156499
0 0.540228 0.128683 0.0632578 0.178759
0 0.900975 0.366369 0.0478153 0.156595
0 0.409284 0.118246 0.0651887 0.148567
0 0.831919 0.406613 0.0569649 0.172378
0 0.390475 0.210471 0.0510833 0.131748
0 0.747759 0.851141 0.0705635 0.0919813
0 0.848358 0.679413 0.0452188 0.164019
0 0.601456 0.156929 0.0731481 0.119775
0 0.46813 0.47543 0.0887104 0.126544
0 0.601865 0.294709 0.0761367 0.10674
0 0.791061 0.834229 0.0441424 0.0901767
0 0.336804 0.298213 0.0805555 0.109751
0 0.833592 0.760814 0.0637796 0.0784393
0 0.787843 0.74241 0.0702673 0.0796446
0 0.693761 0.20732 0.0704135 0.119809
