0 0.460156 0.308333 0.068750 0.211111
0 0.229297 0.413889 0.096094 0.122222
0 0.147266 0.201389 0.057031 0.144444
0 0.882422 0.347917 0.064844 0.087500
0 0.540625 0.627083 0.057813 0.195833
0 0.322656 0.142361 0.062500 0.123611
0 0.261719 0.038194 0.093750 0.073611
0 0.628516 0.602083 0.078906 0.098611
0 0.775000 0.769444 0.064062 0.091667
0 0.175391 0.254167 0.055469 0.127778
0 0.215234 0.102778 0.057031 0.141667
0 0.518359 0.297222 0.085156 0.116667
0 0.589063 0.727778 0.064062 0.102778
0 0.339844 0.480556 0.076563 0.113889
0 0.767188 0.445833 0.051562 0.166667
0 0.866797 0.253472 0.063281 0.120833
0 0.400781 0.424306 0.050000 0.145833
0 0.771484 0.329861 0.063281 0.095833
0 0.310547 0.307639 0.116406 0.118056
