0 0.533984 0.595833 0.072656 0.125000
0 0.487500 0.244444 0.089063 0.102778
0 0.328906 0.538194 0.042188 0.148611
0 0.375391 0.549306 0.053906 0.165278
0 0.171484 0.531944 0.066406 0.088889
0 0.803516 0.201389 0.063281 0.136111
0 0.513281 0.422917 0.089063 0.104167
0 0.870703 0.131944 0.061719 0.091667
0 0.852734 0.557639 0.074219 0.095833
0 0.766016 0.101389 0.052344 0.097222
0 0.637109 0.549306 0.078906 0.090278
0 0.662891 0.239583 0.074219 0.131944
0 0.342969 0.220139 0.082812 0.129167
0 0.394141 0.420833 0.071094 0.086111
0 0.355859 0.312500 0.067969 0.108333
0 0.831250 0.700694 0.071875 0.084722
0 0.838281 0.379167 0.075000 0.094444
0 0.747656 0.762500 0.067187 0.091667
0 0.228906 0.606944 0.043750 0.111111
0 0.429297 0.083333 0.067969 0.116667
0 0.612109 0.257639 0.072656 0.134722
0 0.847266 0.646528 0.066406 0.098611
