0 0.159766 0.578472 0.049219 0.095833
0 0.492578 0.423611 0.060156 0.183333
0 0.755469 0.725694 0.050000 0.148611
0 0.356641 0.732639 0.060156 0.129167
0 0.669922 0.758333 0.077344 0.086111
0 0.912891 0.570833 0.069531 0.100000
0 0.924219 0.701389 0.071875 0.077778
0 0.244141 0.761806 0.055469 0.129167
0 0.757031 0.099306 0.065625 0.123611
0 0.412500 0.585417 0.082812 0.115278
0 0.717969 0.698611 0.070312 0.105556
0 0.847656 0.724306 0.053125 0.126389
0 0.800391 0.616667 0.067969 0.088889
0 0.879297 0.352083 0.058594 0.098611
0 0.756250 0.572917 0.082812 0.081944
0 0.795312 0.174306 0.048438 0.148611
0 0.889844 0.752083 0.039062 0.106944
0 0.721094 0.847917 0.053125 0.079167
0 0.893750 0.813889 0.050000 0.075000
