0 0.730469 0.541667 0.053125 0.141667
0 0.689063 0.389583 0.062500 0.170833
0 0.750391 0.373611 0.053906 0.172222
0 0.609375 0.640972 0.078125 0.109722
0 0.604688 0.475000 0.084375 0.116667
0 0.338672 0.113194 0.058594 0.156944
0 0.679297 0.215972 0.075781 0.095833
0 0.470313 0.453472 0.062500 0.137500
0 0.496484 0.583333 0.066406 0.127778
0 0.500781 0.664583 0.085938 0.084722
0 0.402344 0.400694 0.054688 0.184722
0 0.747266 0.644444 0.066406 0.127778
0 0.449219 0.321528 0.065625 0.134722
0 0.821094 0.494444 0.067187 0.097222
0 0.868750 0.161111 0.048438 0.086111
0 0.532813 0.057639 0.098437 0.098611
0 0.791016 0.763194 0.071094 0.087500
0 0.242188 0.241667 0.043750 0.119444
0 0.822266 0.569444 0.080469 0.094444
0 0.797656 0.694444 0.056250 0.083333
