0 0.548828 0.060417 0.092969 0.095833
0 0.692187 0.359028 0.062500 0.162500
0 0.565234 0.580556 0.067969 0.125000
0 0.426953 0.579167 0.077344 0.133333
0 0.700391 0.694444 0.074219 0.138889
0 0.683203 0.215972 0.050781 0.118056
0 0.861719 0.345833 0.062500 0.100000
0 0.606641 0.484028 0.082031 0.109722
0 0.402734 0.294444 0.077344 0.133333
0 0.644531 0.534028 0.068750 0.087500
0 0.822266 0.566667 0.072656 0.086111
0 0.791797 0.693056 0.053906 0.086111
0 0.843750 0.502083 0.051562 0.143056
0 0.458984 0.470833 0.085156 0.113889
0 0.338672 0.117361 0.058594 0.140278
0 0.242578 0.240278 0.044531 0.097222
0 0.871484 0.159722 0.058594 0.111111
0 0.609766 0.177083 0.091406 0.101389
