0 0.619326 0.671314 0.0555414 0.142376
0 0.620399 0.266881 0.0607868 0.148776
0 0.426021 0.478661 0.0537194 0.0994883
0 0.505751 0.373422 0.0550373 0.161724
0 0.566415 0.260835 0.0466171 0.144297
0 0.67955 0.687311 0.0576023 0.153041
0 0.345936 0.0793623 0.0913802 0.109926
0 0.445209 0.102991 0.0918751 0.09358
0 0.723392 0.271934 0.0784676 0.0997462
0 0.453173 0.728084 0.0686354 0.138705
0 0.788287 0.191224 0.042464 0.133816
0 0.164372 0.550587 0.0701402 0.0977305
0 0.456544 0.591637 0.0719036 0.127582
0 0.836221 0.176541 0.0456348 0.116909
0 0.836304 0.668145 0.0719616 0.108098
0 0.895745 0.56545 0.0668251 0.10554
0 0.87776 0.431893 0.0827816 0.128986
0 0.850078 0.543772 0.0496433 0.0963031
0 0.886735 0.294594 0.0382755 0.115747
0 0.445425 0.345471 0.0792702 0.121846
