0 0.459401 0.336154 0.0562645 0.155297
0 0.330204 0.262249 0.0576606 0.168221
0 0.742518 0.455372 0.0574583 0.156496
0 0.204228 0.297043 0.0596655 0.10455
0 0.826736 0.498074 0.0489637 0.137233
0 0.391416 0.621343 0.0601969 0.149417
0 0.563296 0.29952 0.0828157 0.118187
0 0.831904 0.292894 0.0555237 0.132622
0 0.880692 0.464021 0.0527561 0.0880712
0 0.445607 0.109274 0.0820906 0.112751
0 0.559066 0.488213 0.0885652 0.107301
0 0.411576 0.244276 0.0747692 0.140774
0 0.848355 0.355456 0.0900139 0.102133
0 0.719446 0.334721 0.0770866 0.110664
0 0.831203 0.664945 0.0613857 0.0771964
0 0.385591 0.372992 0.0889397 0.109689
0 0.726669 0.696514 0.0852035 0.165844
0 0.709846 0.743752 0.0786654 0.0874223
0 0.717339 0.682749 0.0718123 0.138817
0 0.74313 0.716499 0.0540937 0.147653
