0 0.749219 0.460417 0.082812 0.109722
0 0.587500 0.250000 0.057813 0.152778
0 0.375000 0.426389 0.054688 0.141667
0 0.525391 0.615972 0.067969 0.170833
0 0.586328 0.485417 0.050781 0.115278
0 0.359375 0.251389 0.073438 0.116667
0 0.711328 0.627083 0.041406 0.134722
0 0.641797 0.720833 0.053906 0.136111
0 0.223047 0.607639 0.055469 0.098611
0 0.633203 0.363194 0.082031 0.101389
0 0.825391 0.489583 0.067969 0.101389
0 0.336719 0.545139 0.050000 0.173611
0 0.660547 0.605556 0.067969 0.102778
0 0.885156 0.729167 0.035937 0.100000
0 0.418359 0.742361 0.082031 0.112500
0 0.425781 0.468750 0.084375 0.104167
0 0.892188 0.301389 0.045312 0.130556
0 0.382422 0.520139 0.066406 0.104167
0 0.684375 0.124306 0.067187 0.104167
0 0.762500 0.573611 0.059375 0.094444
0 0.803516 0.340278 0.067969 0.088889
0 0.237891 0.353472 0.053906 0.090278
0 0.505078 0.701389 0.088281 0.111111
