0 0.257812 0.113889 0.060937 0.086111
0 0.128906 0.227083 0.050000 0.093056
0 0.177344 0.174306 0.053125 0.123611
0 0.137500 0.757639 0.040625 0.098611
0 0.413672 0.142361 0.058594 0.115278
0 0.369531 0.665278 0.067187 0.119444
0 0.872656 0.388889 0.032813 0.091667
0 0.121094 0.506944 0.043750 0.111111
0 0.125781 0.647917 0.037500 0.090278
0 0.380078 0.793056 0.047656 0.136111
0 0.125000 0.421528 0.054688 0.093056
0 0.396094 0.086111 0.046875 0.116667
0 0.148828 0.913889 0.058594 0.069444
0 0.137500 0.829167 0.050000 0.069444
0 0.421875 0.493750 0.057813 0.090278
0 0.496094 0.641667 0.081250 0.116667
0 0.794922 0.581944 0.044531 0.086111
0 0.630469 0.386806 0.078125 0.087500
0 0.870313 0.467361 0.054688 0.112500
0 0.765625 0.253472 0.053125 0.079167
0 0.514453 0.436111 0.052344 0.127778
0 0.498828 0.082639 0.075781 0.093056
0 0.871484 0.313889 0.061719 0.083333
0 0.275781 0.741667 0.071875 0.119444
0 0.292578 0.179861 0.072656 0.101389
0 0.127344 0.304167 0.050000 0.083333
