0 0.585156 0.261111 0.056250 0.144444
0 0.357031 0.260417 0.068750 0.140278
0 0.651563 0.473611 0.068750 0.130556
0 0.408594 0.464583 0.065625 0.118056
0 0.222266 0.605556 0.057031 0.100000
0 0.330859 0.556944 0.049219 0.152778
0 0.639844 0.716667 0.048438 0.130556
0 0.531250 0.454861 0.096875 0.112500
0 0.379688 0.565278 0.046875 0.125000
0 0.886328 0.731944 0.033594 0.094444
0 0.880078 0.281944 0.042969 0.130556
0 0.587109 0.477083 0.044531 0.106944
0 0.726172 0.694444 0.069531 0.108333
0 0.652734 0.111806 0.069531 0.104167
0 0.886719 0.434028 0.043750 0.120833
0 0.415625 0.745833 0.085938 0.102778
0 0.458203 0.254167 0.077344 0.100000
0 0.670703 0.620139 0.074219 0.093056
0 0.542969 0.725000 0.085938 0.105556
0 0.728906 0.511111 0.079687 0.108333
0 0.801562 0.495833 0.090625 0.105556
0 0.803906 0.335417 0.065625 0.095833
0 0.237500 0.353472 0.054688 0.090278
