0 0.358203 0.119444 0.083594 0.119444
0 0.306250 0.420833 0.078125 0.122222
0 0.245312 0.133333 0.060937 0.163889
0 0.248047 0.273611 0.061719 0.100000
0 0.158203 0.579167 0.057031 0.177778
0 0.501172 0.282639 0.089844 0.101389
0 0.208594 0.361806 0.079687 0.129167
0 0.852344 0.401389 0.046875 0.133333
0 0.778906 0.345833 0.076563 0.116667
0 0.599219 0.742361 0.084375 0.087500
0 0.799219 0.697917 0.071875 0.101389
0 0.677734 0.246528 0.069531 0.159722
0 0.305859 0.188889 0.058594 0.100000
0 0.300000 0.082639 0.079687 0.101389
0 0.834375 0.589583 0.039062 0.115278
0 0.133594 0.450000 0.056250 0.133333
0 0.403906 0.620833 0.071875 0.158333
0 0.383984 0.199306 0.097656 0.112500
0 0.862891 0.640972 0.041406 0.156944
