0 0.146484 0.797917 0.036719 0.062500
0 0.128125 0.771528 0.031250 0.101389
0 0.139844 0.723611 0.051562 0.077778
0 0.142969 0.665278 0.045312 0.063889
0 0.174219 0.909028 0.057813 0.068056
0 0.335156 0.631250 0.045312 0.106944
0 0.439453 0.761806 0.041406 0.126389
0 0.525781 0.646528 0.071875 0.084722
0 0.617578 0.649306 0.060156 0.062500
0 0.633203 0.711111 0.039844 0.097222
0 0.671484 0.692361 0.053906 0.109722
0 0.647656 0.565972 0.045312 0.120833
0 0.869531 0.693750 0.050000 0.076389
0 0.873437 0.297917 0.053125 0.076389
0 0.755078 0.155556 0.049219 0.061111
0 0.530469 0.253472 0.065625 0.070833
0 0.262109 0.468750 0.057031 0.084722
0 0.241406 0.522222 0.048438 0.077778
0 0.886719 0.729861 0.040625 0.054167
0 0.902734 0.777083 0.046094 0.048611
0 0.890234 0.836806 0.038281 0.070833
0 0.861719 0.792361 0.037500 0.065278
0 0.766016 0.101389 0.042969 0.047222
0 0.773047 0.059722 0.049219 0.061111
0 0.804297 0.056250 0.038281 0.056944
0 0.797656 0.120139 0.034375 0.084722
0 0.843359 0.069444 0.052344 0.069444
0 0.728906 0.045139 0.048438 0.059722
