0 0.553125 0.265278 0.065625 0.133333
0 0.529687 0.170833 0.096875 0.094444
0 0.363672 0.291667 0.047656 0.163889
0 0.650781 0.268056 0.045312 0.166667
0 0.459375 0.713194 0.062500 0.129167
0 0.436328 0.237500 0.082031 0.100000
0 0.714844 0.266667 0.043750 0.136111
0 0.830859 0.684722 0.077344 0.105556
0 0.360156 0.122917 0.079687 0.126389
0 0.330859 0.735417 0.067969 0.104167
0 0.161719 0.536111 0.054688 0.119444
0 0.498437 0.315278 0.071875 0.138889
0 0.676562 0.152083 0.046875 0.115278
0 0.380469 0.622917 0.076563 0.137500
0 0.867188 0.502083 0.075000 0.106944
0 0.769141 0.314583 0.055469 0.156944
0 0.827344 0.379167 0.048438 0.113889
0 0.362891 0.666667 0.049219 0.138889
0 0.332031 0.504167 0.057813 0.119444
0 0.855078 0.328472 0.052344 0.115278
