0 0.598047 0.725000 0.067969 0.158333
0 0.332813 0.506944 0.068750 0.111111
0 0.806641 0.094444 0.058594 0.144444
0 0.567187 0.068750 0.071875 0.101389
0 0.374609 0.697917 0.061719 0.123611
0 0.266406 0.165972 0.051562 0.087500
0 0.677734 0.329861 0.071094 0.165278
0 0.530078 0.290278 0.058594 0.158333
0 0.889062 0.597222 0.062500 0.083333
0 0.754297 0.519444 0.069531 0.086111
0 0.787500 0.243056 0.079687 0.091667
0 0.236719 0.290972 0.053125 0.076389
0 0.787891 0.363889 0.077344 0.108333
0 0.148438 0.109028 0.075000 0.095833
0 0.323828 0.683333 0.046094 0.080556
0 0.666016 0.653472 0.061719 0.143056
0 0.851953 0.284028 0.050781 0.162500
0 0.908594 0.693056 0.070312 0.088889
0 0.210156 0.136806 0.060937 0.079167
0 0.221094 0.222917 0.079687 0.084722
0 0.759766 0.159028 0.057031 0.101389
