0 0.576953 0.447222 0.055469 0.191667
0 0.498047 0.061806 0.088281 0.106944
0 0.444531 0.299306 0.059375 0.165278
0 0.151562 0.441667 0.037500 0.108333
0 0.477344 0.586111 0.081250 0.125000
0 0.391406 0.434028 0.098437 0.106944
0 0.716406 0.707639 0.060937 0.162500
0 0.835547 0.676389 0.042969 0.150000
0 0.636328 0.537500 0.082031 0.088889
0 0.857031 0.348611 0.056250 0.105556
0 0.760547 0.378472 0.078906 0.140278
0 0.760547 0.587500 0.049219 0.133333
0 0.349219 0.308333 0.081250 0.133333
0 0.794922 0.681944 0.058594 0.083333
0 0.387891 0.179167 0.092969 0.116667
0 0.712109 0.589583 0.080469 0.098611
0 0.337500 0.122222 0.059375 0.136111
0 0.243359 0.242361 0.035156 0.126389
0 0.687500 0.195833 0.065625 0.133333
0 0.870313 0.196528 0.050000 0.137500
