0 0.358069 0.549415 0.0530606 0.146099
0 0.726052 0.696456 0.0651402 0.118509
0 0.498737 0.163597 0.101203 0.0961455
0 0.47526 0.530455 0.0938311 0.099978
0 0.769935 0.467639 0.0639004 0.0949397
0 0.326885 0.67274 0.0528237 0.115013
0 0.864124 0.524229 0.0448311 0.123253
0 0.219669 0.606292 0.0614561 0.0971871
0 0.456688 0.228634 0.0791678 0.126908
0 0.202934 0.507174 0.0499918 0.120583
0 0.628142 0.1221 0.0921045 0.0931795
0 0.907229 0.210387 0.0673193 0.0772137
0 0.346359 0.198231 0.0694807 0.151156
0 0.597803 0.47451 0.0666443 0.13741
0 0.434683 0.372418 0.0843026 0.113396
0 0.820004 0.586251 0.0607887 0.104128
0 0.814612 0.698149 0.0553885 0.122646
0 0.686311 0.478316 0.0692019 0.0952481
0 0.836203 0.113912 0.0468971 0.0866054
0 0.620428 0.673956 0.0580893 0.172893
0 0.856406 0.229673 0.058807 0.113984
0 0.592131 0.697136 0.0607018 0.10298
0 0.801147 0.202606 0.0594927 0.0760194
