0 0.655838 0.474814 0.0732363 0.12793
0 0.380324 0.5406 0.0439754 0.133497
0 0.584583 0.252332 0.0582107 0.153639
0 0.362652 0.23894 0.0681396 0.136146
0 0.33007 0.565562 0.049204 0.139431
0 0.72788 0.697906 0.0654984 0.117266
0 0.586756 0.484359 0.0500904 0.116384
0 0.222955 0.607367 0.055991 0.0996459
0 0.639011 0.720228 0.04746 0.148241
0 0.647209 0.112946 0.0755043 0.0997511
0 0.408775 0.462758 0.0691414 0.123169
0 0.886018 0.72994 0.0361589 0.0946367
0 0.669897 0.615117 0.0719861 0.111374
0 0.808459 0.511717 0.0736956 0.124985
0 0.504904 0.454199 0.0891909 0.123447
0 0.415403 0.744489 0.0848026 0.107681
0 0.550181 0.713687 0.0933356 0.105556
0 0.23887 0.353527 0.0520383 0.0918765
0 0.80315 0.336341 0.0669268 0.0954222
0 0.893825 0.306412 0.0483328 0.117347
0 0.743391 0.539656 0.0820913 0.082486
0 0.505108 0.362558 0.0854872 0.0983131
