0 0.176172 0.113194 0.041406 0.079167
0 0.166406 0.219444 0.050000 0.102778
0 0.268359 0.247917 0.063281 0.056944
0 0.130469 0.538889 0.034375 0.088889
0 0.546875 0.729861 0.057813 0.087500
0 0.513672 0.587500 0.071094 0.086111
0 0.575781 0.631944 0.054688 0.102778
0 0.618750 0.603472 0.037500 0.095833
0 0.603125 0.695833 0.032813 0.088889
0 0.886719 0.768056 0.040625 0.058333
0 0.889453 0.815972 0.055469 0.045833
0 0.896094 0.862500 0.032813 0.069444
0 0.872266 0.896528 0.035156 0.059722
0 0.841406 0.911806 0.034375 0.070833
0 0.805859 0.924306 0.053906 0.081944
0 0.890625 0.519444 0.037500 0.111111
0 0.887109 0.356250 0.036719 0.120833
0 0.888281 0.262500 0.048438 0.066667
0 0.854297 0.135417 0.044531 0.062500
0 0.891406 0.121528 0.032813 0.048611
0 0.875391 0.165278 0.058594 0.055556
0 0.864062 0.075694 0.039062 0.073611
0 0.774609 0.065972 0.053906 0.079167
0 0.765625 0.143056 0.042188 0.063889
0 0.699609 0.161111 0.074219 0.058333
0 0.723828 0.051389 0.055469 0.086111
0 0.600781 0.188194 0.056250 0.095833
