0 0.283135 0.469668 0.0597201 0.121832
0 0.17876 0.542932 0.0661673 0.0856152
0 0.289065 0.0980083 0.0739908 0.109189
0 0.678154 0.518979 0.0841324 0.110763
0 0.229694 0.061248 0.0553636 0.122496
0 0.58548 0.336821 0.0690933 0.0795331
0 0.677207 0.359764 0.0884705 0.112477
0 0.659175 0.209655 0.0928536 0.104263
0 0.199893 0.698117 0.0602117 0.0904284
0 0.557133 0.471092 0.0622393 0.171238
0 0.154429 0.273047 0.0666268 0.113863
0 0.285308 0.31094 0.0954789 0.108857
0 0.374736 0.075965 0.0581474 0.15193
0 0.744884 0.533628 0.0576002 0.124589
0 0.446345 0.488866 0.0630714 0.131705
0 0.36639 0.575988 0.0634469 0.116217
0 0.535894 0.154044 0.0931643 0.106356
0 0.33652 0.492523 0.0568053 0.162761
0 0.260152 0.675222 0.0703057 0.115649
0 0.147464 0.641025 0.0566527 0.127423
0 0.132659 0.149696 0.0549953 0.121302
0 0.179919 0.352215 0.0352212 0.123554
0 0.314254 0.0302215 0.061337 0.060443
