0 0.575817 0.364266 0.0664417 0.11658
0 0.807487 0.729545 0.0483603 0.147211
0 0.594445 0.469005 0.0428049 0.127742
0 0.770726 0.619468 0.0437168 0.12407
0 0.480971 0.298283 0.0736187 0.124098
0 0.508763 0.605427 0.0653078 0.158614
0 0.545335 0.0981 0.0760004 0.114995
0 0.865824 0.533291 0.0615627 0.109035
0 0.8239 0.533078 0.0504002 0.142045
0 0.453507 0.454301 0.0760494 0.138342
0 0.435028 0.229117 0.0642653 0.156981
0 0.734002 0.500985 0.0905773 0.091295
0 0.69625 0.338979 0.0711203 0.101772
0 0.750691 0.411421 0.098204 0.104051
0 0.681188 0.623578 0.0607574 0.150666
0 0.341656 0.310199 0.0931316 0.134009
0 0.556771 0.304419 0.0836935 0.108156
0 0.748007 0.332931 0.0826206 0.100736
0 0.757408 0.725862 0.0592731 0.094594
0 0.802189 0.195121 0.052548 0.140879
0 0.242944 0.245972 0.0387224 0.104349
