0 0.494231 0.301561 0.0490307 0.164242
0 0.504486 0.516662 0.0427614 0.118589
0 0.451692 0.465698 0.0696819 0.139431
0 0.608324 0.633001 0.0850381 0.137327
0 0.151658 0.402271 0.0420832 0.115759
0 0.813072 0.727832 0.0816891 0.0974148
0 0.826786 0.443503 0.0831968 0.088422
0 0.617121 0.480992 0.0888834 0.120252
0 0.926425 0.515415 0.061668 0.0913803
0 0.568297 0.375452 0.10978 0.154314
0 0.8907 0.579665 0.0373711 0.16032
0 0.892766 0.289813 0.0415907 0.130359
0 0.238621 0.762365 0.0478518 0.120094
0 0.835599 0.517736 0.0691441 0.0908193
0 0.863106 0.391028 0.0675177 0.14017
0 0.550991 0.47774 0.0635342 0.122681
0 0.860825 0.554509 0.0531412 0.123956
0 0.565252 0.354433 0.104383 0.115729
0 0.926111 0.410693 0.0511951 0.13229
0 0.87132 0.370547 0.0567924 0.144938
