0 0.76695 0.467898 0.0653648 0.0981684
0 0.369272 0.174682 0.0538889 0.17172
0 0.668212 0.249281 0.0624698 0.139518
0 0.654631 0.607416 0.0652663 0.144114
0 0.529482 0.279334 0.0850045 0.0990134
0 0.329295 0.7555 0.0490556 0.134731
0 0.467585 0.526446 0.098941 0.0992872
0 0.324875 0.276802 0.0570867 0.16074
0 0.219972 0.604668 0.0616385 0.126132
0 0.459884 0.248131 0.0752502 0.10899
0 0.813696 0.209813 0.0500011 0.108393
0 0.578481 0.539944 0.0726641 0.0901003
0 0.494991 0.437542 0.09417 0.0955036
0 0.824946 0.583669 0.0628387 0.0997246
0 0.577261 0.171957 0.0903291 0.0940079
0 0.859866 0.205919 0.0410746 0.12656
0 0.907864 0.203185 0.0558853 0.0742978
0 0.760597 0.776764 0.0655565 0.087438
0 0.32637 0.663048 0.049539 0.119667
0 0.834388 0.114273 0.0470823 0.0846034
0 0.833109 0.30298 0.0604717 0.0886753
0 0.456965 0.0871592 0.0861191 0.107609
