0 0.450391 0.648611 0.077344 0.080556
0 0.317969 0.435417 0.068750 0.126389
0 0.133984 0.504167 0.057031 0.100000
0 0.675000 0.137500 0.045312 0.125000
0 0.555469 0.207639 0.064062 0.118056
0 0.869922 0.452083 0.066406 0.084722
0 0.161328 0.591667 0.055469 0.086111
0 0.346875 0.831944 0.059375 0.116667
0 0.182422 0.416667 0.063281 0.083333
0 0.179688 0.681250 0.048438 0.120833
0 0.619531 0.177083 0.067187 0.095833
0 0.405078 0.720139 0.078906 0.090278
0 0.659375 0.066667 0.076563 0.072222
0 0.150391 0.384028 0.046094 0.109722
0 0.859766 0.180556 0.042969 0.102778
0 0.273828 0.658333 0.071094 0.113889
0 0.567969 0.682639 0.042188 0.123611
0 0.244141 0.815972 0.038281 0.112500
0 0.482812 0.805556 0.073438 0.116667
0 0.356250 0.440972 0.034375 0.129167
0 0.623437 0.097917 0.046875 0.087500
0 0.606641 0.368750 0.077344 0.087500
0 0.350000 0.206250 0.079687 0.140278
0 0.260937 0.529861 0.062500 0.126389
0 0.666016 0.734722 0.057031 0.083333
0 0.164062 0.133333 0.046875 0.091667
