0 0.557813 0.456944 0.054688 0.163889
0 0.689453 0.356250 0.074219 0.145833
0 0.844922 0.507639 0.049219 0.156944
0 0.550000 0.075694 0.087500 0.112500
0 0.417969 0.388889 0.064062 0.127778
0 0.864062 0.348611 0.065625 0.102778
0 0.439844 0.480556 0.054688 0.141667
0 0.642578 0.540972 0.069531 0.093056
0 0.817969 0.568750 0.065625 0.090278
0 0.403906 0.597222 0.057813 0.130556
0 0.727344 0.588889 0.100000 0.108333
0 0.337891 0.126389 0.058594 0.130556
0 0.717578 0.718056 0.058594 0.155556
0 0.806250 0.695833 0.067187 0.091667
0 0.373437 0.340972 0.068750 0.162500
0 0.242969 0.241667 0.043750 0.100000
0 0.798047 0.207639 0.074219 0.109722
0 0.869922 0.182639 0.052344 0.126389
0 0.690625 0.212500 0.054688 0.116667
