0 0.144531 0.802083 0.056250 0.081944
0 0.414453 0.793056 0.089844 0.108333
0 0.404687 0.869444 0.087500 0.086111
0 0.237109 0.597222 0.069531 0.083333
0 0.206250 0.193750 0.065625 0.081944
0 0.169531 0.615972 0.056250 0.123611
0 0.294922 0.504861 0.078906 0.090278
0 0.149609 0.184028 0.053906 0.106944
0 0.602734 0.077083 0.067969 0.087500
0 0.291016 0.644444 0.067969 0.088889
0 0.391016 0.600694 0.066406 0.126389
0 0.638672 0.105556 0.060156 0.105556
0 0.587891 0.142361 0.055469 0.081944
0 0.244141 0.311111 0.052344 0.152778
0 0.353516 0.672222 0.078906 0.113889
0 0.871094 0.411111 0.045312 0.127778
0 0.139844 0.914583 0.068750 0.070833
0 0.337891 0.300000 0.053906 0.111111
0 0.221875 0.236806 0.057813 0.076389
0 0.142187 0.861806 0.051562 0.059722
0 0.234375 0.837500 0.060937 0.077778
0 0.853906 0.292361 0.045312 0.087500
0 0.471484 0.493056 0.066406 0.077778
0 0.140625 0.531250 0.039062 0.131944
0 0.204687 0.369444 0.048438 0.088889
0 0.281250 0.356944 0.050000 0.161111
