0 0.52638 0.143171 0.0801443 0.0985831
0 0.448528 0.218944 0.082973 0.089711
0 0.416135 0.120754 0.0809278 0.111652
0 0.158479 0.696633 0.0752559 0.0906896
0 0.526277 0.255643 0.0889991 0.102468
0 0.316743 0.654553 0.0587008 0.144314
0 0.26084 0.306338 0.0643346 0.108826
0 0.224439 0.683511 0.0689792 0.0949295
0 0.603362 0.349469 0.0996565 0.107667
0 0.858512 0.773941 0.0552174 0.0918986
0 0.340203 0.295818 0.0852759 0.0954925
0 0.218873 0.500715 0.0739613 0.0804681
0 0.222655 0.20592 0.0489822 0.137329
0 0.14946 0.207782 0.0598267 0.101443
0 0.521856 0.598206 0.0758419 0.0855042
0 0.608183 0.722463 0.0680073 0.113339
0 0.175387 0.594966 0.0660855 0.101547
0 0.862728 0.478658 0.0397699 0.110908
0 0.479362 0.483713 0.0576621 0.148248
0 0.361339 0.424112 0.0472466 0.102192
0 0.78516 0.625712 0.0503832 0.121193
0 0.191862 0.147411 0.0464618 0.113952
0 0.133157 0.254859 0.0416987 0.105531
0 0.516382 0.532008 0.0680999 0.109822
0 0.830991 0.435207 0.0491604 0.126275
