0 0.160704 0.580854 0.0478267 0.0989195
0 0.677237 0.654651 0.0587518 0.145006
0 0.500002 0.511892 0.0840909 0.10314
0 0.834633 0.823731 0.0477247 0.116175
0 0.237073 0.762897 0.048682 0.120666
0 0.755908 0.761211 0.0507853 0.0936306
0 0.843506 0.645792 0.0590128 0.101868
0 0.852987 0.199932 0.0460373 0.117835
0 0.761041 0.635636 0.0709183 0.103351
0 0.660071 0.368086 0.0582413 0.136672
0 0.799844 0.698451 0.036245 0.114976
0 0.832974 0.753914 0.0559574 0.11981
0 0.686047 0.753165 0.0713554 0.110955
0 0.857497 0.522145 0.0713556 0.094946
0 0.861978 0.12192 0.0674612 0.0777254
0 0.888992 0.62393 0.06964 0.0797785
0 0.890956 0.430745 0.0602398 0.115279
0 0.858179 0.293487 0.0500553 0.09738
