0 0.152574 0.160557 0.0483765 0.129719
0 0.295724 0.6427 0.0686054 0.102516
0 0.294058 0.735882 0.0621403 0.0881063
0 0.357292 0.51356 0.0638626 0.120914
0 0.6908 0.664243 0.0534054 0.144918
0 0.431554 0.0760386 0.0619772 0.152077
0 0.493291 0.163169 0.066126 0.134445
0 0.477898 0.428699 0.0602335 0.138322
0 0.283454 0.473869 0.0641875 0.119885
0 0.74505 0.528465 0.0693439 0.0968201
0 0.677512 0.358823 0.0919048 0.108936
0 0.561822 0.488323 0.0595743 0.15837
0 0.667179 0.521812 0.0737359 0.117771
0 0.236648 0.229144 0.0507252 0.169029
0 0.270238 0.273354 0.0605113 0.130566
0 0.351995 0.341681 0.0701906 0.105945
0 0.23136 0.0821094 0.0612622 0.131327
0 0.138236 0.35123 0.0550481 0.0984541
0 0.345986 0.62786 0.077535 0.113327
0 0.193878 0.671642 0.0505757 0.0805539
0 0.147889 0.630066 0.0555442 0.133596
0 0.202914 0.0358953 0.0609656 0.0717906
