0 0.717897 0.354629 0.0592817 0.134708
0 0.622056 0.341746 0.0902351 0.122608
0 0.495057 0.522333 0.0963505 0.0929943
0 0.444597 0.439452 0.0525097 0.149639
0 0.476662 0.285562 0.0739881 0.136761
0 0.344684 0.308521 0.0865283 0.114664
0 0.395629 0.39161 0.0592956 0.148935
0 0.574327 0.471263 0.0508663 0.150767
0 0.607074 0.616668 0.0434445 0.152486
0 0.852268 0.673076 0.0804737 0.0964208
0 0.864951 0.350894 0.0827162 0.106968
0 0.470572 0.0733049 0.0667488 0.119501
0 0.669961 0.235953 0.0763278 0.100918
0 0.560109 0.598459 0.0576279 0.13682
0 0.653676 0.618214 0.0456047 0.145828
0 0.815043 0.608324 0.038652 0.0974629
0 0.755987 0.691758 0.0369097 0.109947
0 0.838442 0.763942 0.0506523 0.0888645
0 0.428713 0.561001 0.0719322 0.112726
0 0.713691 0.721707 0.0619452 0.0998008
