0 0.494141 0.388889 0.063281 0.158333
0 0.159375 0.578472 0.048438 0.095833
0 0.663672 0.493750 0.060156 0.140278
0 0.760547 0.738889 0.046094 0.152778
0 0.406641 0.477778 0.052344 0.113889
0 0.653516 0.293750 0.066406 0.118056
0 0.747656 0.121528 0.045312 0.134722
0 0.838672 0.658333 0.077344 0.088889
0 0.674609 0.758333 0.088281 0.091667
0 0.891797 0.803472 0.042969 0.087500
0 0.836719 0.747917 0.042188 0.106944
0 0.243750 0.767361 0.056250 0.123611
0 0.837891 0.565278 0.057031 0.111111
0 0.759766 0.429861 0.086719 0.106944
0 0.497656 0.065972 0.085938 0.118056
0 0.796484 0.368056 0.067969 0.141667
0 0.714453 0.693750 0.074219 0.101389
0 0.876953 0.160417 0.072656 0.090278
