0 0.729688 0.526389 0.051562 0.166667
0 0.689844 0.393056 0.060937 0.169444
0 0.751563 0.372917 0.056250 0.168056
0 0.470703 0.613194 0.061719 0.145833
0 0.553906 0.511806 0.092188 0.106944
0 0.443750 0.328472 0.065625 0.154167
0 0.459375 0.094444 0.090625 0.111111
0 0.578906 0.319444 0.092188 0.100000
0 0.873047 0.136111 0.063281 0.091667
0 0.503516 0.667361 0.086719 0.101389
0 0.825391 0.713194 0.057031 0.134722
0 0.752344 0.668750 0.078125 0.115278
0 0.614453 0.654861 0.069531 0.126389
0 0.338672 0.112500 0.060156 0.155556
0 0.762500 0.556944 0.045312 0.116667
0 0.795312 0.700000 0.045312 0.086111
0 0.405469 0.395139 0.054688 0.179167
0 0.821094 0.495139 0.070312 0.093056
0 0.241797 0.238194 0.039844 0.126389
0 0.820312 0.531250 0.078125 0.156944
0 0.821875 0.556250 0.078125 0.115278
0 0.760547 0.165278 0.047656 0.125000
