0 0.677852 0.656128 0.0634263 0.133625
0 0.160525 0.580455 0.0490018 0.100632
0 0.496543 0.532545 0.0949679 0.099531
0 0.81698 0.599518 0.0507255 0.0975425
0 0.835853 0.825382 0.0474892 0.115718
0 0.872943 0.684837 0.0675648 0.0883637
0 0.759867 0.641455 0.0664502 0.112808
0 0.757019 0.75971 0.0536529 0.0917855
0 0.240403 0.762167 0.0526601 0.121499
0 0.861052 0.291764 0.0556541 0.0965494
0 0.864948 0.133466 0.0728329 0.10031
0 0.800702 0.700109 0.0387627 0.102838
0 0.827731 0.754653 0.0502882 0.0896293
0 0.686198 0.752191 0.0697218 0.112996
0 0.852445 0.199581 0.0445047 0.120969
0 0.887455 0.546897 0.0751959 0.107297
0 0.896964 0.532836 0.0600668 0.092981
