0 0.552344 0.262500 0.064062 0.172222
0 0.509375 0.417361 0.090625 0.115278
0 0.711719 0.263889 0.045312 0.136111
0 0.390625 0.619444 0.062500 0.136111
0 0.363672 0.285417 0.050781 0.145833
0 0.482422 0.262500 0.064844 0.163889
0 0.459375 0.723611 0.059375 0.138889
0 0.451953 0.092361 0.053906 0.137500
0 0.356250 0.071528 0.079687 0.109722
0 0.826562 0.687500 0.071875 0.113889
0 0.666016 0.618750 0.058594 0.154167
0 0.350391 0.465972 0.078906 0.104167
0 0.326562 0.641667 0.057813 0.127778
0 0.158203 0.528472 0.057031 0.101389
0 0.327344 0.723611 0.065625 0.086111
0 0.832031 0.380556 0.051562 0.111111
0 0.868359 0.502778 0.077344 0.113889
0 0.822656 0.779167 0.059375 0.069444
0 0.775000 0.330556 0.054688 0.144444
0 0.857812 0.440972 0.054688 0.101389
0 0.330859 0.229167 0.052344 0.100000
