0 0.534375 0.597222 0.071875 0.122222
0 0.375781 0.552083 0.060937 0.151389
0 0.330078 0.558333 0.049219 0.155556
0 0.487109 0.243750 0.086719 0.104167
0 0.803125 0.200000 0.064062 0.127778
0 0.171875 0.531944 0.065625 0.091667
0 0.511328 0.421528 0.092969 0.104167
0 0.721484 0.767361 0.058594 0.095833
0 0.768750 0.100000 0.054688 0.097222
0 0.342187 0.197222 0.076563 0.111111
0 0.854688 0.557639 0.076563 0.095833
0 0.637109 0.549306 0.078906 0.090278
0 0.871094 0.130556 0.060937 0.091667
0 0.665625 0.240972 0.070312 0.131944
0 0.393359 0.424306 0.066406 0.090278
0 0.830859 0.700000 0.071094 0.086111
0 0.361328 0.303472 0.060156 0.131944
0 0.428516 0.079861 0.069531 0.109722
0 0.849219 0.646528 0.064062 0.101389
0 0.615234 0.263889 0.075781 0.133333
0 0.835938 0.379167 0.068750 0.094444
0 0.232031 0.609722 0.039062 0.113889
