0 0.241016 0.118750 0.064844 0.106944
0 0.126562 0.231944 0.050000 0.080556
0 0.175391 0.179167 0.047656 0.136111
0 0.258203 0.552083 0.066406 0.068056
0 0.434375 0.071528 0.053125 0.087500
0 0.372656 0.663194 0.073438 0.115278
0 0.587500 0.736111 0.059375 0.066667
0 0.119531 0.534028 0.039062 0.140278
0 0.137109 0.645139 0.047656 0.084722
0 0.374609 0.787500 0.053906 0.122222
0 0.138672 0.436806 0.055469 0.090278
0 0.391797 0.086806 0.049219 0.109722
0 0.147266 0.910417 0.055469 0.068056
0 0.134766 0.829167 0.057031 0.072222
0 0.427734 0.459722 0.061719 0.111111
0 0.445703 0.640972 0.080469 0.104167
0 0.806250 0.559722 0.039062 0.097222
0 0.632031 0.381944 0.082812 0.083333
0 0.802344 0.859028 0.032813 0.101389
0 0.759766 0.240972 0.044531 0.095833
0 0.516406 0.434722 0.051562 0.125000
0 0.529297 0.079861 0.066406 0.098611
0 0.826953 0.227083 0.075781 0.084722
0 0.295703 0.799306 0.075781 0.090278
0 0.312500 0.116667 0.073438 0.094444
0 0.126172 0.309028 0.042969 0.079167
