0 0.345269 0.178423 0.0744564 0.122465
0 0.140313 0.336007 0.0582575 0.0917239
0 0.206171 0.234869 0.0665877 0.104086
0 0.601453 0.350217 0.100603 0.0948191
0 0.470223 0.193506 0.07288 0.100784
0 0.526634 0.257421 0.092353 0.10204
0 0.547478 0.158289 0.0844915 0.10594
0 0.857968 0.776277 0.0561842 0.0937695
0 0.260898 0.311438 0.0649247 0.108155
0 0.875814 0.626746 0.0642929 0.105998
0 0.450046 0.566523 0.0781635 0.120822
0 0.321375 0.683023 0.0632536 0.135895
0 0.436204 0.102484 0.0823298 0.0975792
0 0.172398 0.630636 0.0814316 0.0985526
0 0.369066 0.413304 0.0653736 0.0861553
0 0.519859 0.608962 0.0637026 0.0996541
0 0.225111 0.678248 0.0699161 0.100895
0 0.519799 0.521181 0.0756936 0.100292
0 0.176113 0.161334 0.0746823 0.108933
0 0.135263 0.247595 0.0446352 0.0895117
0 0.565165 0.735452 0.0823368 0.0924283
0 0.829141 0.452503 0.058943 0.0796643
0 0.874632 0.463475 0.0664761 0.0789202
0 0.158331 0.701048 0.0706093 0.0744858
0 0.518438 0.803291 0.0700224 0.0924057
0 0.133579 0.185352 0.045654 0.0612896
