0 0.496872 0.240305 0.0568708 0.162619
0 0.377371 0.420945 0.0635965 0.137012
0 0.624874 0.279062 0.068727 0.120236
0 0.328862 0.221415 0.061182 0.109224
0 0.368161 0.18134 0.0574999 0.127091
0 0.74185 0.398171 0.0458677 0.160005
0 0.681937 0.193259 0.0891621 0.0872327
0 0.225166 0.284761 0.0418473 0.141313
0 0.544045 0.235304 0.0426826 0.152673
0 0.880225 0.681872 0.0702961 0.0919225
0 0.548811 0.609473 0.0877554 0.124891
0 0.719815 0.75286 0.0729502 0.0919673
0 0.517802 0.346965 0.0907526 0.0941244
0 0.590096 0.184553 0.0789141 0.0859939
0 0.599449 0.460192 0.0935945 0.0907908
0 0.818915 0.743505 0.0710248 0.108958
0 0.790865 0.177769 0.082444 0.0883937
0 0.248737 0.226623 0.074297 0.102936
0 0.388481 0.580368 0.073432 0.0825224
0 0.758511 0.497755 0.0616823 0.0938351
0 0.881291 0.765387 0.0527754 0.06711
0 0.442529 0.339854 0.0536453 0.0914812
