0 0.237500 0.117361 0.070312 0.104167
0 0.126562 0.231944 0.050000 0.080556
0 0.170313 0.182639 0.050000 0.123611
0 0.254297 0.614583 0.041406 0.112500
0 0.428906 0.071528 0.056250 0.087500
0 0.375391 0.659028 0.078906 0.106944
0 0.585938 0.731250 0.062500 0.056944
0 0.119531 0.534028 0.039062 0.140278
0 0.137109 0.645139 0.047656 0.084722
0 0.374609 0.787500 0.053906 0.122222
0 0.138672 0.436806 0.055469 0.090278
0 0.391797 0.086806 0.049219 0.109722
0 0.147266 0.910417 0.055469 0.068056
0 0.134766 0.829167 0.057031 0.072222
0 0.427734 0.459722 0.061719 0.111111
0 0.442969 0.639583 0.075000 0.101389
0 0.805078 0.562500 0.041406 0.102778
0 0.632031 0.381944 0.082812 0.083333
0 0.802344 0.859028 0.032813 0.101389
0 0.767578 0.254167 0.046094 0.075000
0 0.516406 0.434722 0.051562 0.125000
0 0.529297 0.079861 0.066406 0.098611
0 0.814063 0.232639 0.064062 0.079167
0 0.294922 0.801389 0.077344 0.094444
0 0.314844 0.115278 0.078125 0.097222
0 0.125391 0.313889 0.044531 0.088889
