0 0.407031 0.590278 0.104688 0.113889
0 0.538281 0.100694 0.056250 0.162500
0 0.620313 0.485417 0.078125 0.109722
0 0.448047 0.431944 0.063281 0.138889
0 0.415625 0.308333 0.079687 0.113889
0 0.682813 0.618750 0.062500 0.145833
0 0.651172 0.548611 0.072656 0.075000
0 0.461719 0.315972 0.051562 0.151389
0 0.866797 0.532639 0.066406 0.106944
0 0.845313 0.377083 0.084375 0.104167
0 0.345313 0.310417 0.076563 0.129167
0 0.827734 0.529861 0.039844 0.148611
0 0.784375 0.711111 0.078125 0.097222
0 0.786328 0.537500 0.060156 0.141667
0 0.643359 0.311806 0.086719 0.090278
0 0.739453 0.393750 0.078906 0.137500
0 0.605469 0.363194 0.078125 0.120833
0 0.242578 0.245139 0.039844 0.104167
