0 0.487822 0.0986664 0.0557394 0.16264
0 0.721801 0.196585 0.0859395 0.0944386
0 0.626252 0.133604 0.0844511 0.115281
0 0.585552 0.331712 0.0636066 0.0894222
0 0.682176 0.533472 0.0906913 0.131352
0 0.556682 0.473525 0.0611276 0.172233
0 0.295677 0.141114 0.080587 0.10914
0 0.199165 0.701946 0.0565847 0.0919234
0 0.219131 0.0580682 0.050755 0.116136
0 0.175798 0.536801 0.0521421 0.126023
0 0.680049 0.36032 0.090428 0.110262
0 0.356923 0.150285 0.0572828 0.161356
0 0.366442 0.574672 0.0626876 0.114982
0 0.137873 0.627718 0.0578411 0.142824
0 0.248382 0.682535 0.0765432 0.106343
0 0.155066 0.272382 0.0632022 0.120817
0 0.445177 0.489993 0.0608039 0.133896
0 0.331434 0.509308 0.058189 0.1508
0 0.743662 0.533188 0.0597124 0.109289
0 0.168964 0.423081 0.051792 0.0893767
0 0.129884 0.152239 0.0501891 0.122679
0 0.282024 0.462703 0.0604456 0.13591
0 0.321256 0.049525 0.0695187 0.09905
