0 0.225391 0.202778 0.053906 0.169444
0 0.456250 0.818056 0.070312 0.077778
0 0.174609 0.315278 0.046094 0.152778
0 0.264062 0.520139 0.089063 0.106944
0 0.275000 0.109722 0.079687 0.097222
0 0.547266 0.727083 0.053906 0.154167
0 0.600000 0.230556 0.054688 0.147222
0 0.205469 0.454167 0.053125 0.163889
0 0.348828 0.687500 0.055469 0.144444
0 0.418359 0.717361 0.094531 0.109722
0 0.223828 0.689583 0.061719 0.106944
0 0.314453 0.593750 0.066406 0.134722
0 0.619141 0.547917 0.055469 0.084722
0 0.501953 0.552778 0.092969 0.116667
0 0.216406 0.336806 0.062500 0.134722
0 0.137109 0.236111 0.041406 0.075000
0 0.331641 0.456250 0.061719 0.090278
0 0.127344 0.307639 0.054688 0.106944
0 0.553125 0.277083 0.068750 0.162500
0 0.746875 0.673611 0.073438 0.088889
0 0.285156 0.188889 0.057813 0.108333
0 0.756250 0.403472 0.078125 0.123611
0 0.817187 0.600694 0.071875 0.079167
0 0.640234 0.347917 0.094531 0.115278
0 0.826953 0.807639 0.060156 0.106944
0 0.875781 0.756944 0.051562 0.111111
