0 0.473828 0.076389 0.067969 0.130556
0 0.679297 0.326389 0.091406 0.113889
0 0.444531 0.372222 0.062500 0.155556
0 0.753516 0.409722 0.044531 0.155556
0 0.384766 0.412500 0.061719 0.155556
0 0.584375 0.386111 0.068750 0.136111
0 0.547266 0.095833 0.088281 0.116667
0 0.796875 0.538194 0.067187 0.112500
0 0.865234 0.340972 0.061719 0.098611
0 0.850781 0.527778 0.050000 0.136111
0 0.457031 0.533333 0.092188 0.122222
0 0.614844 0.751389 0.043750 0.108333
0 0.687891 0.684722 0.083594 0.091667
0 0.692187 0.473611 0.081250 0.133333
0 0.714844 0.548611 0.040625 0.138889
0 0.586719 0.656944 0.082812 0.113889
0 0.370703 0.293056 0.072656 0.094444
0 0.222656 0.206250 0.059375 0.112500
0 0.719531 0.418750 0.037500 0.151389
0 0.701172 0.416667 0.075781 0.152778
