0 0.641016 0.622222 0.044531 0.147222
0 0.157422 0.597222 0.042969 0.108333
0 0.666406 0.320833 0.064062 0.144444
0 0.728516 0.679861 0.053906 0.126389
0 0.594531 0.615972 0.048438 0.173611
0 0.495312 0.382639 0.075000 0.131944
0 0.244531 0.754167 0.050000 0.125000
0 0.769922 0.711806 0.053906 0.143056
0 0.842187 0.375000 0.057813 0.127778
0 0.892969 0.810417 0.050000 0.079167
0 0.832422 0.156250 0.046094 0.120833
0 0.479687 0.271528 0.073438 0.079167
0 0.918750 0.578472 0.067187 0.093056
0 0.791406 0.847917 0.068750 0.081944
0 0.888672 0.479167 0.083594 0.119444
0 0.867969 0.574306 0.068750 0.076389
0 0.741797 0.093750 0.074219 0.112500
0 0.916406 0.685417 0.075000 0.118056
0 0.856641 0.662500 0.069531 0.130556
0 0.719531 0.848611 0.056250 0.080556
0 0.321094 0.414583 0.057813 0.118056
