0 0.556641 0.474306 0.058594 0.148611
0 0.657813 0.468056 0.059375 0.133333
0 0.371094 0.079861 0.096875 0.104167
0 0.787891 0.354167 0.057031 0.152778
0 0.489063 0.254167 0.065625 0.166667
0 0.902344 0.220139 0.068750 0.090278
0 0.831250 0.685417 0.076563 0.101389
0 0.356250 0.284028 0.053125 0.137500
0 0.507031 0.421528 0.079687 0.126389
0 0.342578 0.706250 0.071094 0.090278
0 0.344141 0.438194 0.067969 0.090278
0 0.857031 0.134722 0.057813 0.091667
0 0.326562 0.636111 0.051562 0.125000
0 0.395703 0.624306 0.069531 0.118056
0 0.157031 0.530556 0.070312 0.091667
0 0.535547 0.277778 0.046094 0.175000
0 0.891016 0.414583 0.052344 0.109722
0 0.856250 0.481250 0.076563 0.101389
0 0.844922 0.406250 0.064844 0.101389
0 0.717578 0.378472 0.058594 0.106944
0 0.846094 0.376389 0.068750 0.144444
