0 0.704813 0.487846 0.0531261 0.173091
0 0.822979 0.858878 0.0394913 0.127449
0 0.644224 0.549283 0.0923653 0.111161
0 0.681767 0.339683 0.0545378 0.171039
0 0.548946 0.299464 0.0933409 0.110194
0 0.751349 0.575817 0.0426266 0.123885
0 0.516207 0.196371 0.10291 0.0949971
0 0.881763 0.247787 0.089896 0.0822024
0 0.742098 0.854525 0.0689838 0.0919688
0 0.754017 0.705723 0.0901375 0.102499
0 0.852596 0.358589 0.0732544 0.107305
0 0.873042 0.776687 0.0544598 0.0666907
0 0.333168 0.297217 0.0717903 0.109271
0 0.807366 0.212355 0.0935627 0.106359
0 0.876601 0.711093 0.0649635 0.0773402
0 0.787108 0.83083 0.0459016 0.100655
0 0.360375 0.26323 0.0815587 0.146299
0 0.783082 0.737937 0.0565969 0.104735
0 0.895266 0.148518 0.0638535 0.101796
0 0.341313 0.19071 0.0738042 0.159768
