0 0.557031 0.307639 0.082812 0.106944
0 0.453516 0.472222 0.061719 0.155556
0 0.433984 0.225694 0.064844 0.156944
0 0.546875 0.100694 0.075000 0.109722
0 0.481250 0.300000 0.073438 0.122222
0 0.823438 0.531250 0.048438 0.145833
0 0.732812 0.499306 0.084375 0.095833
0 0.580469 0.417361 0.090625 0.090278
0 0.667969 0.336111 0.082812 0.100000
0 0.345313 0.310417 0.084375 0.134722
0 0.800000 0.753472 0.065625 0.115278
0 0.870703 0.536806 0.067969 0.098611
0 0.676953 0.614583 0.066406 0.131944
0 0.430859 0.594444 0.096094 0.119444
0 0.803516 0.356250 0.089844 0.115278
0 0.801562 0.211111 0.053125 0.150000
0 0.720703 0.325694 0.080469 0.098611
0 0.756641 0.722222 0.057031 0.097222
0 0.623437 0.546528 0.084375 0.076389
0 0.773438 0.612500 0.067187 0.094444
0 0.242188 0.244444 0.037500 0.100000
