0 0.148438 0.804861 0.042188 0.104167
0 0.403906 0.790278 0.076563 0.088889
0 0.379297 0.861806 0.085156 0.090278
0 0.148828 0.365278 0.058594 0.113889
0 0.204687 0.190972 0.067187 0.079167
0 0.166016 0.593056 0.063281 0.091667
0 0.366016 0.323611 0.053906 0.119444
0 0.115625 0.293056 0.046875 0.086111
0 0.602734 0.076389 0.066406 0.088889
0 0.283203 0.522222 0.071094 0.094444
0 0.389844 0.602778 0.067187 0.127778
0 0.450000 0.380556 0.098437 0.091667
0 0.641016 0.104167 0.047656 0.100000
0 0.591016 0.143750 0.053906 0.084722
0 0.238281 0.386806 0.051562 0.140278
0 0.276172 0.613194 0.080469 0.101389
0 0.879687 0.327778 0.062500 0.080556
0 0.139453 0.915278 0.066406 0.069444
0 0.115625 0.218750 0.039062 0.076389
0 0.121094 0.464583 0.053125 0.093056
0 0.179688 0.265278 0.060937 0.069444
0 0.195703 0.836806 0.033594 0.090278
0 0.169531 0.484722 0.039062 0.105556
0 0.231250 0.837500 0.053125 0.077778
