0 0.511719 0.647917 0.075000 0.073611
0 0.273047 0.477778 0.053906 0.100000
0 0.244922 0.906944 0.061719 0.075000
0 0.148438 0.691667 0.043750 0.086111
0 0.154297 0.393056 0.057031 0.100000
0 0.202734 0.583333 0.046094 0.105556
0 0.149609 0.627778 0.036719 0.080556
0 0.878125 0.680556 0.046875 0.072222
0 0.128125 0.487500 0.040625 0.119444
0 0.882422 0.754167 0.033594 0.080556
0 0.878516 0.387500 0.038281 0.111111
0 0.924219 0.755556 0.043750 0.069444
0 0.124219 0.334722 0.050000 0.088889
0 0.869922 0.313194 0.030469 0.079167
0 0.711719 0.643056 0.065625 0.080556
0 0.896484 0.138194 0.028906 0.076389
0 0.873437 0.102083 0.032813 0.037500
0 0.753906 0.586806 0.045312 0.118056
0 0.882031 0.256944 0.043750 0.047222
0 0.882422 0.204167 0.032031 0.061111
0 0.413281 0.493750 0.054688 0.081944
0 0.768750 0.331944 0.045312 0.108333
0 0.849609 0.059028 0.044531 0.045833
0 0.851562 0.206944 0.035937 0.077778
0 0.815625 0.109722 0.048438 0.105556
0 0.869141 0.154167 0.041406 0.052778
0 0.846484 0.111806 0.021094 0.084722
