0 0.329889 0.256695 0.0591249 0.166634
0 0.573832 0.457235 0.05485 0.165961
0 0.831438 0.291961 0.0533485 0.137823
0 0.718853 0.324502 0.0799174 0.116608
0 0.434253 0.109517 0.0767593 0.118742
0 0.55231 0.304724 0.100217 0.10487
0 0.740351 0.401241 0.0698088 0.118739
0 0.46809 0.330205 0.0549258 0.167615
0 0.47686 0.474123 0.0491511 0.123583
0 0.797181 0.651296 0.0644928 0.12136
0 0.854674 0.352976 0.0796139 0.109281
0 0.732471 0.760516 0.0696023 0.0832774
0 0.843664 0.502352 0.0763319 0.104657
0 0.879473 0.463344 0.05009 0.0832488
0 0.409773 0.247252 0.0756101 0.128094
0 0.390308 0.395422 0.0926119 0.115087
0 0.83774 0.726076 0.0531399 0.0865872
0 0.836064 0.628924 0.042543 0.113938
0 0.374322 0.309978 0.0865326 0.0921816
