0 0.476694 0.254234 0.0725611 0.136402
0 0.360734 0.208197 0.0639482 0.146536
0 0.356475 0.490943 0.0613018 0.116864
0 0.667153 0.451132 0.0604833 0.143962
0 0.722108 0.497793 0.0456952 0.149047
0 0.725531 0.697868 0.0656218 0.116819
0 0.504069 0.595007 0.0627264 0.11153
0 0.224248 0.608033 0.0544717 0.103439
0 0.640634 0.124077 0.0783606 0.0955781
0 0.609381 0.462255 0.0546509 0.131058
0 0.790564 0.587302 0.0795015 0.103398
0 0.434628 0.499985 0.085039 0.0999235
0 0.336186 0.733026 0.0626505 0.077869
0 0.728813 0.370108 0.0571194 0.109659
0 0.514892 0.467631 0.0747026 0.122792
0 0.790837 0.154638 0.0381132 0.120715
0 0.833529 0.124841 0.0451447 0.0888634
0 0.807655 0.327695 0.0634739 0.103052
0 0.508253 0.394118 0.0633628 0.0970669
0 0.87161 0.177645 0.0528404 0.160112
0 0.88531 0.351645 0.0381584 0.109349
