0 0.604297 0.568056 0.072656 0.102778
0 0.342969 0.409028 0.059375 0.165278
0 0.135937 0.247222 0.046875 0.088889
0 0.280859 0.194444 0.089844 0.086111
0 0.205469 0.111806 0.065625 0.098611
0 0.498828 0.483333 0.044531 0.113889
0 0.532031 0.233333 0.060937 0.147222
0 0.185156 0.277083 0.042188 0.151389
0 0.405469 0.121528 0.073438 0.145833
0 0.147656 0.393750 0.064062 0.101389
0 0.357031 0.791667 0.071875 0.105556
0 0.219141 0.581250 0.049219 0.148611
0 0.540234 0.714583 0.061719 0.115278
0 0.286328 0.507639 0.085156 0.109722
0 0.466406 0.387500 0.053125 0.111111
0 0.234766 0.718056 0.064844 0.138889
0 0.204687 0.384722 0.060937 0.100000
0 0.276562 0.364583 0.065625 0.118056
0 0.222266 0.277083 0.058594 0.148611
0 0.517188 0.600694 0.051562 0.140278
0 0.354687 0.701389 0.059375 0.083333
0 0.739062 0.315278 0.073438 0.105556
0 0.787109 0.604861 0.050781 0.115278
0 0.280859 0.795833 0.066406 0.077778
0 0.827344 0.819444 0.084375 0.097222
0 0.862109 0.710417 0.041406 0.120833
