0 0.353066 0.205037 0.0596386 0.16353
0 0.870271 0.189605 0.0472149 0.135683
0 0.666684 0.44024 0.070995 0.118384
0 0.475484 0.239731 0.071953 0.163321
0 0.372573 0.472098 0.0505502 0.134511
0 0.79134 0.156744 0.0373581 0.114351
0 0.473175 0.471119 0.0633161 0.130649
0 0.575065 0.49635 0.0524902 0.154478
0 0.468509 0.589822 0.0724922 0.116675
0 0.221919 0.606905 0.0585946 0.101541
0 0.401754 0.545878 0.0931108 0.0983148
0 0.725861 0.701041 0.0667971 0.1223
0 0.713528 0.495096 0.0478217 0.147684
0 0.79038 0.587022 0.0789285 0.102427
0 0.887812 0.378619 0.041256 0.12419
0 0.832198 0.128651 0.0481987 0.0959281
0 0.516341 0.39566 0.0769526 0.126633
0 0.633767 0.119406 0.0892664 0.101163
0 0.380815 0.724829 0.0624898 0.0936137
0 0.232364 0.374489 0.0476162 0.0926948
0 0.727476 0.380277 0.0651827 0.116793
0 0.808179 0.32268 0.0637955 0.109183
0 0.903203 0.147298 0.0328751 0.0983122
