0 0.679297 0.327778 0.064844 0.161111
0 0.367969 0.467361 0.056250 0.162500
0 0.786719 0.528472 0.050000 0.131944
0 0.473047 0.077778 0.064844 0.136111
0 0.728516 0.601389 0.052344 0.152778
0 0.750000 0.412500 0.050000 0.144444
0 0.610156 0.734028 0.081250 0.106944
0 0.546484 0.091667 0.085156 0.111111
0 0.447656 0.359722 0.059375 0.172222
0 0.575781 0.477083 0.051562 0.145833
0 0.853906 0.542361 0.051562 0.140278
0 0.804688 0.338194 0.082812 0.101389
0 0.428906 0.474306 0.084375 0.118056
0 0.585547 0.379167 0.069531 0.144444
0 0.689063 0.697917 0.081250 0.112500
0 0.709766 0.420833 0.067969 0.155556
0 0.381641 0.295139 0.094531 0.106944
0 0.803516 0.654861 0.060156 0.093056
0 0.630078 0.643750 0.069531 0.098611
0 0.223828 0.207639 0.057031 0.109722
