0 0.464453 0.523611 0.097656 0.105556
0 0.624609 0.248611 0.049219 0.169444
0 0.380469 0.436806 0.054688 0.106944
0 0.359766 0.184722 0.069531 0.155556
0 0.501172 0.454167 0.069531 0.133333
0 0.636328 0.618056 0.058594 0.152778
0 0.519531 0.594444 0.079687 0.108333
0 0.494141 0.243750 0.077344 0.101389
0 0.343750 0.292361 0.068750 0.112500
0 0.217578 0.611111 0.067969 0.122222
0 0.819141 0.156944 0.049219 0.144444
0 0.801562 0.772917 0.046875 0.129167
0 0.597656 0.542361 0.070312 0.093056
0 0.736719 0.769444 0.064062 0.091667
0 0.433594 0.365972 0.081250 0.101389
0 0.839453 0.609722 0.061719 0.100000
0 0.444922 0.090972 0.096094 0.118056
0 0.786719 0.277083 0.048438 0.131944
0 0.862891 0.204861 0.038281 0.120833
0 0.835938 0.302083 0.059375 0.095833
0 0.869922 0.202083 0.044531 0.118056
