0 0.344531 0.081944 0.092188 0.111111
0 0.719531 0.364583 0.050000 0.156944
0 0.520312 0.099306 0.057813 0.140278
0 0.775000 0.319444 0.054688 0.147222
0 0.366797 0.656944 0.061719 0.116667
0 0.473438 0.709028 0.065625 0.134722
0 0.496094 0.220833 0.085938 0.113889
0 0.825391 0.584722 0.042969 0.127778
0 0.157422 0.527083 0.061719 0.095833
0 0.869922 0.502778 0.067969 0.100000
0 0.612500 0.646528 0.064062 0.126389
0 0.373828 0.455556 0.050781 0.100000
0 0.540625 0.306944 0.076563 0.097222
0 0.829688 0.687500 0.070312 0.105556
0 0.714453 0.632639 0.074219 0.098611
0 0.776563 0.477083 0.070312 0.112500
0 0.835547 0.225694 0.078906 0.093056
0 0.857812 0.411806 0.070312 0.084722
0 0.887500 0.209028 0.043750 0.118056
0 0.453516 0.343750 0.061719 0.109722
0 0.846094 0.335417 0.068750 0.106944
