0 0.443553 0.46131 0.0777781 0.117211
0 0.502171 0.300145 0.0619713 0.15695
0 0.696681 0.582226 0.0741434 0.122228
0 0.885589 0.55481 0.0378586 0.17454
0 0.530876 0.491083 0.052409 0.166098
0 0.427299 0.119284 0.0999178 0.108652
0 0.519892 0.494646 0.0720823 0.176986
0 0.581613 0.390556 0.0842953 0.113173
0 0.768417 0.46121 0.0649662 0.164943
0 0.237201 0.761737 0.0453588 0.119349
0 0.84487 0.31923 0.0602428 0.151276
0 0.887558 0.360842 0.0377792 0.142883
0 0.838688 0.477719 0.0809811 0.115878
0 0.580993 0.459722 0.0868961 0.123752
0 0.833668 0.457482 0.0707145 0.083
0 0.501384 0.502924 0.0401786 0.162057
0 0.814492 0.723775 0.0756815 0.0976898
0 0.849896 0.486122 0.0610523 0.103173
0 0.845694 0.390067 0.0593189 0.116741
0 0.899388 0.555778 0.067152 0.173906
0 0.742621 0.0761557 0.0674772 0.151791
