0 0.563653 0.454393 0.0601602 0.172925
0 0.444292 0.297721 0.0597549 0.163711
0 0.751423 0.389664 0.100516 0.112104
0 0.534253 0.122585 0.0902 0.108265
0 0.807513 0.598816 0.0459921 0.127985
0 0.47681 0.587019 0.0773081 0.131808
0 0.764063 0.615584 0.046398 0.108268
0 0.391109 0.434014 0.0997078 0.106166
0 0.713125 0.590332 0.0775728 0.109318
0 0.866451 0.355856 0.0616213 0.0992079
0 0.337696 0.131812 0.0551245 0.145006
0 0.707346 0.689358 0.0912149 0.113968
0 0.794913 0.67344 0.0566386 0.0746814
0 0.387502 0.179555 0.105644 0.116863
0 0.245012 0.237964 0.0373262 0.129867
0 0.345067 0.308156 0.087555 0.130909
0 0.875675 0.193754 0.0625975 0.0961357
0 0.833753 0.69973 0.0582523 0.102273
0 0.690069 0.208504 0.0545991 0.112963
0 0.424415 0.0552228 0.0880794 0.101985
