0 0.555078 0.268056 0.061719 0.161111
0 0.711719 0.263194 0.046875 0.140278
0 0.362109 0.287500 0.047656 0.136111
0 0.391406 0.617361 0.060937 0.137500
0 0.512500 0.413194 0.082812 0.104167
0 0.458984 0.720139 0.060156 0.134722
0 0.481641 0.260417 0.064844 0.170833
0 0.667188 0.616667 0.056250 0.141667
0 0.330469 0.200694 0.054688 0.143056
0 0.472266 0.126389 0.057031 0.125000
0 0.355469 0.075000 0.081250 0.111111
0 0.348828 0.461111 0.078906 0.094444
0 0.326953 0.640278 0.057031 0.130556
0 0.158203 0.529167 0.057031 0.100000
0 0.826562 0.764583 0.059375 0.081944
0 0.827344 0.684028 0.075000 0.101389
0 0.774609 0.324306 0.053906 0.156944
0 0.327734 0.719444 0.064844 0.083333
0 0.829297 0.375694 0.063281 0.104167
0 0.866406 0.499306 0.075000 0.109722
0 0.855859 0.325000 0.049219 0.108333
0 0.860156 0.438889 0.062500 0.100000
