0 0.607422 0.303472 0.039844 0.143056
0 0.641016 0.621528 0.042969 0.154167
0 0.687891 0.462500 0.058594 0.166667
0 0.244141 0.755556 0.050781 0.130556
0 0.662109 0.302778 0.088281 0.102778
0 0.493750 0.378472 0.071875 0.140278
0 0.594531 0.616667 0.045312 0.166667
0 0.802344 0.630556 0.054688 0.150000
0 0.713281 0.606250 0.053125 0.156944
0 0.917188 0.464583 0.054688 0.090278
0 0.149609 0.588194 0.060156 0.090278
0 0.730078 0.679861 0.052344 0.126389
0 0.866016 0.847917 0.044531 0.101389
0 0.912500 0.579861 0.073438 0.095833
0 0.808203 0.779167 0.061719 0.094444
0 0.905859 0.658333 0.061719 0.077778
0 0.923438 0.709722 0.062500 0.075000
0 0.874609 0.834722 0.052344 0.116667
0 0.742578 0.093056 0.071094 0.091667
0 0.835156 0.227778 0.065625 0.102778
0 0.893750 0.809028 0.048438 0.076389
