0 0.522266 0.495139 0.050781 0.184722
0 0.612500 0.745833 0.057813 0.138889
0 0.476953 0.668056 0.078906 0.108333
0 0.378906 0.427083 0.076563 0.123611
0 0.433203 0.349306 0.082031 0.129167
0 0.448437 0.464583 0.101562 0.104167
0 0.383203 0.284028 0.085156 0.115278
0 0.654687 0.343056 0.071875 0.127778
0 0.585547 0.158333 0.057031 0.163889
0 0.716406 0.430556 0.062500 0.147222
0 0.487109 0.090278 0.069531 0.141667
0 0.776563 0.336111 0.079687 0.102778
0 0.818750 0.627083 0.082812 0.120833
0 0.585156 0.372917 0.084375 0.143056
0 0.635547 0.653472 0.057031 0.134722
0 0.823828 0.522917 0.053906 0.081944
0 0.757422 0.425694 0.050781 0.148611
0 0.336719 0.118750 0.054688 0.159722
0 0.742969 0.198611 0.089063 0.125000
