0 0.325575 0.593726 0.0473949 0.134507
0 0.509333 0.427548 0.0902647 0.10215
0 0.39013 0.583381 0.0644415 0.14549
0 0.320337 0.491901 0.0564495 0.0909341
0 0.355387 0.309334 0.0664122 0.114944
0 0.522584 0.256297 0.0705257 0.11332
0 0.681255 0.251209 0.0556934 0.143402
0 0.172928 0.531625 0.0673834 0.0884635
0 0.392737 0.0912656 0.0743016 0.112048
0 0.670299 0.467863 0.0832626 0.114554
0 0.87095 0.138303 0.0601315 0.0838496
0 0.804646 0.203018 0.0614298 0.129327
0 0.500838 0.656225 0.0775024 0.0852614
0 0.882089 0.2466 0.039444 0.102285
0 0.848631 0.561989 0.0704535 0.110455
0 0.829049 0.702059 0.0708989 0.0921843
0 0.836078 0.387753 0.0473227 0.120579
0 0.603797 0.266593 0.082556 0.110909
0 0.761958 0.14225 0.0599483 0.0816374
0 0.231443 0.609102 0.0402918 0.116439
0 0.851649 0.642207 0.0581005 0.0962567
