0 0.502344 0.404167 0.070312 0.152778
0 0.748828 0.707639 0.052344 0.165278
0 0.393750 0.480556 0.059375 0.097222
0 0.151562 0.585417 0.059375 0.095833
0 0.623828 0.602083 0.078906 0.148611
0 0.833594 0.559722 0.065625 0.102778
0 0.644531 0.273611 0.076563 0.122222
0 0.326172 0.189583 0.078906 0.098611
0 0.890625 0.450694 0.054688 0.123611
0 0.854688 0.854167 0.057813 0.097222
0 0.892188 0.734722 0.042188 0.150000
0 0.688281 0.767361 0.084375 0.115278
0 0.833984 0.737500 0.052344 0.116667
0 0.622266 0.703472 0.082031 0.093056
0 0.890234 0.566667 0.066406 0.100000
0 0.795312 0.170833 0.048438 0.150000
0 0.769141 0.093056 0.072656 0.100000
0 0.241406 0.768056 0.054688 0.127778
0 0.869531 0.345833 0.053125 0.097222
0 0.893359 0.175694 0.074219 0.081944
0 0.844531 0.139583 0.045312 0.120833
0 0.773828 0.761111 0.052344 0.088889
