0 0.353906 0.311111 0.068750 0.111111
0 0.532813 0.080556 0.087500 0.119444
0 0.173047 0.530556 0.066406 0.091667
0 0.521875 0.254167 0.078125 0.111111
0 0.331641 0.647917 0.055469 0.109722
0 0.488672 0.442361 0.077344 0.104167
0 0.843750 0.393056 0.050000 0.125000
0 0.399219 0.698611 0.075000 0.086111
0 0.548438 0.452083 0.053125 0.170833
0 0.622266 0.349306 0.067969 0.090278
0 0.442188 0.082639 0.084375 0.120833
0 0.703906 0.504167 0.078125 0.133333
0 0.880078 0.669444 0.055469 0.105556
0 0.600781 0.261111 0.084375 0.113889
0 0.365625 0.492361 0.054688 0.104167
0 0.885547 0.129167 0.057031 0.080556
0 0.883203 0.442361 0.046094 0.118056
0 0.845703 0.558333 0.055469 0.108333
0 0.828906 0.693056 0.071875 0.097222
0 0.232422 0.609028 0.038281 0.106944
0 0.397266 0.621528 0.091406 0.104167
0 0.889062 0.309028 0.053125 0.101389
