0 0.496094 0.379167 0.071875 0.138889
0 0.640625 0.622222 0.043750 0.155556
0 0.591797 0.621528 0.042969 0.181944
0 0.244141 0.754167 0.050781 0.127778
0 0.859375 0.523611 0.067187 0.136111
0 0.149609 0.587500 0.058594 0.088889
0 0.659766 0.322917 0.049219 0.168056
0 0.874609 0.730556 0.042969 0.125000
0 0.902734 0.662500 0.066406 0.077778
0 0.773438 0.231250 0.071875 0.106944
0 0.719922 0.498611 0.080469 0.122222
0 0.925391 0.511806 0.052344 0.098611
0 0.841016 0.225694 0.077344 0.101389
0 0.790234 0.423611 0.063281 0.080556
0 0.709766 0.631944 0.088281 0.102778
0 0.907813 0.590278 0.082812 0.083333
0 0.900000 0.820833 0.060937 0.069444
0 0.907813 0.773611 0.065625 0.080556
0 0.740625 0.090972 0.071875 0.106944
