0 0.146094 0.583333 0.075000 0.091667
0 0.226953 0.269444 0.078906 0.108333
0 0.692578 0.176389 0.058594 0.177778
0 0.610547 0.625694 0.066406 0.129167
0 0.454688 0.344444 0.065625 0.166667
0 0.691797 0.104861 0.072656 0.151389
0 0.814453 0.672917 0.082031 0.115278
0 0.834766 0.571528 0.055469 0.165278
0 0.761719 0.452778 0.067187 0.191667
0 0.154688 0.232639 0.056250 0.165278
0 0.151562 0.107639 0.085938 0.101389
0 0.248438 0.521528 0.045312 0.115278
0 0.345703 0.537500 0.086719 0.155556
0 0.305469 0.035417 0.082812 0.068056
0 0.908594 0.786806 0.042188 0.104167
0 0.285547 0.381944 0.042969 0.127778
