0 0.237891 0.458333 0.071094 0.097222
0 0.187891 0.252778 0.057031 0.152778
0 0.234766 0.313194 0.050781 0.134722
0 0.153906 0.369444 0.060937 0.097222
0 0.227734 0.137500 0.089844 0.097222
0 0.361719 0.063194 0.090625 0.101389
0 0.420312 0.118056 0.062500 0.136111
0 0.358984 0.182639 0.088281 0.106944
0 0.805078 0.624306 0.057031 0.098611
0 0.523438 0.373611 0.071875 0.166667
0 0.324219 0.539583 0.051562 0.145833
0 0.358203 0.557639 0.058594 0.090278
0 0.533203 0.686806 0.053906 0.143056
0 0.494922 0.707639 0.041406 0.106944
0 0.877734 0.745139 0.041406 0.093056
0 0.389453 0.347917 0.067969 0.137500
0 0.608594 0.120139 0.064062 0.148611
0 0.818750 0.260417 0.068750 0.098611
0 0.874609 0.563194 0.066406 0.109722
0 0.877344 0.193056 0.054688 0.113889
0 0.384375 0.269444 0.095312 0.091667
0 0.550781 0.064583 0.071875 0.115278
