0 0.609766 0.470139 0.069531 0.140278
0 0.689063 0.390278 0.062500 0.172222
0 0.750000 0.379861 0.053125 0.159722
0 0.444531 0.446528 0.057813 0.168056
0 0.507031 0.069444 0.095312 0.102778
0 0.609766 0.643056 0.075781 0.111111
0 0.492578 0.591667 0.061719 0.141667
0 0.745313 0.636806 0.065625 0.120833
0 0.732422 0.534722 0.057031 0.150000
0 0.338672 0.118750 0.058594 0.140278
0 0.505469 0.665972 0.073438 0.087500
0 0.447266 0.296528 0.060156 0.112500
0 0.789453 0.768750 0.072656 0.104167
0 0.821094 0.495833 0.067187 0.097222
0 0.681641 0.220139 0.067969 0.104167
0 0.803516 0.684722 0.061719 0.086111
0 0.820703 0.568056 0.082031 0.094444
0 0.241406 0.240278 0.043750 0.119444
0 0.873437 0.161806 0.057813 0.118056
0 0.399609 0.402083 0.049219 0.187500
