0 0.45156 0.530716 0.0998544 0.101571
0 0.646755 0.295891 0.0716755 0.12565
0 0.523485 0.282832 0.0681086 0.131902
0 0.479251 0.207518 0.0997566 0.111939
0 0.803539 0.631841 0.0687416 0.109414
0 0.600669 0.619078 0.0443586 0.126382
0 0.730393 0.595134 0.0505569 0.116422
0 0.646929 0.538763 0.0962531 0.102499
0 0.710338 0.299423 0.0750242 0.102108
0 0.887163 0.641934 0.0599112 0.0902098
0 0.591281 0.212197 0.0800209 0.11726
0 0.902867 0.734538 0.0519764 0.0891547
0 0.883357 0.774753 0.0538219 0.0706484
0 0.898027 0.200969 0.0516468 0.136616
0 0.851959 0.358324 0.0680634 0.108067
0 0.769239 0.851895 0.0557341 0.071658
0 0.815563 0.846636 0.0598589 0.0789968
0 0.802022 0.784609 0.0691147 0.112791
0 0.83368 0.120373 0.0645603 0.115207
