0 0.15858 0.582544 0.0531124 0.0951225
0 0.854487 0.198557 0.0473974 0.121623
0 0.379386 0.241276 0.0553451 0.163409
0 0.706237 0.698607 0.0525908 0.158589
0 0.839606 0.597763 0.0492195 0.119949
0 0.906288 0.567862 0.0459526 0.125983
0 0.843514 0.836844 0.05543 0.123428
0 0.511189 0.394191 0.090798 0.134926
0 0.752823 0.765593 0.0423994 0.120277
0 0.887229 0.652998 0.0425697 0.127015
0 0.240373 0.761867 0.0542175 0.121615
0 0.591567 0.291535 0.0884857 0.12036
0 0.89365 0.46719 0.0599558 0.149768
0 0.681247 0.753261 0.056032 0.11928
0 0.84139 0.690955 0.0552635 0.110297
0 0.633368 0.173484 0.0643761 0.0915409
0 0.801957 0.718833 0.0629286 0.116822
0 0.243223 0.0664185 0.0523273 0.091632
