0 0.409766 0.593750 0.092969 0.115278
0 0.538281 0.102778 0.057813 0.158333
0 0.455859 0.451389 0.066406 0.155556
0 0.342187 0.308333 0.078125 0.130556
0 0.823828 0.531250 0.050781 0.148611
0 0.687109 0.477778 0.057031 0.147222
0 0.765234 0.418056 0.057031 0.144444
0 0.682813 0.618056 0.060937 0.144444
0 0.605078 0.478472 0.088281 0.109722
0 0.581250 0.376389 0.096875 0.097222
0 0.870313 0.536806 0.070312 0.095833
0 0.839453 0.377083 0.074219 0.106944
0 0.458984 0.320139 0.060156 0.165278
0 0.579688 0.288194 0.100000 0.093056
0 0.788672 0.709722 0.082031 0.094444
0 0.413281 0.310417 0.078125 0.126389
0 0.790234 0.600694 0.064844 0.081944
0 0.644141 0.549306 0.060156 0.070833
0 0.696875 0.189583 0.073438 0.093056
0 0.437109 0.203472 0.074219 0.129167
0 0.243359 0.245833 0.039844 0.108333
