0 0.826953 0.154167 0.075781 0.108333
0 0.220703 0.270139 0.077344 0.095833
0 0.159375 0.238194 0.051562 0.137500
0 0.126172 0.337500 0.074219 0.083333
0 0.597266 0.508333 0.063281 0.141667
0 0.738672 0.556944 0.067969 0.113889
0 0.825781 0.786111 0.028125 0.113889
0 0.491016 0.253472 0.091406 0.115278
0 0.747656 0.801389 0.059375 0.075000
0 0.628906 0.631250 0.050000 0.134722
0 0.880469 0.281944 0.054688 0.125000
0 0.780078 0.377083 0.077344 0.087500
0 0.239844 0.347222 0.084375 0.122222
0 0.850391 0.670139 0.077344 0.104167
0 0.860938 0.757639 0.060937 0.101389
0 0.178516 0.478472 0.047656 0.084722
0 0.785937 0.749306 0.065625 0.156944
0 0.239063 0.455556 0.064062 0.138889
0 0.860156 0.218750 0.071875 0.076389
0 0.885156 0.578472 0.059375 0.093056
