0 0.643359 0.484028 0.049219 0.151389
0 0.368750 0.493750 0.057813 0.118056
0 0.556641 0.101389 0.088281 0.111111
0 0.473438 0.262500 0.084375 0.113889
0 0.358203 0.302083 0.060156 0.126389
0 0.531641 0.288889 0.050781 0.161111
0 0.770703 0.359722 0.052344 0.144444
0 0.152734 0.529167 0.077344 0.094444
0 0.830078 0.686806 0.075781 0.098611
0 0.871094 0.125694 0.054688 0.093056
0 0.720313 0.375000 0.060937 0.091667
0 0.360938 0.700000 0.079687 0.094444
0 0.339844 0.158333 0.064062 0.141667
0 0.901172 0.218056 0.069531 0.086111
0 0.891406 0.410417 0.045312 0.101389
0 0.329688 0.647917 0.054688 0.129167
0 0.852734 0.578472 0.060156 0.123611
0 0.408203 0.612500 0.082031 0.119444
0 0.837109 0.485417 0.072656 0.084722
0 0.862500 0.350694 0.057813 0.084722
