0 0.251304 0.282276 0.0712083 0.091308
0 0.133004 0.192872 0.0439812 0.139183
0 0.575033 0.667566 0.0557297 0.166452
0 0.327938 0.0989065 0.0770477 0.0863216
0 0.151041 0.382736 0.0461421 0.13553
0 0.73784 0.26366 0.0751564 0.089977
0 0.717178 0.470527 0.0608522 0.153371
0 0.331815 0.328698 0.0607634 0.146268
0 0.30654 0.169887 0.0881464 0.10018
0 0.571435 0.487406 0.0747173 0.129973
0 0.247331 0.499881 0.0896165 0.115962
0 0.441245 0.454803 0.0876799 0.098683
0 0.573077 0.332737 0.0726604 0.119655
0 0.210508 0.0744758 0.0508329 0.145552
0 0.410245 0.59301 0.0512614 0.145171
0 0.173587 0.703397 0.0718825 0.0880497
0 0.771695 0.371249 0.059881 0.104886
0 0.430477 0.698789 0.0678788 0.102614
0 0.297107 0.590951 0.0531244 0.102035
0 0.17038 0.604164 0.0516339 0.0987335
0 0.134195 0.674954 0.0403208 0.114012
0 0.24491 0.0305598 0.0681231 0.0611196
0 0.310035 0.0338889 0.0464179 0.0677779
