0 0.800781 0.126389 0.045312 0.127778
0 0.689063 0.311806 0.060937 0.129167
0 0.151562 0.590278 0.060937 0.100000
0 0.436719 0.445833 0.053125 0.161111
0 0.791016 0.618056 0.044531 0.144444
0 0.495703 0.386111 0.092969 0.127778
0 0.485156 0.586111 0.065625 0.138889
0 0.834375 0.825000 0.037500 0.130556
0 0.239844 0.761111 0.054688 0.119444
0 0.780859 0.772917 0.050781 0.101389
0 0.866016 0.387500 0.061719 0.077778
0 0.891406 0.472222 0.060937 0.091667
0 0.680859 0.754167 0.055469 0.119444
0 0.858203 0.676389 0.050781 0.133333
0 0.696875 0.546528 0.075000 0.095833
0 0.913281 0.604861 0.068750 0.123611
0 0.726562 0.748611 0.042188 0.138889
0 0.796875 0.713194 0.053125 0.095833
0 0.841016 0.136806 0.036719 0.109722
0 0.839063 0.566667 0.040625 0.127778
0 0.922656 0.497222 0.068750 0.080556
0 0.895312 0.663194 0.040625 0.101389
