0 0.831626 0.291941 0.0520184 0.148437
0 0.330916 0.260824 0.0617963 0.161684
0 0.723829 0.347732 0.0683144 0.134834
0 0.573857 0.463521 0.0568626 0.151275
0 0.386195 0.387583 0.0634057 0.158169
0 0.840998 0.737589 0.0408522 0.110799
0 0.467587 0.336473 0.0567933 0.153719
0 0.854373 0.353368 0.0789974 0.109062
0 0.881178 0.464551 0.052985 0.0813504
0 0.843101 0.502323 0.070698 0.104785
0 0.749954 0.404723 0.0700848 0.122507
0 0.724151 0.743483 0.0769625 0.0965861
0 0.407601 0.242436 0.080833 0.128123
0 0.559854 0.318788 0.0787937 0.196802
0 0.465817 0.46072 0.0694857 0.137938
0 0.430109 0.109222 0.0839449 0.127713
0 0.475505 0.468465 0.0485889 0.120313
0 0.787443 0.614182 0.0643827 0.117169
0 0.548779 0.307174 0.0580729 0.174753
0 0.844463 0.623931 0.0550571 0.0981283
0 0.372799 0.303391 0.0901186 0.0825892
