0 0.609766 0.716667 0.080469 0.136111
0 0.495703 0.533333 0.050781 0.150000
0 0.677344 0.324306 0.087500 0.112500
0 0.789062 0.531250 0.053125 0.129167
0 0.444141 0.370833 0.061719 0.155556
0 0.384375 0.414583 0.060937 0.162500
0 0.753125 0.406250 0.046875 0.159722
0 0.472266 0.077778 0.069531 0.127778
0 0.560156 0.476389 0.082812 0.133333
0 0.560937 0.077083 0.085938 0.112500
0 0.823047 0.710417 0.041406 0.112500
0 0.850781 0.526389 0.050000 0.138889
0 0.857812 0.330556 0.054688 0.119444
0 0.585938 0.374306 0.070312 0.145833
0 0.692578 0.484722 0.072656 0.127778
0 0.367188 0.293056 0.070312 0.091667
0 0.683984 0.684722 0.085156 0.097222
0 0.836719 0.399306 0.048438 0.101389
0 0.710156 0.416667 0.070312 0.152778
0 0.223438 0.205556 0.059375 0.113889
0 0.715625 0.545833 0.046875 0.138889
0 0.714844 0.563889 0.043750 0.105556
