0 0.583984 0.731250 0.075781 0.087500
0 0.632422 0.645833 0.074219 0.097222
0 0.572656 0.165972 0.056250 0.106944
0 0.353516 0.233333 0.060156 0.100000
0 0.436328 0.238194 0.071094 0.123611
0 0.405078 0.649306 0.061719 0.123611
0 0.441016 0.725000 0.067969 0.072222
0 0.314844 0.639583 0.048438 0.137500
0 0.260937 0.816667 0.059375 0.077778
0 0.187891 0.783333 0.039844 0.105556
0 0.154297 0.746528 0.038281 0.084722
0 0.146094 0.665972 0.053125 0.093056
0 0.241016 0.611111 0.063281 0.097222
0 0.164062 0.429167 0.045312 0.119444
0 0.130078 0.404167 0.058594 0.100000
0 0.123438 0.295833 0.056250 0.083333
0 0.180469 0.277778 0.035937 0.119444
0 0.131250 0.219444 0.060937 0.083333
0 0.158203 0.520833 0.030469 0.080556
0 0.266797 0.288889 0.052344 0.161111
0 0.851562 0.815278 0.035937 0.102778
0 0.601172 0.081944 0.072656 0.094444
0 0.389062 0.102778 0.053125 0.091667
0 0.219922 0.301389 0.039844 0.150000
0 0.299219 0.216667 0.051562 0.116667
