0 0.473828 0.325694 0.052344 0.093056
0 0.128125 0.714583 0.037500 0.079167
0 0.663672 0.148611 0.039844 0.111111
0 0.130078 0.312500 0.057031 0.080556
0 0.450391 0.372917 0.075781 0.095833
0 0.216406 0.229861 0.060937 0.120833
0 0.530078 0.436111 0.053906 0.133333
0 0.547656 0.722917 0.062500 0.073611
0 0.168750 0.495833 0.059375 0.111111
0 0.169141 0.579167 0.066406 0.083333
0 0.141016 0.436806 0.044531 0.115278
0 0.752344 0.843056 0.042188 0.072222
0 0.764062 0.105556 0.059375 0.077778
0 0.596094 0.681250 0.040625 0.106944
0 0.593359 0.448611 0.050781 0.136111
0 0.172266 0.311111 0.057031 0.119444
0 0.316797 0.653472 0.055469 0.120833
0 0.394922 0.821528 0.053906 0.118056
0 0.871094 0.365278 0.039062 0.119444
0 0.309766 0.209028 0.049219 0.129167
0 0.182422 0.128472 0.071094 0.098611
0 0.287109 0.545139 0.077344 0.118056
0 0.331250 0.761111 0.056250 0.111111
0 0.553516 0.086111 0.085156 0.091667
0 0.252734 0.120139 0.064844 0.087500
0 0.424219 0.652778 0.050000 0.133333
