0 0.248047 0.330556 0.058594 0.152778
0 0.394531 0.238889 0.070312 0.144444
0 0.149609 0.302083 0.042969 0.087500
0 0.533594 0.160417 0.059375 0.137500
0 0.185547 0.120833 0.042969 0.147222
0 0.310937 0.427778 0.084375 0.088889
0 0.317578 0.345139 0.067969 0.148611
0 0.151562 0.379167 0.062500 0.100000
0 0.137891 0.206944 0.058594 0.108333
0 0.187109 0.309028 0.042969 0.143056
0 0.657813 0.727778 0.060937 0.133333
0 0.183984 0.704861 0.053906 0.126389
0 0.158203 0.478472 0.077344 0.098611
0 0.471875 0.575000 0.095312 0.105556
0 0.612109 0.674306 0.067969 0.076389
0 0.616797 0.361111 0.092969 0.086111
0 0.219922 0.170139 0.067969 0.090278
0 0.149609 0.600000 0.061719 0.119444
0 0.449609 0.161111 0.067969 0.094444
0 0.355859 0.682639 0.066406 0.126389
0 0.365234 0.554861 0.071094 0.156944
0 0.747656 0.229861 0.060937 0.137500
0 0.744141 0.621528 0.060156 0.098611
0 0.267578 0.504167 0.053906 0.102778
0 0.823438 0.817361 0.054688 0.145833
0 0.876953 0.728472 0.055469 0.106944
