0 0.801172 0.126389 0.046094 0.127778
0 0.691016 0.314583 0.061719 0.123611
0 0.151172 0.590278 0.061719 0.100000
0 0.833203 0.824306 0.038281 0.129167
0 0.436328 0.443750 0.053906 0.165278
0 0.485547 0.593750 0.066406 0.129167
0 0.790234 0.606944 0.044531 0.125000
0 0.495312 0.387500 0.092188 0.130556
0 0.839063 0.525000 0.042188 0.141667
0 0.239453 0.760417 0.052344 0.120833
0 0.725000 0.750000 0.045312 0.138889
0 0.865625 0.673611 0.056250 0.138889
0 0.909766 0.596528 0.067969 0.106944
0 0.717969 0.547917 0.078125 0.090278
0 0.895312 0.472917 0.068750 0.093056
0 0.885547 0.372222 0.066406 0.075000
0 0.681641 0.754861 0.055469 0.120833
0 0.780469 0.764583 0.048438 0.084722
0 0.841016 0.137500 0.038281 0.108333
0 0.796875 0.718750 0.054688 0.115278
