0 0.573393 0.455562 0.0539021 0.166354
0 0.831336 0.294258 0.0525051 0.147955
0 0.730808 0.45125 0.0668812 0.137385
0 0.329807 0.253588 0.0581055 0.167782
0 0.551042 0.30477 0.10083 0.104595
0 0.448703 0.11246 0.0743177 0.119466
0 0.724052 0.331322 0.0862106 0.113485
0 0.855603 0.352758 0.0816608 0.109069
0 0.472594 0.350511 0.0445154 0.143293
0 0.408027 0.246273 0.0748542 0.125696
0 0.805524 0.619949 0.0719513 0.12678
0 0.879124 0.461782 0.0498692 0.0878443
0 0.843833 0.500892 0.0687992 0.108732
0 0.392582 0.39859 0.0884191 0.114663
0 0.740361 0.756193 0.066201 0.094122
0 0.473621 0.471746 0.0614352 0.126894
0 0.464556 0.466043 0.0789564 0.14176
0 0.820831 0.694445 0.0622263 0.0962772
0 0.372614 0.30841 0.0872229 0.0986978
