0 0.415024 0.451235 0.0561871 0.159902
0 0.746629 0.501029 0.0646516 0.143971
0 0.620378 0.466487 0.0523555 0.152839
0 0.680228 0.36651 0.0604826 0.152838
0 0.576186 0.472455 0.069697 0.150638
0 0.350014 0.288706 0.0821365 0.104136
0 0.734387 0.369986 0.06155 0.137742
0 0.613187 0.608385 0.0734055 0.114231
0 0.877956 0.525391 0.0721432 0.0884134
0 0.467866 0.488162 0.0884897 0.111007
0 0.52405 0.491302 0.0485094 0.150258
0 0.785947 0.532396 0.0401705 0.109405
0 0.33965 0.109059 0.0624252 0.157153
0 0.47626 0.139289 0.0783154 0.100922
0 0.821451 0.632155 0.0699408 0.166149
0 0.865514 0.666366 0.0720623 0.0823241
0 0.500212 0.0639173 0.0956667 0.0985143
0 0.39156 0.358584 0.0583199 0.152507
0 0.82379 0.6768 0.0680809 0.118119
