0 0.623047 0.128472 0.060156 0.079167
0 0.741406 0.117361 0.054688 0.106944
0 0.859766 0.154167 0.057031 0.072222
0 0.123047 0.370139 0.047656 0.056944
0 0.488281 0.311806 0.081250 0.090278
0 0.588281 0.543056 0.045312 0.119444
0 0.617969 0.657639 0.081250 0.093056
0 0.373047 0.183333 0.086719 0.088889
0 0.296875 0.436806 0.054688 0.123611
0 0.412109 0.540972 0.042969 0.098611
0 0.435937 0.742361 0.050000 0.106944
0 0.109375 0.402778 0.051562 0.091667
0 0.164062 0.686806 0.048438 0.065278
0 0.105469 0.521528 0.035937 0.104167
0 0.124219 0.565972 0.046875 0.093056
0 0.121484 0.638194 0.050781 0.076389
0 0.339062 0.598611 0.054688 0.094444
0 0.161328 0.814583 0.044531 0.098611
0 0.181250 0.784722 0.056250 0.083333
0 0.683594 0.795833 0.043750 0.097222
0 0.693750 0.420139 0.053125 0.095833
0 0.711719 0.541667 0.064062 0.066667
0 0.884375 0.730556 0.034375 0.075000
0 0.870703 0.785417 0.041406 0.056944
0 0.308594 0.153472 0.053125 0.129167
0 0.118750 0.300000 0.040625 0.105556
0 0.108984 0.198611 0.035156 0.066667
