0 0.496052 0.0591224 0.0888977 0.10758
0 0.577461 0.474387 0.0565531 0.152148
0 0.444964 0.299231 0.0596642 0.166386
0 0.390145 0.433812 0.101507 0.106247
0 0.835872 0.676362 0.0469105 0.154839
0 0.859521 0.348418 0.0608097 0.104093
0 0.476726 0.596681 0.0811155 0.104534
0 0.724389 0.703833 0.0628813 0.128002
0 0.638484 0.537239 0.079111 0.08828
0 0.760221 0.383443 0.0847872 0.136343
0 0.717365 0.593532 0.0866798 0.11071
0 0.146724 0.593193 0.0608637 0.074358
0 0.79313 0.701018 0.050436 0.0932549
0 0.903146 0.757614 0.0581192 0.102092
0 0.875756 0.188319 0.0453785 0.120572
0 0.345534 0.307727 0.0889836 0.132374
0 0.336848 0.123689 0.0569209 0.1402
0 0.242593 0.247092 0.0351928 0.120943
0 0.387106 0.179002 0.0872421 0.11528
0 0.689007 0.208969 0.0546 0.105155
0 0.801741 0.191696 0.0683033 0.111631
