0 0.284851 0.494191 0.0863952 0.0899161
0 0.585407 0.658487 0.0908054 0.104363
0 0.398783 0.619483 0.073531 0.0825269
0 0.352008 0.506374 0.0689129 0.123721
0 0.326166 0.319166 0.0547255 0.174882
0 0.675489 0.381021 0.0637543 0.131594
0 0.665882 0.514675 0.0648398 0.130133
0 0.429952 0.502327 0.0691551 0.102757
0 0.684097 0.218642 0.061858 0.143147
0 0.247348 0.070849 0.0580308 0.141698
0 0.183824 0.324463 0.0506146 0.110954
0 0.187124 0.153384 0.0719197 0.107216
0 0.257324 0.27354 0.0739911 0.0921967
0 0.136056 0.299624 0.0498542 0.13798
0 0.737501 0.405525 0.0656302 0.120042
0 0.383292 0.285512 0.0579237 0.145621
0 0.164125 0.609189 0.0616303 0.109667
0 0.238373 0.653558 0.0502647 0.132784
0 0.811072 0.384538 0.0569773 0.0945642
0 0.169459 0.688103 0.0738782 0.0839979
0 0.208946 0.252368 0.0510384 0.126756
0 0.135534 0.715738 0.0346975 0.109084
0 0.319638 0.0445566 0.0629053 0.0891132
