0 0.505859 0.175000 0.100781 0.105556
0 0.857422 0.186111 0.046094 0.155556
0 0.466016 0.521528 0.099219 0.101389
0 0.534375 0.495833 0.056250 0.108333
0 0.608203 0.297222 0.057031 0.127778
0 0.668750 0.602778 0.070312 0.133333
0 0.766797 0.469444 0.058594 0.094444
0 0.192578 0.530556 0.047656 0.119444
0 0.454297 0.240278 0.085156 0.102778
0 0.353516 0.195139 0.078906 0.120833
0 0.221094 0.605556 0.059375 0.097222
0 0.605078 0.469444 0.046094 0.166667
0 0.673438 0.432639 0.071875 0.123611
0 0.775391 0.734722 0.066406 0.097222
0 0.829297 0.590972 0.072656 0.098611
0 0.324219 0.656944 0.043750 0.130556
0 0.903516 0.204861 0.066406 0.079167
0 0.907031 0.319444 0.051562 0.113889
0 0.833984 0.115972 0.044531 0.084722
0 0.335156 0.809028 0.070312 0.090278
0 0.730859 0.288194 0.080469 0.093056
0 0.837109 0.299306 0.071094 0.093056
0 0.595703 0.094444 0.050781 0.116667
