0 0.857422 0.186111 0.046094 0.155556
0 0.535547 0.496528 0.057031 0.106944
0 0.193359 0.531944 0.044531 0.122222
0 0.766016 0.472222 0.058594 0.100000
0 0.465234 0.520833 0.102344 0.100000
0 0.669141 0.602083 0.069531 0.134722
0 0.496875 0.163889 0.095312 0.097222
0 0.351562 0.200000 0.081250 0.119444
0 0.605469 0.312500 0.054688 0.147222
0 0.607812 0.477778 0.045312 0.152778
0 0.776172 0.738889 0.064844 0.091667
0 0.456250 0.229167 0.081250 0.130556
0 0.677344 0.429861 0.078125 0.118056
0 0.216797 0.605556 0.066406 0.094444
0 0.325391 0.656944 0.047656 0.122222
0 0.834375 0.112500 0.045312 0.086111
0 0.335156 0.807639 0.073438 0.093056
0 0.815234 0.585417 0.060156 0.101389
0 0.731641 0.286806 0.072656 0.095833
0 0.773047 0.603472 0.052344 0.129167
0 0.581250 0.245139 0.073438 0.134722
0 0.831641 0.302083 0.057031 0.090278
0 0.896094 0.199306 0.056250 0.098611
