0 0.382812 0.601389 0.059375 0.169444
0 0.239844 0.256250 0.059375 0.104167
0 0.697656 0.627083 0.059375 0.143056
0 0.878125 0.708333 0.067187 0.080556
0 0.153906 0.368750 0.071875 0.106944
0 0.614453 0.595139 0.078906 0.090278
0 0.335938 0.624306 0.040625 0.106944
0 0.730078 0.750000 0.052344 0.138889
0 0.882031 0.633333 0.045312 0.091667
0 0.864453 0.450694 0.055469 0.076389
0 0.518359 0.413889 0.053906 0.152778
0 0.894531 0.397222 0.057813 0.086111
0 0.182422 0.288889 0.057031 0.108333
0 0.900781 0.218750 0.071875 0.079167
0 0.783984 0.836806 0.080469 0.087500
0 0.850391 0.779167 0.067969 0.088889
0 0.829297 0.632639 0.078906 0.109722
0 0.789844 0.709028 0.056250 0.109722
0 0.843750 0.543750 0.060937 0.095833
0 0.681250 0.822222 0.037500 0.111111
0 0.832422 0.745139 0.067969 0.112500
0 0.223438 0.479167 0.054688 0.144444
