0 0.296484 0.134028 0.050781 0.118056
0 0.339453 0.093056 0.050781 0.122222
0 0.486328 0.312500 0.082031 0.097222
0 0.292187 0.448611 0.053125 0.122222
0 0.140625 0.251389 0.046875 0.119444
0 0.103125 0.239583 0.039062 0.059722
0 0.108984 0.193750 0.041406 0.045833
0 0.121484 0.472917 0.042969 0.104167
0 0.111328 0.575000 0.033594 0.108333
0 0.165625 0.528472 0.050000 0.095833
0 0.120313 0.640278 0.056250 0.072222
0 0.165625 0.686111 0.051562 0.075000
0 0.178516 0.763889 0.058594 0.083333
0 0.350781 0.576389 0.070312 0.086111
0 0.435547 0.736806 0.055469 0.120833
0 0.471094 0.616667 0.046875 0.138889
0 0.544141 0.661111 0.069531 0.077778
0 0.604688 0.604861 0.059375 0.118056
0 0.618750 0.659722 0.079687 0.088889
0 0.705469 0.709028 0.043750 0.123611
0 0.686328 0.789583 0.041406 0.098611
0 0.882422 0.725694 0.032031 0.081944
0 0.869141 0.786111 0.041406 0.061111
0 0.718750 0.314583 0.067187 0.081944
0 0.630469 0.391667 0.056250 0.105556
0 0.860156 0.149306 0.051562 0.090278
0 0.606250 0.120833 0.057813 0.069444
