0 0.160442 0.580926 0.0491746 0.0991412
0 0.38993 0.318023 0.0764982 0.149771
0 0.836948 0.824789 0.0463182 0.116078
0 0.501795 0.534143 0.0895469 0.100932
0 0.853778 0.199555 0.0494442 0.11324
0 0.373742 0.508377 0.0675038 0.0916516
0 0.782558 0.362049 0.0783249 0.113544
0 0.702057 0.589195 0.0745848 0.11247
0 0.827815 0.621 0.0593155 0.0878787
0 0.883548 0.746543 0.0492935 0.0883752
0 0.238558 0.761956 0.0502245 0.123649
0 0.754624 0.758859 0.04821 0.102326
0 0.446009 0.119236 0.0867176 0.105072
0 0.800173 0.69955 0.041585 0.136527
0 0.686275 0.752262 0.0705458 0.116022
0 0.826951 0.734039 0.0658218 0.114524
0 0.885347 0.629981 0.0642597 0.0704551
0 0.758518 0.744337 0.043784 0.105581
0 0.905359 0.437489 0.031776 0.114895
0 0.816548 0.72857 0.058745 0.124481
