0 0.255992 0.285244 0.0674288 0.0985513
0 0.405326 0.487128 0.0853059 0.0979716
0 0.216643 0.214256 0.0490907 0.130519
0 0.292504 0.662759 0.0747004 0.0939146
0 0.585407 0.65232 0.0925535 0.093801
0 0.572249 0.484002 0.0779159 0.131696
0 0.248332 0.509341 0.0895846 0.104658
0 0.742685 0.274531 0.0746407 0.0945835
0 0.32022 0.158239 0.0839048 0.12321
0 0.358441 0.586242 0.0681288 0.0870373
0 0.336487 0.364977 0.0578238 0.160313
0 0.184888 0.695397 0.0756631 0.093919
0 0.410295 0.59836 0.052337 0.143203
0 0.143266 0.353026 0.0608331 0.130288
0 0.617245 0.347058 0.0872896 0.0962487
0 0.217307 0.0980734 0.0682842 0.12269
0 0.146861 0.176946 0.0567972 0.142099
0 0.165229 0.607561 0.0625313 0.107541
0 0.657861 0.406155 0.0585112 0.155461
0 0.140147 0.719799 0.0406739 0.117356
0 0.821163 0.489465 0.0725273 0.0797613
0 0.208313 0.0267963 0.0710518 0.0535925
0 0.324384 0.0450227 0.0717771 0.0900453
