0 0.818750 0.150000 0.076563 0.100000
0 0.227734 0.288889 0.061719 0.147222
0 0.171484 0.284028 0.052344 0.145833
0 0.153125 0.522917 0.071875 0.098611
0 0.613281 0.520833 0.062500 0.130556
0 0.582812 0.810417 0.084375 0.101389
0 0.829297 0.781250 0.042969 0.090278
0 0.868359 0.518056 0.063281 0.141667
0 0.745313 0.799306 0.045312 0.098611
0 0.791797 0.781250 0.039844 0.123611
0 0.886719 0.290278 0.053125 0.133333
0 0.682422 0.293056 0.089844 0.091667
0 0.220312 0.600694 0.075000 0.109722
0 0.636719 0.666667 0.082812 0.108333
0 0.851953 0.738889 0.061719 0.111111
0 0.394531 0.078472 0.070312 0.126389
0 0.843359 0.235417 0.053906 0.129167
0 0.882422 0.572917 0.052344 0.104167
0 0.142187 0.195139 0.056250 0.131944
