0 0.210938 0.432639 0.073438 0.109722
0 0.354687 0.445833 0.060937 0.172222
0 0.300391 0.424306 0.058594 0.179167
0 0.139063 0.356250 0.045312 0.126389
0 0.131641 0.501389 0.064844 0.116667
0 0.301953 0.280556 0.091406 0.113889
0 0.248828 0.339583 0.074219 0.093056
0 0.433594 0.292361 0.089063 0.104167
0 0.253906 0.103472 0.065625 0.137500
0 0.137109 0.222917 0.046094 0.134722
0 0.410547 0.067361 0.094531 0.129167
0 0.852734 0.388194 0.042969 0.123611
0 0.764062 0.504167 0.093750 0.105556
0 0.911719 0.800694 0.043750 0.068056
0 0.874609 0.688194 0.050781 0.087500
0 0.655859 0.077083 0.080469 0.104167
0 0.601172 0.743750 0.083594 0.087500
0 0.817578 0.667361 0.077344 0.106944
0 0.184375 0.072917 0.039062 0.115278
