0 0.557795 0.45757 0.069078 0.141132
0 0.481389 0.582898 0.0722721 0.122073
0 0.674701 0.577911 0.0738563 0.15443
0 0.45044 0.454619 0.073229 0.13649
0 0.845158 0.483769 0.0457462 0.134511
0 0.52666 0.0890483 0.0776158 0.112641
0 0.555497 0.302034 0.087803 0.108044
0 0.866108 0.350213 0.0811279 0.105457
0 0.881518 0.576595 0.0415638 0.124061
0 0.601085 0.494106 0.0543682 0.111448
0 0.411192 0.306361 0.0882519 0.128513
0 0.624801 0.52698 0.10205 0.0864978
0 0.40759 0.592043 0.0902527 0.116689
0 0.784311 0.61359 0.067705 0.0915393
0 0.837021 0.728197 0.0539093 0.0927948
0 0.366001 0.119612 0.0678164 0.156408
0 0.695145 0.210734 0.05575 0.117624
0 0.610606 0.498487 0.0750673 0.121912
0 0.465461 0.339209 0.0706687 0.138634
