0 0.581635 0.253496 0.0564119 0.151656
0 0.409152 0.465677 0.0707659 0.117229
0 0.356373 0.27312 0.0645422 0.144968
0 0.661353 0.437146 0.0610867 0.141846
0 0.880428 0.277709 0.0429695 0.150376
0 0.493502 0.342994 0.0703667 0.12592
0 0.48196 0.632699 0.0823151 0.101314
0 0.322308 0.55725 0.0516751 0.152307
0 0.726605 0.700332 0.0638464 0.121352
0 0.43953 0.314086 0.0497959 0.17897
0 0.879312 0.745138 0.0442436 0.101745
0 0.376176 0.563906 0.060117 0.092567
0 0.221889 0.607028 0.0595208 0.0999195
0 0.856437 0.429542 0.0830151 0.110536
0 0.731863 0.134905 0.0602724 0.10347
0 0.625579 0.532586 0.0948509 0.102619
0 0.569956 0.478611 0.0419533 0.110543
0 0.650615 0.112763 0.0689304 0.105808
0 0.793064 0.583571 0.0831455 0.106863
0 0.39228 0.738229 0.0845618 0.114633
0 0.717015 0.498825 0.0683645 0.12089
0 0.236988 0.354465 0.0574521 0.09374
0 0.810162 0.326102 0.0618428 0.0933042
0 0.721009 0.478098 0.062041 0.120147
