0 0.532813 0.594444 0.073438 0.125000
0 0.377344 0.552778 0.057813 0.158333
0 0.330859 0.564583 0.049219 0.165278
0 0.803516 0.205556 0.063281 0.130556
0 0.532422 0.327083 0.082031 0.112500
0 0.612500 0.268056 0.095312 0.105556
0 0.846875 0.554861 0.070312 0.120833
0 0.345313 0.209028 0.082812 0.112500
0 0.173047 0.531944 0.064844 0.086111
0 0.670312 0.251389 0.054688 0.147222
0 0.510156 0.436806 0.089063 0.098611
0 0.360938 0.312500 0.057813 0.113889
0 0.869922 0.132639 0.060156 0.084722
0 0.659766 0.639583 0.055469 0.123611
0 0.392578 0.422917 0.060156 0.087500
0 0.224609 0.609028 0.053906 0.109722
0 0.836328 0.388194 0.049219 0.120833
0 0.845313 0.636111 0.053125 0.083333
0 0.832812 0.675694 0.075000 0.131944
0 0.830859 0.693750 0.074219 0.098611
0 0.439063 0.082639 0.084375 0.101389
0 0.883203 0.270139 0.044531 0.090278
